0010000001011011011010100011110010011000011101010110011101101100
0000000001001011000001001100011101010010110101000001010001111110
0010011110000011010011101110100010000101010111000100110001010011
0010110010010000100101001101111011100011110000111011100001110101
0010011100010001010111001100011011001100000111110010110010000000
0011000001100010001100011101100001010111001110011000000110000101
0010101111100011000101011000101100100011110001100010000010001010
0010001101011001010000000100010110011000010111000111110100011010
0010011100001100100001110101100010111000101111000101101010001001
0010001101111000110110010011010011010110001110110011100001110101
0010000011010011010010010100010111100010111111010001111100100000
0010100000110000110010101001100011101010011000100001100100110110
0010011100001101011001111110110110101001011011010010111010110001
0010011110100110100000011000000111100001101000100010010010101100
0010001111111111111000000100000111110010011101101100000011010100
0010011000000100100000011001001001101000110011100001000000010001
0010110000101110011101101110010110011110000110100011011010010010
0110000111111110010101011000100111100001010000000000010101010100
0010000111101110010111001001010011100110001011001001100011001111
0010010001010100010110000001001001000010011111110111100101110000
0010000000010100010110000100011001100010000011011100011110101011
0010010101011100000011111001000110101100010101011110001000000110
0010001100101100100011101001001010110110001110100001110011110110
0011111000101111001011110101000000001010001011010010100101101101
0001110010001010000011011000110011010110000011011100010110010101
0010100110001101000001101001011010110101100100000100000110111001
0010011001001010001111010100110010011110000110001110000010000100
0010111011111101100111111001110011000010100100000011000100111001
0010011100101001010010011100110010011001011110000001100011000011
0010011000101001010101100011011111000001001111001111100001000010
0011001001101000011100110001110110001110111111110011101011111011
0010000101101000001100010000110000000110000010100000000100100000
0010010110110110010000111010000011000001010100111001111110010110
0010011010101000101110110001100100101101001111010110111011101001
0011101100100010111000011101000110001010010101001001111101100010
0010011100000000100100111011100010101101100110111001001110010110
0010001001111011010101011000000111001001001110111110010111100110
0010001100011000010101110100000010010101110111000001001000000010
0010101101111110110110001000011111100011111011001110111000111101
0010011011000000000000101001000110000000011111111010010100001000
0010001001101001010100111000010011101110000011011111010111000101
0010010111100001000101001001110111111101111011000110110000011100
0010011100101010010101110011000010100110000001000011101010000110
0010011101000111010110011000000010011101101110010011011000101000
0010011111011100101100010011100011101101101011010111100010111101
0010001001010110000111100101010001100000110101011110100100110111
0010001100011100000001110000010010110100110011010111001101000011
0010000111100111110111011000101100011011101101110111110110001111
0011101101010011011001001010110110001101010100100001010010011100
0010101000101100111010110100001011111010001110110000110011110001
1010110111011011011010001111111111010011001001111100011010011110
0010010001111100111101101011110011110110111110110111101100101010
0010001010101110000100001100001011100011110111100100011000111110
0010001111111001000110100001010000001100001011000111110100000010
0010010000110110110100100110010010100100101111001111000100111110
0010010000011111011010101011110001101010001101100011010100001010
0010101110000000101011011001101101100010001001011010000000001000
0010010110100110100011010000101011011111010100000111111101110011
0010011000010110011101010001100000101101100011110011011011100101
0110010011111100000110010001001101111110110011001110001000100101
0010101000101011100110001001001110001000001100001010101000110110
0010111000010100101110100110100001101000000010100000010000011110
0010111010010001110100011001110011111010001100011000100010110000
0011001101111110111100101101100001100000000011111111100010010000
0010010000111000111100011111010011100100000010001000101010001100
0010100111111101010111000101010011000100001101001111001110010110
0010001010011111110100010001110001100000010011010011010110101100
0010010001011000100101010000100101101010100110001111101011010011
0010001101111111010011101000011110100101010111110110000111000100
0011000000011110011110101001011111100110101111110110110111001000
0010011110000010110111011010010001001101001011000001001001011010
0010001000110010001010010101110110100100000111000100000100001001
0010001111011000111000010010000100100101000010010011100011000100
0010000101101001001110111001010010011000110101101100011011110010
1000000101011110100000001000000011100110111110010110010100011011
0010001100100110011101011000000111101010000110110000010000010100
0110010110000110110011011011100111110011010001001001111011000111
0010000010000100011010001110100110111001101111001110000111010001
0010110011011000110010010000100010000110011101111001101111011000
0010111001001111001100011101011000110100010001110100111101100000
0010001001000010001101010101111101100010101111000001110001111100
0010001000111100110001001001010011100100110110011110111000111101
0010110000100010110111001010001011101010101000110111111011101010
0010111000000010111100101111011000000000000000100010001000011111
0010011100110010000010110100010011101000011111001000010011100000
0010001001011111001110101101010011100100010111010110101101000011
0010000111001111101000000111000110101010010101001011000000000011
0011001000011111010110010011100001100000010100001101100110000100
0011101000101111000001101010010011001000000001000001010000010001
0010011011000101100111100011001001101001001111110010010010010101
0010001000101011100001100010000011000101001001000101101100011011
0010011001101100000110010110001110010110000011111000010110011001
0010001101111000010110011000010011101101100011000010000100111010
0010010101111100101010011101101101110111001010100110011000001101
0010010001111110010100001000000010101101110010000010110011110100
0010111010010110110111111010010010100001000001000010011010101011
0010011100001000000010000101010010011000001101011100011011100011
0010000110110100100100010010110011110010100100100001000011101101
0010001000111010011100100000100110101000010110011111010100000010
1010000100011100100110101111010110001000010011101001010100101100
0010000101111100011010001000110111100101101001001011111010100100
0010101101010001111111110110111111000101100111110111110111101001
0010001111011000010011000011010001101101010100000100100000110010
0010100111010101110111001101011111100110011100001000100010110111
0010001001010111001111001100001001101100010010010010010000100000
0010001111111101010011101010100011010011100110101001110010001000
0010001000101110010101100110011100000101011111001100101001101100
0010100011011101000110000111011101001110011101001001111000011111
0100010100010010001011111100101111100111011111111011001111011011
0010001011000110011111110001010000100001011111010101101011100101
0110001000100010110101101110001110101101011110111011010000001001
0010111000110011001010111001010010100100011110110101000001111001
0010011000100110000101110111001101101000010011011111001001010010
0010000101111000001101010010110110100110000011001111111101010101
0010001001101111010111101011010110100101011111001110000101001100
0010011100110100110000010001100101100110101001100000001101000010
0011011010011100011010100111110001100000010001011101100000000111
0010101110010001010110000011011011011001010000111100011010100100
0010011100101001010110100110111100001011010111010100101011100010
0010000100001000101100000011100111110101101101111010100111110111
0010010101110100100101010100100100101100101111101001101110100011
0011000111111010000101001000110010111000000111010000101010110000
0010000000011011101000111111100011000100000001110101000001010111
0010011111110110010111111010100000100101000111100010110111110101
0010011001010110000110010011000011100110100011110010100000111101
0010001011100101110110100110010001100011111010011010000101110010
0010010110001110010110000011010101001000010011001101010010001100
0010010100000001011011111011001001011000000011100010000100100000
0011110010110001111011110010010111100001011010110000101111100001
0010001111010011010001111000101100000001001111010110001100000000
0010100010111000110101110001110011000010001001111001000110111000
0010101101110001010001100010011001001001000101110010010100010110
0010001100101000010001110100010010100110111000111110110100011011
0010100010011110110100001101010010101100010101100000101110010111
0010110110000101111011101010110001010100011001010010010000101001
0010101111100000011011011110011101011001010110110000111100100111
0110010111011101110101000111000001111110000011101000010011001111
0010001100100000010100101100010010101100100011011100010101110101
0010001001111011010101100111010111000000111110101101101000100010
0010101011000010000101011000011111101000100111101111101001110000
0010001011110100110110000000011001100100010011010010110010110100
0010010100110101011010100001010010101111000011000010010000110000
0010010100010111101100000010110001100000110111001011101000000100
0010001101111100101100101010100001100001110010011110110100001000
0010001101111101011011110110100110000000010101110111100010001101
0010011000001110110001110011100111010011001100101110010001110111
0010011000111010010111010111010010001101011110001001001000101001
0010001100001000011110010011110010100010000011100010101010110001
0010001100001100010110010000100110101100001011010100000000010100
0010011010101100110101110111110001100000011111001111000011001000
0010000111001101010010100111111000000010010101101101011100100000
0010001111110100100111011000110001100101110010010110110000001101
0010111101101110010011011000100111010101011010010011111001100010
0010001000011111011110001100000001101101010010010010010000100000
0010000100000100010010111000000111110101111111100000101100110010
0110011100101001110000011110011010100101001111001101001001100111
0010000111111101001100011111000100001100111011001101111100000010
0010100101111000010110000110110100100111000100101110010011001100
0011110000111011010101101000010111100110001000111101100010000111
0010011010110110010010010111001011101000010010010010110011110000
0011101100110001101101001011100110000111100111100111010111001001
0010100011111100110100000001010111100110001100001111100000001100
0010101001001011001100011100100110001100011010011110111010000110
0010111010000100100000101110100000000000100011011001011000000000
0010001101100110100000000000101011100001001001100001000010100010
0010111111010111100111011111110000101001100101110001001100110010
0010001000111000110100101100010110101100111011001100111110100011
0010010111000111000110111001010001111011010011100000100010101111
0010110011010111101111111010011101100100110001101011101101000011
0010101111110110010111001001000001101100110011100110110010111101
0010100100110101100010001111000110100101001000101010011010000110
0010011110010100111110001101001001111101110010010000110000110100
0010001100011000010110100000110010000111010011100110010101101001
0010000110100110100001100010000011000010011011011010001111011001
0011001110011011001100110110000101110101001001010011111000000000
0010000100100111010111001100000011101101101011001100100110110011
0000000011101001001111100001011011101011100010001101000110011101
0010011110000111000001011001100001000001000101110010010011100000
0010000011011101100101011101011011100100001001000001001010001100
0010100010110001110111101001011011000010001100001101101101001000
0100000101001111000110010101100101100100010110011110001100000101
0100011101110001010001001000001011001101000111011010010111111000
0010010001111100000110110010000010001000011010000111101100001000
0010010000100010000001010010100001001110011011110011001100010010
0010101001110111110100101010000010001110110011101010011100101011
0010001011101110010111000111010111000100011110000001111101110010
0010110100110100100011010110000100010010101011100110010101110001
0010101000101111001010110100110101100110010111100100000100011011
0010001101110000110000011000100011101010001101100110100100101000
0010100010001101110000000000000110000000111000101111000101011010
0010101101111000111110110100000010001000101010000000100011100001
0010011100101000011000110000110010011110101011010100010001101110
0010001001111001011110010010100101100100101101010111101001100110
0010001101111000001100110000100010100110000011000000010000111000
0011100001100011110001000101111110110111100001101100011000101111
0010110011101101000111100110110111010110001100110101000111000100
0010011100100001010010111100110010111100001010000110101001100110
0010100001011111110110001110010010100100011000101001100101000011
0010011101111110011100010100001001101100110110101011110111110010
0010001101111000011100110001110110100110000010111011001000000111
0010111110100110110001011011000001100001111011001101000110010010
0110001011110011011001101000000111000110001111011110000101000000
0010001101100110010110100110000010001000101110000111010000110100
0010000111110111111010011001011111000000001101000100001010010110
0010101000110010010101000000000011101000110110000000101010101101
0010011101000110001100010000001001011111111011010100010000111000
0010001101111100011110011000100011101101111010000011100001101100
0010001001111111101111110100111111101110110111000110001100001000
0010101110100110110111011011100100100111000101010001011011101010
0010011101100001000101111010010000000100000111100101110101000000
0010010111101011011111011011010010001100001000010101101010000110
0010000010001000010101000010011111011110001010110100111101100110
0010011010011000100100111111010101100101001111001010100000100011
0010001101010010011000111100000110111000110110110001110111100011
0010111001000010001001011001011101100100001101000111111101010110
0010001101110110010100101001110010110100110011000000001000100010
0010011000101100100000001100101010001000011011001010110010101011
0010100010110001110110010000000011101010001100001111100110111100
0001010011100001001111100011000101000110011101010011010011010100
0010000101001010111110011000010011101110110110100111100011111011
0010001000100010110101101010010010100111111010000010001001111000
0010001010000010010001101101000001100001010001110000011011000001
0011001001111011000101100111010111001000111110111100011000101010
0010101100110011100001001001000111000110100101100101001010100001
0010100101110101101111111010101001001000101010000100111011010000
0010110001000011001000101001010101110101001001000101111000000100
0010001100111110110101001001011010101101001111001111101001110000
0010011101011110010001101000000001110101110011101100110110010100
0010010101110001111100011010000110000010111110000101111001000010
0010001011111000111000010101011010100010010110110000011000111001
0010011101100111000101100110100000000001000101000011011010110111
0010111110101010110000110011111000011010000110100111101100110010
0010011101011110110111011001010010100100010101000100011101111010
0010000100011100100100100100110111100010010001011111101110011110
0011001001100101001001000011110101101111001110101001001000111010
0011010010001110100001010110101000100000000000100111011010011110
0010101110100111000011110110110010001000001111001010111110111100
0010011000011011000010011100100011110101010000110110100110101000
0010001100111100000100100100000111100000110011011010111100001100
0000101111110111010011010011101100010001000101111001101000111100
1010001100110110001100101000110010010110010000110100011010000100
0010111000010011001111010000101011100000000100100100111100000111
0010001111100010000000011101010000111010110110000000010001100011
0010001111111011100111011101101011000000001111100011111100010000
0010011100011011110000100010000110111011000011000011011000100100
0010000000110011100101000011001111000000000100100000000010000011
0010001111001101010111011001000010100100000000010111001110000100
0010001101111110010110001110110011100000110000000101110100001110
0010011100110000100011111011000000100011000001010101111010000110
0010011000100010110101100110001000100001110110001100101001111010
0010110010001011010011111010100111100010011100010011011111101100
0010101111111100010101101010110010101000110111000010001010111000
0010100010110001110111101001011011000010001100001101101101001000
0011000101001100100100100101011001101000001010111011100100111100
0010011110000010010011111011100000100001001001000111000110111010
0010001000010011010111100110001110001111011011110101100111110000
0010110001000011001001011010011101100100011001110010000100000010
0010001111001111010110110000110101101000010011000001011011111100
0011010010011000101100011111011011100101000011001001010100010000
0010001101000100010101001111111101111110010001100110010010001100
0010100001011101111010110001000110100001010100011111111101001110
0010011001101100100001011001000001101000110011101110111010111001
0010010100111000011100110001010010100110000110111011111001110000
0010001111111100111010011101101001100100000010110010010110010000
0010010011111011010011000101110011010100011100001111100010000110
0010001110100100100111001110000011100001101010100111110000010010
0010100010110001110111101001011011000010001100000000100111110001
0010011010001110110110111000010111111100001010010000010110001110
0010001110000111100011000000001111000011000101111100010001010100
0011000001001010011000010111110100011010111101010001101111100000
0010101110000100110100001110000101111001000000001110100110000010
0010010100011110111110010100110111100100010011010100111011001101
0010010111100001001001101001111101110011011111010010100100011000
0010000110101001110001011001110011010010001000001110100110010000
0010111011011110110110010100001011101100110110010010010010110100
0010011110011111111001111001110000001000110110101110110011111100
0010001100100110011010111000010011011101011110001010011001010100
0010010000111111010110000010110010101111000100101110001111100110
0001000110101100001011110110000101100010101101010011011010101000
0010100110011001101100011101011111100101000001001000101000101110
0010010000111010011110100111010101001011000010100111101000000010
0010011000000011101000001010010101101100011001100010001101000000
0010001111110110110011001000110001110111110011000110000010001111
0010011011011111000011011100110010110100110101100110100110001011
0011010010011000001100001110111001100101000010110010110000101000
0010001111011001100111011000111010001110001110000000010010100010
0010000110101010011000011111011111111011000010000011001100101100
0010100110010110010111100010001011000100000000101000000011111110
0000010111000101100000000011001110100100011111010010000100100000
0010001101001010110000110011111110011010111001011001101110100000
0100000110001001101110101000000101011100110011111101010000111011
0010100011001001111010011111100100001010011100010001110010100100
0010000001010101010111100010010010100000110110011111000101100110
0010001001000010111100010001101100101010110010000111111011100100
0010011100101001010110010100110010011111001111011010010000010110
0010000101111100110110010000010101000100110100001110100010001100
0010011000001011010101010001010111101110110111100101010001000000
0010011001111010011100010000110011101110110111101110001111001101
0010010001001011000111000000011101100111110101100111000101110000
0010010011000110000101001000000101100101100011100010100011100011
0010100010010000101000010000000111111011011111110010111010010100
0010010100010111111001011010000000010111000010010101101111100110
0010010011100001000011100011100000101111000111101010011011111110
0011101000110001010111101010111110000111000110100111100100011010
0010011000001111010011010011101101001011000010000110111011011110
0010111000111110111010001001000011101001010011000111001011111100
0010010010111100110100011111011011100100010011001011011111101010
0010011001011111010111001000010111101100010001000010001101101000
0010001101100110011101110001011011111000001001000011000111010100
0010011011001100100110000000101100001010000010111111101010100101
0010010101111000100100010001110101100110100011000011100100101001
0010011001101011000111011000001110001110110000000001100000110011
0010000101101110000101001100111101010010110000000001010000111110
0010110100101111000110011000010111001111110011101100100001010111
0010000101111001101100011010001011000100100011001101101100000010
0010001011000010010110110101011101001100000110100000110000110100
0010110000111010011000111000010011101000011100001010100001100000
0000111001011100101100100100101111010110110110011001011101001110
0010001010001011100111001010100000100000001111100010111100110111
00
0000000000110111010011010010100010010010110111000101111111101010
0010010001111110010111010100110111101100100011010011100111101100
0010001000011000010110001000010011101101010011110110010001101001
0010010001000011101110010000100101101110100110100111101011100011
0010100100111111100111011001010110100110010100001000001011100101
0010111000000110001110101001001011100011010010111100000100011000
0010101100010001100100000110001010101100001111100101000110100100
0010111101110111101101111000001010101000000010111110111010000000
0110001000100010110101101110001011100100111110001000101101111010
0010000000110001011111111000010000101000101110000110110000010100
0010100110110001101110101001101100001011110101110111111001111000
0011011110101000000001010001100001100000000011100000010010000110
0010010001011101100100010011100111111110101111001111101000011101
0010100101111000010101010000110110101111101111001111101110110001
0010101111011100001100000110010101001010111101011101111000011010
0010100011011101000110100110011001000100110000010100110000000101
0010100010010110100101010001011110010011010111111101101101100110
0010000111000101000100001011000001000100000011011111110110000100
0010010100111011111011111111010101001000001000001010011010101011
0010001111110100100111001000111001110111101010011010000100100000
0010110111001101101010110110000001100001011001011011111011101000
0010111000100101010001100110010010000101100010001001111010100001
0010000000000010011101010110110010010100001100100011001011000100
0010100101111101100100000001100111000100101111011100100000001110
0010101000010000110111101001011011000000001100001111101100111110
0010000100111100011101111010000100101011111100000011111011011000
0011010001011000011101101011011011001001110010100010000000110010
0010100100111011100011101011011111000000011101000101001011000101
1011100111001111000100000010000110110010001100001011010010000011
0010000001011010110100100000110111100110010000000010100010101100
0011000000011101001110100110100101100000010001011101111100001011
0010000100010110110101110010010001000010000000000110010010111001
0010001110110011110101011010000111100111110010101000110101110100
0010001101111100010111011001000011100101010011000110010010000100
0010010001111000100100100111000010001100101010001011001010100000
0010101110010011000001011010011101000100100101100100001001000010
0010010000000011000010110010000011111010010011101100011011110010
0010000101111101011100011000110110110101100010010000100111010100
0011001001101100010101001010011110101000100101010111100001101100
0010010011011110010000011100001100100011000001101010010111000110
0010011001101011011110001000010010001101011011100000110001110110
0010000100111110111110010001101000001000110011100100000001111000
0010010101000101101011111011101111010111110101101100101110101011
0010011100111111010111110111011010100110010011100110010010100110
0010000000011011001010010111100001100000010111011101111111010001
0010101100100000010010110010100101000000001010110100100000111001
0011011010101001000100001101000100000101010010011110110100001000
00
0010001001111110010110111101110010100110011101001100100001001000
0110001001101010010111101000010011101101111011000100001111111110
0010100001001100000111100000111100100111001100011010000001001111
0010011001010111111110010101010000001100111011000010000001111110
0010001101001101000010000001010110110110000010100110001011111000
0010010010111000001001100110011001000011010101000111000011001100
0010001101111100010100111010110010000111101010000010111101100000
0010000111011111000100010001010100100010001001011101100000001111
0010000001110111100000011000110010010010100111000101001000100010
0010011001110110110101011001100011001011111111001101001111101010
0010011111000100111101010011100111101100110011111010000101000000
0010011100111011010111011100010011111101010011001110000011011100
0010000001001111010111011001010111110110010001010101001101000101
0010000000101111111011011001110001000100010010001111010011011000
0010010000011010101000001100011001110111101101101111111110010100
0111000001101000000000111010111111100100001010111110000100111100
0010010010000011111001011010011000100100001011100010010110100111
0011011001011111111110101100110011001011110110000111011111011011
0010001101111110010111001000010011101101110011000010000011111100
0110001111000111000011110000101010001000100110110010001011110111
0010110010010000100110100100101001101110010011000110110000100011
0010101011011100101101111111010110100100111111011111100100010010
0010011100010100110101011101010010110110000111011110000100100100
0010001101101010100101011001011110010011010111100010110110111110
0010000101111001011100111000110010100100000010000110001010001100
0010111010111100001000110100110100101010010001110110001110101000
0011000010001100101100010101011010000001100010100010111011011000
0010001111111100100110011000100001100100101010001110110000000111
0010011010110100111110110101001000111001011100111110111101010011
0000010011000101111011010011001101110101000000011011011011100101
0010011001011111000111010101010010001000011101011101001010000100
0010000101110000011100010000100110101110001011111010010000101011
0010111011011100110000110000101000101101011000000010100001000100
0010100111100001010111010110010111001000111001111101011000000100
0010001101111001001100111010110010100100010001100001111100000011
0010001100110111100110101110111011100101101011011100110000100010
0010010100100110011001011000111101010111111010101000100100010100
0010100000101011000101011010000100101010100011101101011001000010
0011001111100011011111010001111001100101000001101110110001110001
0010000101110110010100101001010111100100000010011100000110011100
0010000000111000010100100001110011100010000000011111000110010000
0010111001011101111100101100100010100011001000000011110110011010
0010100011110101110110001101010010100000001100001011000110000110
0010100010110001110111101001011011000010001100000000110111101001
1010010110001111000011001000100010000011011101011011000111010110
0010001110111000000011010110010001101001010100001111010010101000
0010001001101010010111101101010111101111010010010001010100110010
00
0010110101101010010101111000100100101111111100101011110111010011
0010100001000011000000001011001010010001001111010000010111101000
0010011001011000111100010101111011101110100110111111111110101001
0110001001111001110111000000100011100100000011011110100101111100
0010101001111010011000110000110010111110001011111010101000011011
0010101000110001010001110010101001000010001111111000000110110111
0010101110101010010111101010110010101101011110010100011011110000
0010010101000011011000001010010100000111011010110000000001010110
0011000011000101111000001010111110101000111111010001101111100000
0010001111001100010000011010110100100101000000010011101000000100
0010100000011011011011100010010010101111010101101101011110110100
0010011001100101110100101000001010101101111010000101110111010010
0010101011111001110001001111000010100101000110010010100110101001
0010010001000011101110010000100101101110100110100111101011100011
0010001001101011110101101001011011010110111001011101101101111110
0010111011011011110110100010110111100111000100000010110010101000
0010101110101000110000110111011100011010000010100011101100100110
0010011000011111110010000100000111000010010110011100111100000011
0010000100101111110111101011010010101101011110001100001111100100
0011000000001110011101100110011010000011001000100001000110010000
0110001101111111011100111000110111101111110010000110000100111000
0010011000010100110100010001000001101001001110101111101010101000
0010011001101010011100111011110000001001011110010011010101111010
0110101011011001000001110100111010001001110001000100100010111110
0010100010011001011000011111000011000000010111111111010001001010
0011001101000010111110001001111001011110110011000100001010110111
0010011011010111111011010111100001100000000010100011100010110010
0010010000111010100101011010001011100101101111001100101001100000
0011000111100100101010010110001000111110100110110000000000000000
0010010000111011111111010000000011101000010010000000100011110010
0010000010110000010110000110000111011110000011000000100101011100
0010100110011000010001000001101110010001010101000010101001101010
0010101111110001010111100011010010010010001100000110000110111001
0010110100110111100000101110011010101111011111010100100100110100
0010101010000001111010011011110001001001010001110011101001111110
0010001101111111010110101100010011101101110011001101000000010011
0010010000100100100100011101000111110100001010001011100000100001
0010001001010011111101110110100010100101010010101100111101000010
0010001101011000111100010001010010101110000111011011100110111000
0010011001010100011000010101011001100010000111110010101000110110
0010011010100010110101001010000011100100111010000110110001101011
0010110100101111110111000101101101010100010110110100101111101110
0110001101111000010001011000110011100111101001001110100110110100
0010000101111111101110110101111101101010001110111011100001101100
0010111011111000111010000101110100000100100111010110000001001001
0010001100100110010001100010110110001000010011100010000110110010
0010011000100110001101100110110001101001010011001100010101011011
0010001010010110001110000010110001100001010011110101111000001011
0011111011011100101110110110010001010100110100000001001100000110
0011111011011111101101101100110000010100110101100111111000110010
0010001101111000000100011001100010100110100111110111100100111001
0010101101100100111000100000111111100110000011010110101110000010
0110100010000110100110101010011001010011011010111011101111111100
0011111100001010001011011100110010001000001101110100010100011011
0010001100101000000100101100000000000101000011110001001011000100
0011000100100110000001100111100001000011111111001110111000000000
0010011011110110010001000100001010100110110000111110110000000010
0011010010011000101100011111011011100101000011001001010100010000
0000010001111111101110101011000011101101101010011000100001101001
0010100010010111000111100100010011100000010001011111101001000111
0010110100111011011100101010011100111111001111010100100000010000
0010011010101011110011111011011010101001011111010100011011100100
0011011101100110001110111110001001110100101110001001011011111101
0010100101001101011011000011010100001100011101010110000011100000
0010011100011011000111100101000000110011010010100111110010110110
0010110010000010100111101100001011000100110000010001100011011110
0010101101110101110110000010101000110111000001101011000010000010
0011110000010011011011000010100010101111000000101111001010100110
0010010100111000111010011101010010000101010001111010000101101000
0011100000000100000110000010110011110010110000000101010001110111
0010010011011011011011000111110011111111110100110010000111101100
0010000000110011010001101111110001100110011000010110101000001111
0010001101111110010111001000010011101101110011000010000011111100
0010100010110001110111101001011011000010001100001101101100001101
0010011000111000110100110001001101110010101100100010100100010000
0010001001101011010111011001010111101110000010001111100100100110
0110000000111000110110101100000010100101001010011011101010101110
0010110100000100101111100110000111111110100001110110110000100011
0010010101011111011000101001100111100111001110000001101101110000
0010001011000111100111110001000010001001001011000011010000011111
0010001010100111110001111010100000010000100001100010001110101110
0000110000111100101110110011100111111100101111000111101000100001
0010110110110101110111111101010011000000001101000001001000011011
0010001111000011000110000111110010010110001001010110010000110100
0010001100111110110110111110110011100001110011001111101011111000
0010101000100100110000110101100111110011101110100001100101111101
0010101010011000111010000001010001000101010110110001100000101110
0010001101100100000000101000100010011100010101110111110100101111
0010000111011100011111000110010101101010011011000110100000100110
0010000101100111000010001000010011011111110011000110000011111110
0100101001011111000111111000110010100100110101010111101000010001
0010011000101110001001011010000010100100000011000100101111010101
0010010000101001111011101011010010011101001111011101000111011100
0010001000011110010111010000010101100000010011001110001011011100
0010101010010000110100010111001010100100000110000000001000000100
0010101010000000100101101011101001011010001100011000000110000000
0010110110010101111000011011100010110000110011100111100001110001
0010010001010010010111001111000111100110001100111110101101000000
0010011100000111001100110001100110101110011010010001001010001100
0011011100000001100101111111100001100011001101110010101000000010
0010010100111101110111011000000001100100100010011110011000001011
0010111110001011101001011101001011100101000001001001011101000110
0010100011110000110111101001010001000001011100001111010011011100
0001101101001101111001001011011111110100000001110111100000011111
0010101000101111010000001101010011100000010001000001111000101101
0010001101111011101111111001100001011111100011011000010000001111
0010001001110111010110100111100000100100010100110100111100000000
0010011100110110010111001000000011101101110011000010000011111100
0010000101011100110100011001100000101100100010001101110000000110
0010011000010011100100010110000010101000001101001000100110110100
0010110011101001001001101101000001110101011001110111101110000010
0010101101101111010011110010110001101101010111000010001010011111
0010000110100001001011100011001101110101111111100111100010001100
0101110111100100111011011010100110100001000011110010101010000011
0010011000011110010001001000010110100100010011010010001101100100
0000111001001011100000011010110001011101011010010010000010010100
0010010011001111011111000001000111011111110100001010110011111001
0010110010000100000000001101111011010100010101000100011100100111
0010010101001100011100010001101101101010000011100000110001110010
0010001101011111010001001000110010100001100011001110111100000001
0111001000110000111101100100101011000100111010101110100101001000
0010100011010001110111101000011101000010101100101101000001000010
0010001101100110110100111100111011100100100010001110110100101011
0010001011111010000111100100000011100100010110010111110011111100
0010000100001110010111011000110011100100010011000100100110001100
0010111110000010010010001010111011100011000001000101000000100100
0010010000011100101110010000100011111101101010011110001110100001
0010010111111100111110010101100001110111101010001000110011001100
0010010111101110000111011100100000111101101011111111110111010011
0010010000010101111001011111100010111100001011111100100010000011
0010001000100010000001011010100010100100100010000000101010110001
0010110010100010011110101001011011001000011110000111010011111100
0010011100000111111010111011010000101101001001010010000001010100
0010011010110010110110101110010011100101110100000001001101011010
0010111011011110110110111001010001110100100010000001011001011111
0010011101100010010101110100101010001101011110101110111000110011
0010100100110010010111001010110010101000000100000011001010111100
0010001101111100110010001101010010100101101000011110101011110110
0000101011001101011011110000101011000100001111111000010100111100
0010000001010001101000011110100011100110110100000000110010110101
0010001101110110010111001001110001111100011010000110110001100100
0010001111110110010111101000010010110101011111001101001011111101
0010001110010111100011011011110000000001000001100010010000000010
0000001001101100110110111010000010100000010110000001001101100000
0010111010010101111010010100001000101100110110111000100011100000
0010001101011111010111001001010011101100010001000101001001001100
0010101101101110100110001101001001100001000011111110110011111000
0010011110100101011010010010100111111001001001010000101000010110
0010010000010110010100111101011110000010000000101101000011001000
0010101000011100111010100110010001000000111010100101001010000110
0010100111001100001000010001100010100011000101000101111010101110
0010001111111101000100101010110110010010101100111101011110010101
0011001000000010111000110000110101011010100000100010101110010111
0010111011010010101111101100011011100100110100110011101001111011
0010101000101011001100100011111110100111011111010000010010100000
0010101011110011110110110110001100000101110101110010111100110110
0010001001111111001110101011010001100001010011011100110000000000
0010011001111000110110100001110111000010111110011000111100100000
0010100111110011000101101000100111100110101100110101011010000101
0010000000010111010110010010100111100000010001001000110110100101
0010000101111000110100010001110111100100100010010011100110101100
0010101001110000111100100010111010000111010111110110010100101010
0010101101100010110101100010001011000000111010100100110010100001
0000110010001101000000000100111000100011001111010100110010110111
0011010000001100010100110111100111101010001100110111011000001110
0010000101111111111100011101110110101100000110010010111110111100
0010011001111100100101010101100110101111011111010011100000111010
0010000111100010010110111101100000101100111111100000010110101101
0010010010100111011101110110110000100000001000100010111001011110
0010111100100011110101101011010111110111001100110101001001010101
0100001011001101000011010001011010010010001000010101001111001101
0010001101111001010111101010010100001100010101100111011101000000
0010011010010100110011010001101001110010010010111111110010011001
0010001111011111111100010001000000100101011000010011101000000011
0010011110001101010010001101110110110100000000010001000010100100
0011011011111100101110110101000001110011101110101000110011001000
0010011100101111110010011001100011100001000001001010010010001101
0010111101111000111011010111101110010101001011011111101101111100
0010011001110100001101010100000010111100000100010010110000010001
0010010000000110111011011101100001111001101001100011100011100111
0010001110101110000001000111110010011010001111001110101100101001
0110001000100110010101101010001010100100111010000100101101111100
0010001001110000110101000110001011011000001101110100010100010100
0010100010101011110000101101011010100011011000111101001111110111
0010100010110001110111101001011011000010001100001111000110011100
0010100000111111111111101011011011100010011101011100000011011100
0010000110111110100110011100010010101100010111101011000010010100
0010000011100110110100010010101110100111111111001111101100111000
0010101100111001010111101010110001001111001111011110000000111100
0010001001110010111110100110001011010100111110010000100001100000
0010001101111100011100001001100011101110100011101011000110111000
0010011100111011010100010100001011111100010010101101101101101101
0010000101111101111111110010100011001000110010011100111010000010
0010100011111001100111101011010011000100001100000100000100011100
0010100010100110101001111001010100001000011000001111001010000101
0010001101110100010100001011101110011000100010101010000011101010
0010001101111111110111100110010111001000111010111000010011101000
0010001101001100010011011010110111100101000001101011101100110001
0010001000001111100110101011010010100110010001011110000100001100
0010101010011001000110011001010111010000010000000101111100001011
0010001111011001011110110010010111100100001000000010110011110010
0010100101101111101010000101011101101100011101000101001001000110
0010011001110100110000011001001111100100000110100010111010000100
0010011010110100110111110101010001100000010111101011010110111111
0010111100100011110011101010011010100001010111100011001111101000
0010101100110110110001011010001011101000000000100000010010110001
0010010001000001101110010000000101101000110110110001110010110110
0010001000010011011100101110100011100000001111100101110100010100
0010001101111101011111101010000010101101111110001111101101100010
0010001010000011010000011100000100010111010111010000011011110011
0010100010010111100100001101001001100100000000001000101000000000
0010001100101100110010000110100011010011001100110000000001110100
0010001101110101010101101010101010000111100111001001010111000000
0010101101110001010110101000110100000110000111000111100110001000
0011111010000011011010101111011111111010000101100100000101011111
0010111010001100111010100001011110000010011110000011001011011100
0000101010010000101000011000110001111110011010011000001010110100
0010001101111001110110010001000011101110010111000111001111101001
0010101100110010100101011110001011100100101100001100101101011010
0010011000111001000100011001100011100110000010010111100110101000
0010101001111000101110110101010001101000110110110011111101111101
0010111100100111110111101000011110101000000111110000001001100111
0010110111100001010101101111100001101000001011100100010000111101
0010000111001110010100011000011101000101011010011010110011010100
0010111100010010100111010001100100010000111101100011000100110010
0010100000011111100100000110010110100100010100000001001101000011
0010000100110010011010011001010000011100010101101100000001011010
0010101100101011010101100000010011001110111010000100000010000001
0010000100111101001111100010010100111111010001011110001011000100
0010100110110101011101111000000010000010111100000101101100011010
0011001111010101001110010111110010011000111110010010011010000101
0010100110110101011101111000000010000010111100000101101100011010
0010011100100110000111001010110000101001010011000101001011010100
0010011100111001010011100111100000100110011011111110110100111101
0010000101110010011011000010010101011011110011101101000001110000
0010010000111010100101011110001011100101100110001111101101101010
0010011110101110111010011001100001101001000111100011000010010110
0010001110110000010111101001011011100000010010001011000011011100
0010011001011111110110010000110110101110000011100110001101100001
0010001111000111100101101010100011100001000001001011101010000010
0010011100110111010101110111110110000000010110000101110010101010
0010001111010010010001011000001010100011000101111010010101010100
0010001101011000111100010001100111100110100011011111101110100101
0010001101011000111100010001100111100110100011011111101110100101
0010011111001111111011011010000011101000100001110010111011111111
0010101110111010000000010000010011100111110001111101000111111100
0010001101011000111100010001100111100110100011011111101110100101
0010101000100111111111001001010110110111011010011100000110101100
0010011000000010110010011110011010100101001101100000011100101101
0010010111000111010101111000011001100101101110001010000111111000
0010011000111100010100111110010110101010010011000110100101101000
0010000000110011010110100111010011001011001100100100101100101110
0010100001110100100100010000100010101010101111100001101110101011
0010101000100011010111101110010010000101110100000111110101010101
0010011110110000010100101110110000001100011111011110100101000001
0010010111100110000101111100100000111101111110101000010111100011
0010010101000011100101011111111101100000000101100011001111101110
0010111000000111010111001010000100101100010111100011101101110011
0010011000011110111010001000010001101100010101100010000101111100
0100001000101001010111011001011010010110001101011101011001011100
0010000000000111000001111111000110100101011111010100001100100011
0010101101111001010111001010010011000111000111000010000111111100
0011000110010110011101111011010000000000001100101010000000110111
0110110010001011110000101011000011000010010001010001101111111100
0010010000101110000011111001110110100100011010001111100100101011
0010011010001100001101110001110101100010000001111111001100110111
0010100010110110110111110010110001001101000001111110101100010010
0010110100100101111000101000001011001000110010100100111011100101
0010011001111010110010110111010111100011011000110100111000101111
0010010010011001110101100000101001000010101010101111011100000010
0010000111001101000111101011010011100101100000000110000010111100
0010011001111000001100010001110111100110001111000111101100110001
0011001100011111000011100110110000101000010101001111010110101001
0010011101101111000101010100000110111010100011110111011100100101
0010110010010101111100011010011110101100010011000011101100100000
0010011000000111110111110111010110100011000010100001100000001010
0010000000010011110111101000000011101110101110001111100110111100
0010001100111111100101101001110010110110010010010101001101000101
0010000000100110001001100110101000001110101111101000011101001010
0010011001011100100110010000001100101100011101100011101101100000
0010001100100111110011101011011010100001001110000100001011101100
0010011110010011100001001001000111111000000001110000000111010111
0010001110101011000110110000000010100101010010000011110000000100
0010000010111011110011111100011011100111001101001001101101001111
0010001101011111111010111010110111001000010011100000001000110100
0010011101111001010110110001010011011110001011011111010100010001
0010011101111001010110110001010011011110001011011111010100010001
0010000000011110010010100100011010000010011111111100101001100100
0010011001111100011110010000110011101110010111101111100011111101
0010111011011010111100010101111111101110110111110010001101100000
0010000110111010110110000110000011100111010001001011000010111100
0010001101011111010010000011010110100110011011101010001001111101
0010010100111001010100110011010010110110000011101000100100100000
0011001011010010010110010011001001110111000010101010000001110101
0010011000011110110111001000010010101100010001000010001101101000
0010000100110001010111101001010011101011000011001111010010110010
0010000001110011010111100000010111101111101011000010100101111000
0010010010001111111100010001001100101010110110010111111111110001
0000010111010110010111010001000001100101110011000000010011100111
0010110000111111111111101011111111101010011111010100001011000000
0010011110110110011111010101100000101001010101100011000010000100
0010011111010100011110010001001001100110010011111000010011111111
0010001100110010110101001110010011100101100000101011000111001110
0010001001111111000100000100110111101100010011001101011000011010
0010001001111010110101111101011011100101110011001101101111111110
0010010110110101110011011001100011100001001000001011010010000100
0010010100100011100000011111110000001000001110010011100000000010
0010100000110111110110001000010010011110010010100110000001111010
0010011001111100111110010001000011101100010111110010100000110100
0100011000101101100100111000000110100001111010001110000100110101
0010000000111011110111101100010111100100010010011001100101011101
0010011000011110110110001000010011101100010011100010011011101000
0010011010011110010010011100010110101000010001100010001101100100
0010011010001011011111001111000001101001110011010010110000010000
1110110010000110100001101110001011100010011010111100101111111100
0010111101011001100111110011011111100100000010001110001110101010
0010000110011101100010010000111101110010010011101010101010000101
0010100000110001111111101001011111000010001100001111001010100100
0010011000011011000110000011010110100100001001100110011001110010
0010000100100011101111101001100001010111010010001100001001110000
0010111010001011110101101010000110010000011001000011100110010100
0010001011110001101001000101110001100010001010100011000100100010
0011100101100111101110110000100000001010100010111100011000110010
0010101101111010011110111100100000100100010100100011010010011000
0011000000010110010001000010110000111101010000101110000111000110
0010000100110000100001101110000100010010111111000110100101010111
0010001100101011011011111011110010110101011111010101101010100100
0010001001000010110101101100011110100100110100001100100101100100
0010001111110100000111001000110001111101100011110010010010001101
0010001000101110111101100000011100001000010000001100001010001001
0110001000100010110101101110001010100101111110001100101101111010
0011001000011111101110100110110001111000010001011110110001000010
0011100110110101110111101010001011001000011100001011000110110000
0010001100111100110110111010110011101000100010001011000100000011
0010100100111011100001001111011011100101010010000000101001100100
0110001001001011011000111110100010010000011101100101001101001001
0010011110100010000011111110000000100001010011100011010011011000
0010001111101110011100001010000111101001000001011011000000000100
0010011000001000010111110110010000101001010011010011011010000010
0010100110111000100001101111000101111111011101000010010100111111
0010011000010111100010011011000100101100000001100010011001111101
0010010010000111100111010010001110100000111110110110101100100011
0010000101001010010001100010001001010100101110000011010000101000
0011000101111101111111111000010011010100011011010000001111001101
0010001101111100011100111010100010101001111110000011110101010110
00
0010000010111100100001110000101000100010101111001010111110100110
0010011100111000010110011000110010111101001011001110011011001010
0010001101111110010111001000010011101101110011001110110010011000
0011011000011000010010010010000011101001000101100110001001111001
0010001000001001000100100001110100001110011111011001010101110101
0010001110010100001000111110011100110010111000001111001010101011
0010001111110100110000001110100111101111110110111110000110011101
0010011001111000000111110001110010000100011111101000000000011001
0010011001011111111111111100000000001001110110010101011001110010
0010011000001111000111111000000011101010011011111001001111011100
0010000000000000110101010110100011000000011010001111100111111010
0010010010000000100000001110001011100101000010101100100110101110
0010011100000111110011001010010010101101000001100010001111111110
0010001110111110110110001010000111101001001011000100001010101100
0011011100111111100110001000010010101001111011000000010111011101
0011011001011111101110110100110011101000110101011101111100100011
1010100110011100100100000110000110101011111101111111001000011110
0010100110001111010111001001011111011110011101010101101001001101
0010111001000011110111101010011110000101101100101100000101010000
0010001010011111000111001001010011100101010011000010111010110101
0010011110110010100001011011001011100100100011000010100000101011
0010010001111011111111001000010100101010110111000101100010010000
0010001110110000110000011111010110011000011100100111000010111110
0010011001000010001100010001110101100110000111100111101011110011
0010111000000011001011001111000000100100000101000010010000000011
0010101101111011011000111000110010101011010110100100101000000010
0010011011111000010100010001100010100110000111110111100110111001
0010011100001011011100010011001101101110000011100110011100101000
0010100111110001011000101011011001000010001100000011000000011101
0010101101111111010011011011000011101111011111000100000011000100
0010011011000011011110001010100001101010010110010101110001111100
0010001111110101100100001010100010110000101010000111111000000011
0110000001101001100101111001011011010010001001011110010110010100
0010011001011111001110001010011101101100010001000011011101001000
0010000000111011111111101010011010101101001110011100000111111100
0010001000100111010111101001011011100101011111000110000001111100
0010110010100001111111101011011011000000001101100011000110000010
0010111000010111010010001101011100001111011110010010101111110101
0010100010011100111110010110000111111001011110111001000000111100
0010011101111011010111010001111101101101110001010011111001010100
0010001000011010110111001001011011100110010001000011001110111100
0010001001100000000010110100001010000110001011010101100010010110
0010100010010001100111100001010001000110001100001111000100011110
0110000001111010000010001101011011001000010111000111000111111100
0010100010000100011001000000101001101010100101000001100010101010
0010100010100001110111101011010011010001001100010110000000101100
0010001101111101011110111000110011100001010011001110000010000010
0010010100000101110011001011100110100011001001010000101001000100
0010110110010101111110100000111101100000110010000000101010100111
0010000000010001110100100000001001000110001010000010000010000010
0010011100010100000100110110110010001010000000100001100010010110
0010001101110100100100010010100010110110000010010011010010000001
0010001110010001100101111010011011100101000011001010000110000000
0000100000111001011010101111010010000010001100011000110000010011
0010011010001011000111101010011011000100010000010101000001000110
0010101100111011000111111000010010110100000111010010101011100011
0010111000101001100111110100100111011001011101011011101010101000
0010011010011100111011000100001000111001010110111111110000100110
0010100111110100111010010101101000101011000100110011110000111110
0010011011011100101110000111010001100001000010001001010000001010
0010001000110010100101011110001011100101100010001000101101101010
0101000000000111100010110011001001010111000101110010000111111001
0111000100011111000001111000010111000110111111010111001000001011
0010110110000011101011111001011000100000001101110110011011000100
0010001000101100111110100101110101111001011101100010100100000010
0010011100100011110111111011011010100101000011100101001100100100
0001100100000011111010100100100110101101111110101111001011000011
0000001111111101010110100001010101100110001011001010010110100100
0010100010101001010101111101011110000010001100001110000110111100
0010011100011111110111000010111000101110000111100111001101110001
0010100010001111010111100011011111000110011101001100001001000010
0011000101100110001001010010001001010110101110101101110111011101
0010011000010111101010011110110001100001010001111110001010111000
0010011111101010111101110101110110001010110011110010101011110011
0010101110101010011001110000110101100010010101101110110101100100
0010001100111000110111010010010000000001010011100010001011111111
0010100111111000110101111101001111100111001011001010100010000000
0010011001111100100100110001110010100110100011110101010000110011
0010100010110011100101101001010011011010000110000000001010010000
0010111000000001111000001001010110110100010010000100001100100100
0010001100110011110101101010011011100001010100100100000101110001
0010011100001011010110001011001000000010000111100011000000011000
0011010111010111010111010011001101110111111111001000010001100111
0010100101100110010111100000011011011100011111000100110111101110
0010011001101011001101010111100010101111111111010011101111101101
0010010110000100100100011110100000100000100011001111101110101000
0010111000101101111011011101000110100000011110110011111110100101
0010000011100011110111100110010111000100111010011101100010101110
0011101000111001011111001010110111011001111011110010000101101100
0011111110100110100000110101100001010111111110001010000111110011
0011001000111011110100101011110010001001011011000010000000101101
0010010010100011000000001000001011000001001100110100111101100000
0010010010000000100100001110001011100101000010001100100100101110
0010001101100110010111101010111011100101110011001101111111110010
0010010001001010111100110101011101001010100100100010100010010010
0010011000011111001100010011100110100110000000000111001100110100
0010011001100010100001011101011001100011000101100100101100011010
0010111101000110000101001000010101100100101011000110010001001111
0010111001011110011111011100010001100100110111100110111000110110
0010001000001111010111010011110000100100010011000111001100010010
0100111001011111100111111100010100110100010111010110011000000011
0010000000110101000110100010000011101010001011101101101101010100
0010010000001011011110010010101101101110100011100111101011000010
0010011110000111000011011010100000100011000001100010011011010101
0010001111111011110100010010100110100110000101000011000010111010
0010000101101011111100111011010110100111001111110110000001110100
0010000101111101111100111001000011011000111100011110111110011111
0010000101111100110111010000000011101100100010011010000010101100
0010010010100111101011001110111000110101001001100011000001000010
0011000000100010111100001111011011100100101011001000011001110000
0010010001000010001010010001011101101100000110000111101101010111
0010100110110001110111101000001011000100000000100000000011110001
0010001101111100110111000010100010100101111010111111000000010111
0010101011011100111110010101011011101010010010011000110010110100
0010001101110010000100000000010111001010110010100000110001111100
0010000111010101110000011010100010100000000001000000010110010100
0010010000011011010111010010110100100000001111100000101100110010
0010011100100011010000001001010010111001000011100110000011111010
0010011100011111111010001010010001101100010001100010000101000000
0010011000010101000101110111100000100000000001111000111110100011
0010101000111110010100001010010111101100010001100011000101111100
0010001000111110011101100000110011101111110011100010010011111010
0010100111111001111110110001011011101010001111000011110001101000
0010101100110011100001011010001011100100100000100000001011000001
0010011000111111100100011110010110101010100010000011110110000000
0010011001111100011100010101100011100110000010110111101010111001
0101111011011111101111011100110011011101110100110001011100100011
0010101111111000011100110101010011000100001111100010001101101001
0010010011111110000101001101010111101100111011000011111000100100
0010000001011010000011011111100010100100010000110101000111111010
0010110011010111100111000000011011011100110010000001100011000111
0010011001000000011011011001010000110000001100000111110111101110
0010111101110000010011010111111001000111010011110100010001000100
0010111011110100111010011101001011111100000010111011111110010101
0010011000001010110110010010000101101010111011100111100100010000
0110011101111110110111111110111111110001111010111010111000110101
0000011001001011010101011101011000110100010100100101100101000110
0010111000010011100001011010011111100100000001100010001101000000
0010101100100110000001001000100010000001000011100100010000101011
0010010000001101011001011111010100110100111100111111000111001101
0010111010000000101111100111111111000100010110011111111001011100
0010001101000101000101001110000010011100111101101011101110001011
0010111011011110111100010101111101110110100110101000010011000001
0100010111111011011100101011000100111110010001010101110010110100
0110000000110010111111111111001110100101100110001100101000110010
0010011011111110100111000100000011111001010001001010111111110011
0011100110101111000110010110100100011100000000010100100011010010
0011100100010011101000011110011011100101000010000000101111000000
0010010011011111111110110100111111000011100010001010110010110110
0010110111111100110111010101000011101100100010111010011010101100
0010010010111100001000010001111100001011111110001100001110001100
0010011010011111010011011100100011110001010000100110100011101100
0010110010110100110010011101001011100000001110011111010011111100
0011101000111001011111001010110111011001111011110000000111101100
0010000101100111111011011101110101101001011001010100000111001110
0010001100100010110101101010011010101101111110000100001011101000
0010011000100001000111011010011110100100111010000011000100000000
0010010001111110001010010100110001101110000111101111011011000011
0010011100110010100101011001000011101100010001000010000101101011
0010001000110110011100000010110101000001111110101000000100101111
0110110011001111101000101010000011100010011001110101100110011100
0010010011111010010110100000010011001100010010010011000010001100
0010110000111011101110001011000110111001010001100010001100101000
0010011000011111110110001010010010101101010001100010000111101000
0010011110100110001011011001011011100000110001000000001101101000
0010011100011111010100111000110110100100010001100011001101101010
0010000100111001011001110111011011011111111111110101100110010000
0010111010010110011010001000000110101000010011100010100101101000
0010011011011110010011000000110000101101010000000010000011001100
0010100111001101000110000101010101001100011100001111101100010110
0010011000010101010010001010100010000000000001000011001101010000
0010011001010111110001011010010110101100011001000010001111001000
0010101010110001110111101101011001000010001100001111100110111100
0011101101111111011011110000110010001011010100111101010110101100
0010000011011001000111010011010101001001011101000101111000001100
0010000001001011011000011011111101011101000010100101111011110010
0010011100101011011100010000001001001101110011100111011011111000
0010001001100111110001001111000010100100010000001100001100101110
0010101001111100011100101110110110000000110001111101101110001010
0010001101110011100000110000100010101110000011110000001111110100
0101010001001010100011011010110001011111010011010101010111000101
0010001000110100110101001000000010101101101010011100100100101100
0010011010010011100100011000100010101001111011000101100001111010
0010101100110010101010011110001001101000010110100000101011010110
0010100010000011111101110101010111101010010101000010000100110000
0010011001111100111100010001100011101110000111111111101010111001
0010011110000011100010111011010000100001010001010010100000001000
0011111010011011101111011110111001100100100111100011100100000010
0010111000010101101101001001101100000011101111100111110001110001
0010001000111110010110001000110001101001010010110111110000010001
0011001001010001011000111001100110110000111110110010000100101100
0010111101111011011111010000100110101011010101101110111100011100
0010001001011100111111010001101011101110000111110111101100001101
0110101110010111110010011001001011101001000101110111010111111101
0010101010000101100010000101011011000010001100111010001000111001
0010010101011110010110010000100101100101110011001001111010100111
0010001111011100010010000101010011101000010010111110001011111100
0010110010100011111010000100110111111011000010000101100010110010
0100101011011111100101111101110011001001010110110111010100110111
0010111101111111011111111000100010101011010110111100111100011000
0010000101111100110111001001010011100101001000001011101010101111
0010101110110100110110010100001001101100010110011110111011111101
0010111010000100111011110101000000111000000100111111111010011011
0010001101110111110011011101010000100001101111111110011010111100
0010011010000010100010000101000010111000011000111001100000110111
0010000111111110110001111010001000110001110001000010011111100101
0010001000100010011000101000011011111110101010001101000001111101
0010010100101100111010110001110011110100000101011011001001100000
0110001000000110100101101010000011100000011000011101101110011000
0010010000101100010100010111000111000110000111001111101000000000
0010001001111000000100110001110010101110101011111011100010101001
0010100011110101110110001101010010100000001100001011010100100110
0010100110110011110111111011011011000000001100000000101010110000
0010111000010110110110001000011001101100010111100111011111111100
0010010111110111011100101000100000101011111111100011000111011100
0010100010010100110110010101000101101000010110011111101010001100
0010111110001010011100111011100100100011001000100011101101010010
0010101011010000011100010001101110000110010110110011110011101101
0010010110011100101000011101001011100101001010001011100010000011
0010011011011110110100001100011011101101110011010010000011100000
0010101001011011011011111011111010010111010111110111001011101100
0010000110110110010111111100010001100111110011000000000101011010
0010110010011100100010011100010001000100011111110110011110001001
0010010000011000100100011101100011100101000011111100101000001110
0010000111011101010001010010100010110100100010001111001111100100
0010001111011000110110110100110101001000101011011101000110111000
0010101000000010101000011100110101011010011000011000001010111100
0010011110000111100101011011100000100000000001100011001010001011
0010011000011110010111001010010110101100010001100010001101111100
0010011110000111100101011011100000100000000001100011001010001011
0010011000100111011011111011101001011001100000110001100001000011
0010011110000111100101011011100000100000000001100011001010001011
0010010100100010110100101011110011101100011101100111101100111010
0010001101110110010001011001010011100100110101000111011111111110
0010010100100010110100101011110011101100011101100111101100111010
0010001110010100100110010110000010101101010101001000010110111100
0010100111111000000100000101000111101110111101101010011100010111
0010110110010100001100010101011101101110011111000000011001001000
0011111000011011100111101000110010111100010101110111101100110000
0010110100101010111101111010100100001011101000100011110011010010
0110100101111000010001110000110110100111101100001111101110010001
0010011110110100010011001110110001101111111011110100000000101110
0010101100100011111011101011010011001100011110010000001011100000
0010111000001011101101011010011110100100010010000010100101000100
0011010011010010010110100011110111010010011111010011010111101000
0010100011111000110110111001010011100010001110000001100111110001
0010001010011100011110010100100001100000010111011111111110001101
0010011000011110010111001000010111101100010001000010001101101000
0010010001011011111000010000100101101111101110100111101010100001
0010010001011011111000010000100101101111101110100111101010100001
0100011010110001110010011100011010011101001110011101101100101011
0010100001111111110010010001100010000100010111011100110011101101
0010001111100011000111110011110000001101010011111111010011000011
0010100001101010111010101110010000001100000010100001010110011100
0010011111011010110001011101110010100010010111110010001100101011
0010111001000010001001010000101101101100001100000111111101010110
0011111000000010111000001101101000100111111100100110000001000000
0010011001000011101110011000010101101100000101100111101101100010
0010001101111001010101110001100001011111011001110000001001100101
0010110101111111110111000010100010111100000010111110000110100100
0010001101111110010111011010110010001100111110000111011101000010
0010001111101110010001011000000001100101110011000010100011101100
0010010000111000100100111111011010100101000011001100101010001100
0010001111111000110010001010101000110101001010111001100011011111
0010010001111100100100011000010011101101100011001011101000001010
0001000110110111111011111010111000100000110111101000100111101001
0010000111111100110111010000000011101100100010010010000011011110
0010111010110100010011010010010100111000000110100100100111010100
0010100010010101110110000101010111001010011100000001010100010101
0010110111111111011111111101000101100010110100000000111000101000
0010001100111100110100010100100010101110000111111111000100001101
0011111110110110011010011110000001101001000000100001011011111001
0010101010010001111111100000011001000010010110101111111110001000
0010100010110001110111101001011011000010001100001111010100111110
0010111010010100111010010101001001101000010110111111111011111101
0010001101111110011111100000000011101000111011000110000011110101
0010011101111110010111001001010001100100110011000010100001101111
0010100101111101000110000001010111001100111111001100100000001110
0010000001101000111001011001110110100110000001000011111000100101
0010110011111101100111111001110011000000101100001111011100110011
0000110001000111100000001110001101101010000010110011110010100101
0010000010011111010001001000100100001000110100000100010001111011
0010011000001011111111011010010110101100010001100010011101111000
0010011000101011011100001010010110101100001001000010111101000011
0011011001111111011111110110110011100000010010011111111100000100
0010011000011011110111001011010111101100011101100110001101101010
0010010010000000110011101011001000001010001000001111000110111000
0000110110011101110111110000010101100100011111111010001100111001
0001110111011111001110101101010101010100010101110101101000010111
0010000111011110010111000100010011101101011011001111000010000100
0011000001000111010110000010110011100111100101100111000001101000
0000001011101000011100100001001011101100011000101001000111001000
0010101010000100110110010110100111111010010000000010010011001011
0010010100000010010110111110000110000011000011000010111110000001
0010001000001110111100101011011110100110011011000110101101110100
0010110101000111100001000010000100100110101011110010010001111011
0010001001111100011111011001010011100001010011110010010011110100
0010010101111011101010011110100111111101000000101011001011001001
0010011000110010110111110000010011100110111011010011100110111101
0010010001001010110111111000010010001100011101100111010111101100
0010001001111100110100011101010011100101000111011011101000101101
0010110110000100001100011011010101001001011001000100001000100010
0010001101110111100000111001100010110010111111001111101100101000
0010001101001101011000111000110100011000011010000000000000001001
0010110110110101110111101001011111110011001111011110000110110100
0010011000101010010011010010110111101111100101000101111100010011
0010011001111110010100011000010110101100000011100011101101111000
0010100000110001011000110111110100001000001010010000110100110100
0010011000110010100111001110000010100101110010000010000000011000
0011000010101110011011100001000011110011011001100110011010011100
0010100110000110100110101010111101100010000010110011110100010001
0010000110001100111010011101110101110000011000001001111001010111
0000110010000101111010000001001111100000010110110010111000100110
0010001110001100111010011100110101011000011011001001111001010001
0010001101111100010110010000010011101100110011000010100010111100
0011001000111101101100000000100111100000100011011101101110000000
0011001001111101110101001001001010000111110011000110100101001010
0010001101111110010111001000010011101101110011001111001010110111
0010011001111100111100010001110011101110010111110010100000110000
0010010000011111010100000000000110111100011010001101100000100101
0010011001110110110111100100001111000100110010001001101000110110
0010101010010011111110011010110101001100010001110010001110110100
0010110101001100001100110000110011001111111101000010010101111000
0010011100100010100100011010100111101100100010000000011011000001
0010100111111001110100001001011011100010000000001110000110011100
0000100001111111000010001000010011111101110011000100000001110100
0010100110111101110011101001011110001110011101001101001010000100
0010111000100010000101111111011011000101011110010010001101111000
0010000101001001111110111000100010001000111110100101101111100011
0010001101111000011100110001110010100110000011110011100010111001
0010101110110001100111010110011011000101000101100111000100000000
0010010100110111110110001010010110100101000011010110000011100000
0010111101011011011001001000001001101111011111100110111100000000
0010111101011011011001001000001001101111011111100110111100000000
0010110110110101110011101010011011000010011111000110010110100101
0010011000010111111000011001001111101010010111100011011001111100
0010001101111100111100010001100110100110100011111111100110010100
0000011011101101100010010100000010110001001110001010110010101000
0010011110010101101011011001100000101100001111000001111100110001
0010000011101000111000111101010101100110000001010101011111111100
0010000101111100110100011001110111100100000010010011100010111100
0010011001111011111110011011011101101110000011100111001001111100
0100000101001000001111110110000110111011000100010011010010010001
0010000000110000110101011110001011100101000110001010100100001100
0010011001011111110110001000010111101100010001100010001101101000
0010010101111100110011011001100011100101001000001011000010010110
0010010011000110010100101010010011000110001010101011100001110001
0010010000010011100110101010000000001100000001100010001101101000
0001011110010101110111111100010011100111001011010110000111001010
0010110101111011011010011101100011100000011010010011111010101110
0010110101000011001110110010001101100110010111100111101101010111
0010100110110100100111110100111100000111010100011111011100011010
0101111011011111101111111100110000110100110101110111111000010011
0010010001011111010010010001011100101100010000000110101101011100
0010101110011100111100011111011011101100010000000000110000110100
0010001101110101111000011011100110011010101010100110011011101010
0010000101011101100100000100010111101100110111001111100001001100
0010111100111000010010011100010011101100000111001000010000010110
0010101010110001110111101001011011001000011110001111000010011100
0010111010010101111011101001001011100010001100101111001111111101
0010001101111111011111000000010001001100011011000101101011110101
0010111101111110110111011101011011100001011010100010101010111101
0110000000111010110101000110100010100101110110001110100111001100
0010111010011010010010111101100010000000110101010110111011101100
0010111110100011110011101010111000100010010011100010111010000010
0010001111111000111001010110110001001000011010100010100100100010
0010011101101110010101011101110010001101001011000010100101100111
0010001110011111110111011011000110101001010001100010011111010000
0010101101010011000111011000010101101100100101000111101011000110
0010111100100110011000100000001011010100111010000100111001100111
0010111100100110011000100000001011010100111010000100111001100111
0010000001001101000101111100100110110100111111001110000111001100
0010111100100110011000100000001011010100111010000100111001100111
0010100001001001010101001001010101101011110001000000110001111110
0010100001010001000011011010111000010111010111010111010111000101
0010100110010011100111000100010111000100111001001101000011001011
0010010110111010011011000110111001110011001100100111000001110101
0010000001011101110110001101000011100000011100011110100100000100
0011001000110100100100000001000111001111101111001111100001100000
0110001101111110110101001000000011100101110010001110100111111100
0010000001100011000110010000110001101111100111000110100001100111
0010100010110001110111101001011011000010001100001111000110011100
0010011100110100100000011000110111101010111110000011111011000101
0010001100111111000111001010010011100101110001000000001011001001
0010001000100111000010001010010010001100010010000100000101100000
0010111011000100101010000111000011101000010001000011011010110011
0010001101111000010101011001000011100110000111001111100010101011
0010011010101010010011000110110010110101011110001111001111111100
0010000010111001110111111001011011100100001100001111101110001101
0010011101111011010101000000010010101111000111100010100000010100
0100010100111000001110111001010010101000000101001100010010101110
0010001000111111110110101110010001101000010001010100110100000111
0100101011011101101111111000100000011000110101110111111001000011
0010000010000011000010110110110001010011101101100110100001101101
0101011001111110010100011111100111101111111111000001110001010111
0010111000100011011111111000011011100010001110000101101111011010
0010010110010011100011101010000101101010110001100011010011111010
1010100110111110000100010110110111011011011100010111011010011100
0010000101111101110101111000000011001000111110000111000000001000
0010010111000111000001010110011001011000101011101000010010111100
0010100110110001100111001001011011000100001100001101001010000100
0011000100110100000110110011000010111100110100111010010001110111
0010101100110111000111000010010001100100010001001101010111001001
0010011011111010010110110101010001001000011010010010010011111000
0010001110110111110000011001000010010000010110101110110011111100
0010111000010110000101001000001111111100010001000011101101110111
0010010000010111100101001010000110110100001011100010010000101011
0010111010110101111001110101100000111000010101111111100011001101
0010101100110110100001010100101111000110110000111100011100000010
0011101010010001111111101001111001010000101100110111111000011011
0010001101111001011111110000110000000110000011100001010110000000
0010101000110000111100110000100101001011111011101100101101101000
0011000100111111010011000110110011101011010011001110000111011000
0010000000111011100101001100011010100100110001000000001100111101
0010111110110100111010011110001111101000010111110111101111111011
0010001111110100110011110000100010100010111110011111100011000101
0010110010010011110100001111010011100100001101000111011101010100
0010111010010100101010010101001001100000000110101000100011000100
0010111011011110111111011100010001101100110111110111111011111101
0010101100110001110101001001000011000110000101100111000010010000
0010011001110010001111000110010010111111000100000010000010011100
0010001111110010010101111111011011100101010011001111000100101000
0010011000010111101110011000010100101100110010100010101101101000
0010111001110011011001110000101011101110010110111111011101000100
0010001101111100110110101111011111100000011000101011111010111101
0010001111010001111101010000000101010101001010011011000110000100
0010010001010111100001010001100010010001000100100011000010000111
0010111001010011010111001010011100100100000101100110001101000010
0010010100100101100011110011000110100100011011110000000000100111
0010011000010110010101010010101101100110110010010100110000000010
0010010000001011111111011010011011100101000001000110101001101000
0010111010010100111010010101001001101000010110111111111011111101
0010101100100010100101111010001010100100111010100000101101111010
0010100010110001110111101001011011000010001100001111000110011100
0110001000100010110101101110001010100101111110001100101101111010
0010000101100100010111101000111000101111100111101010010011101111
0010100010110001110111101001011011000010001100001111000110011100
0010010101100100001101011010101001010100101100000111111110010101
0010010001001011001000111100100101101000111111110111111111101010
0010011111100110011110001011000001101100111010000110110110001101
0010001010111011001100100000110011111000000111010101111010110000
0010000111011001011001010010100100110101000000011111100111001100
0010011100100111110000001100110010100011111110000000110010111010
0010010110110110001011101010010001100100010111000110100000100011
0010101000100101111110111101001001101000001110010010110110110101
0011001010000011011011000101110000100001010000010001011001100100
0010001101001010010001010010000100101111011010001111100111010100
0010010110101000100010010101101100011000110011000110011110111001
0010011011111100111110111101000011110011101110001010110011001100
0010101111110001010011100001011011100011000001101111000110011001
0010110100110001100000011010010110000011111011001011011011001100
0010100010110001110111101001011011000010001100001111000110011100
0010001111110110000110001010110001100111101010100011110001010010
0010011001001111011110000010000110101000100101110110101101100010
0010111000011111110100001010010110101100000001100010001101111000
0010011110010111101000011111110110101010110111100010011011101101
0010001101111001101100111010001010101100110000000010101001000110
0010010001010111110110010010000101101110110011100000001001101000
0010111011011000111100010001110010101110010110010010110000111001
0010001100100000101001101010000000101111011010010000000010010001
0010011000011011110101001000011101100010011110100010011000100100
0010101001110011000111010010110101101110000110100111000011000000
0010001101111001101101011010000011101100110011000010101011101110
0100000011110111001010111011101111110011101100001100101001011101
0010010011111011011001001110010010011101110010111110000111011100
0010001101111101010110101010110010001100010111100010001101101001
0010010101111100111010011000100111101101000000000011101011000111
0010001001011011001000111011100010000000011101000101111101010010
0010111010010100011110110101001001100100010110110000010000110100
0010010000000111000010010011000110100110001111100110100001100111
0010100010001001101111111101010001000100010101001110101010101111
0011000100111101100111110100010010011001000111111111000111110000
0011011000101011100100100011000111011111011101000001000100011011
0010011000011111110110001010010110101100010001100011001101101000
0000000101111100010111000000000111101100110011001010000010011100
0010101001101111001101100101100111111010101110100100000000110010
0010001000101100011100110011101000001010101110100011101101010010
0010011010010100011101001101000101101101110111111010100111110001
0010010101001010111111101011111100101000100110001010111011101011
0010001101111110010111001000010011101101110011000010000011111100
0000000000010111010110000010110001101010000001101101101011100110
0011011001010000111100010111110001101010000110101010100000101010
0010111001001011011111010010110101100110000100000111111011010010
0010000011000001110111011001011011000010010110101111000110000110
0010111001011111111101000001000001100110111011010011010001111010
0010110000100110010001101010100010001011011000101011101111010110
0010000101111000110111101001101011100111001011011011010010001110
0010010001011100101110110110100101100100011001010011011001100010
0010011100111011011000010011100111101010000011100111001101010011
0010101000110101110111101001001011101000010110001111010010111100
0010001001111111001111110001110000100000000110011111111100010110
0010011001100010001100011001000011100110100111000111110100010011
0010001001111000010100010000110111101110101111000100000000101001
0010010110001100011100110101100000101100011110101000110101110110
0011101001100110000001001001011110110100100101000101100101110110
0010011001011111110110011000010100101100010001100010101101100000
0010110001011000110111010100000111111111011111110111111000110000
0010110000100110000011101110100011000010011011011010101111010001
0110001101111110110100111010111111100111011011011010100010101100
0010010010101001110100111100110010000110001110010101001110101100
0010001111101101010011010111010110010010001000111110000010110100
0010011101101110110101111001100010100101011011111010011000001000
0010100000100011110111101111001010101110011111001100100111111100
0010011001010010100100010000000010101100001101000111111100011011
0011011000111011011101100000100010011010010100111111100100001110
0010000101101100010110010010010011111101010000000010000010111100
0010111000011011101010001011010111101100011001000111001101000100
0010011001011111010100001000010111101100010001000010100101100100
0010001110101011011100011010000111011001000011101001001011111011
0010010000010010011010000110001001110101101111100110101101100001
0010011011111010111000100001110110101010010001000011000010111011
0010000101111000011000110001010110100000010010010000000000011100
0000101001101010011000101110101001101010011001010100110101001011
0010100111011100100011010000010001001100111000000000110100001111
0010011001010010010011001001010101101100010101000111101101100010
0010010001010111101110010100100011101110100110000011000000100000
0010011000111001110111101001011101010110001100011101111100101100
0010100111011101100100000001000111100100110001011101100000000111
0011111010011000101101011111011011100100000011000011100101000110
0010101001001111000111110101011111000000011100011011101000010110
0011001101111001110100010111010111001100110110111100110110001110
0010111000001100001100001000111010100100110010000011101101001110
0010010101111100111010011101110011111101011000011011000011001101
0010100000010001010111001001101011000010001100001111011100011001
0010011000010100001010010111001011101010010110010010111011111101
0010001011010101100010011100101001101100001111001111111110000111
0010001111110101101100111100000010001101111011000101011000000000
0010000010011001000111011011011011100100000101001101101100001100
0010000111111100110100011001000011100100100010010011110010101000
0001100001100111000010001000010010010111100010000100000001110110
0010001101111110010001111001010010000000011111000111011100011110
0011010101110011001011100101110011001100111010000110111011101100
0010000111001100011101110010100100100010011111000111011000001000
0010010111110100100010011111100011110101000000010011000010000011
0010001101111100010100010001110011100110100011000011100010111001
0010101101111011010101101000010111101100100011001000000010111101
0010011001110010110110100011000111001111011110001010100011111100
0110011100101001010010011100110010011101001111001100110001110111
0010101000101101000010010101000011111000000100111110100010001110
0011011000110111001110110110000101100000010001011101110110101000
0010001101111011011111010010110001101110100111000111111011100010
0010011001011111111111111010110000101100110101100111111101100011
0010101000011001010110100100011010101110100001011111010101010101
0010111001000010000001011000011100101100001001000010101101010100
0010001001101001000000001110110111101111101100001100000010000001
0010001100111010010011000000111001101111000100000101001001111001
0010111100100001010110011000111000010111001111000111001101000000
0010100010110001110000000000011110000011101101001001010010011100
0010100010110001010111100010111000000111000100101111000110001110
0010011101010111011100011000110011101100101111000111111001000110
0010011010010010101100011100100001101100011010001000001111100110
0010010101000011101000010000100001101110001011110011100100100001
0010001101111000100100011000010011100100100011000011100010101001
0010100001100011100111010000010001101110101111000110100001101011
0010101000001101010111000010110110111100010101000011001000111010
0011100000100011000110101000010010011011001010000100010000011111
1011100110111011000101101000110111110110101100111101010110010101
0010011001011111110110011000010100101100010001100010101101100000
0010011000010110110000111010010110101100011001010010101001001001
0010001101111101011100111010100010001000111110000101111101000010
0010000101101001111100111010000110001000110010001101101101010010
0010010001011111011010101001010110111101011010000101001000000100
0010010100011101110100111010110010011100111111000001011001000111
0010011000101110011111110010110101001010110010001101111111010010
0010110101011000011011101000011011100110010101000111111101101000
0000010001101110010111001010001111101000000001100111000001011000
0010001010011100001110100110110000100110010000011111011001011110
0010011101000010101001000111000000000110000001000011011100010011
0010001100110000100101011110001010100101000011000000001010111011
0010001000000011000110110101010100101000011011001010100000010101
0010101000010111100110000000010011100110110000000111101001001110
0010110101111010110001010000001011101011011011000001011110001100
0010110100011111100011111100010100010110010111010000011000001011
0100000100111110011111010000110011101011110110000110000001111001
0010101111111101000111000101010101000100011111000011110100010011
0010101101111110010101001010010010001001010010111011000010011100
0010010100010011100101011100010010001000100111111000001010000010
0110000111011011010001101101001010000000011101110000010101011110
0010010101111010011110000101010111001111111001000011101011101110
0010110111111001101110010101010101101100100101000001110001011010
0010001001110011010111101011011011100001011111010000000101010110
0010000100110110011100110000110011100000101100001000100110100001
0010100010110001110111101001011011000010001100001111000110011100
0010100010110001110111101001011011000010001100001111000110011100
