0010100010110000110110101101011011000010010000011111111010011110
0010101110111000010010110000110000100010001110100011010000010001
0010011001101000111000100010000111001111101111010110010110010000
0010100010100100011100000100111000110101100010000011100000101110
0010001101011001010010011010100001101100100100000110010000100000
0010001010011000110101101101000011001010001110110111010110011110
0010010010001100111001001111101101011111101011100110100000110111
0010101100011100110010011110011110101110000111111011101100110110
0010001110011100110100100101011010101100000110010011010100000011
0011001000011000010010001010110110001100100110110111101101110000
0010010101001110011100100011011110000010000011101110111000011000
0010001001110010100110111111110000011001011010100111000110011001
0010001110111001011111111010011011000111100011000101001001011001
0010011110010110100001011000000011101100100010100000001110000000
0011000100110100001110111000111000111111000010111011000111101011
0010000101111001111101100010000111000101000111011011100011000100
1001110111010011011000101011011101010001001111110000110111001100
0011001100110100010100111110100010001000001100100001011111000010
0010000000111000010001110010010110001101100110101011101111010000
0010100111011101110010011100101001111101111000100010000101000100
0010001010101011010101111010110110101000100100010101101010001000
0010000000111000011100111011111100001001101010111001001000101000
1011010100001010011100110111111100000010000011101101011011001100
0010001100111010110001100010010111001101100111101111101111010000
0010101110111000010110001111101000000111001101100010001000000100
0010000100111000010001111000010111001111100110101011101011000100
0010001101111100011100110010100010101100111110000101101100000010
0010110011010101110100101000001010101101001000001011100010000100
0010111010011110110000110010111110101101001100110001100001100100
0011101010011100010000100111111001000110001001011110111101111001
0010001101110001100110010010111000100110000110000101010001011111
0010001110111100010011010010111000101100000111100001001111010110
0010010110011111000001101011100011101011111000001010010001111000
0010010101011101001011011010110010111100000110000001000111000000
0011000011100001011101100011011110100110100111100110111011001100
0010101001111000010101110000110011101000001000001110001110010000
0010110010000111000011101011100011101010011000001000001101011000
0010000000111010100100011110001011100101101110000010100100111110
0010001100111000010001100010010111001101100110101011101011010000
0010000110111000100111101001011011001111000010100001100100010100
0010010101001101001000000000010101000100011111010111000101000000
0010011001011101111000001100000110111101100010010011111010100000
0010101001011011010100100011001001100111001111010110111111010001
0010100010001111011111111000010111100011010101011100100101111111
0010000101011001110000100010011010001100000110000001100100000100
0010010010010101011110000110000101001111000111010101101010100111
0010100111000001100011111000000010011100011100110001101100110101
0010001101110010000111100010010111011101100010001001100011010100
0010000000110000110110100100110110100110000101011111101110000001
0010001000111000010001110010010111001101100110101011101011000000
0010001000110110011111110011110011101011010101101001001000111100
0010101111011110100010010001101001111111110101000100001110110101
0010000100011101110110001010010010111101100110010110000110011000
0011000110110000010110101011110101101010110100000011000010100000
0011111110111001101101000101100001111000001011110000010111000110
0010001100111001011000110010111010001101000110100101011101110100
0010011111010011101001110011100011111010100000010011010011101100
0010000100010011110011000000011110001101000100000000100001010010
0000101111101100100101110001111110101100001101011101111001110100
0011000101110000010110101001011111001100110111001101110100000110
0010100010111000111101101101011111010110110101100011000101000010
0010001111111010010011100000110010101100101011110011100000110010
0010010100011110100101101011010011001010000111001010001101011010
0010001010011011011010111000110110111110100111010101111010010000
0010100010011000101101101101010111101111001101001101111111110100
0011000101011000110111100001111111000110000111100001011011110010
0010000010110001011110100010001010011111101011110010100001000000
0010011110011101110001001001111110001110001000100100101011110001
0010000101111001011000100010110110000111001110000001101101110000
0010001101011100110011001010110010101101000111100001000010110100
0010001101011101010011100010110010001000000111101001001110110000
0010001000011010011011010011111111101100000111100101101111110110
0010001100011100110001100001011101101100000101001000001001010011
0010010010011110100001101010100011101011111000001011100011111100
0010000001111001010000100001110110001100001110010101101101010000
0011000100111100000100101000010011101010100011011101111101110110
0010001110011001010001111001011110000000101011101101101000000001
0010110110000110110001010001101001101100100111001011000010100110
0010000001011110001011100000110111100110100000010110001111110010
0010000101010000010111001110011101101111101011101110101101001000
0010000101011111100000000001010101001010001111000000111011000010
0010101010010111100111001000100010100111100001010010100010010110
0010000000010100100100101000001010001001111100101111100100010001
0010001101111101110011100000010011000011000111101101100101110000
0010000101111001011100110010110110000100001010010000100011000000
0010001101111101011000110010110110000100001110010101101001100010
0010001100100010110101101110000111101101000011000100110001011111
0010000000011101100000111001111011110110001100010010001101010001
0010110100011101100011010010010000101100000111100000000111000101
0010001101011111110111011110010000101000010001100110011101101010
0010001000101100000011010010100111100010000111001101111100011000
0010001101110001010101101000110100100111000110010111101101000000
0010000000101011010111110110010111101000001010110101101101000100
0010100100000010100001011100011011100100100000100000001010000001
0010010101111101010001110010110110100001001010010111101001100000
0010100101001101010011100010010011100010000111100101000101010100
0010001101111000010111001010010111100111100011100010100011011100
0010010101111101011000110010110110000101001010010101101001100100
0010011100011100110110010100110000001001011110100111100001001110
0010011101110011110111011010100001010110100111000101011110000010
0010101111111011000111100001011011100010000110000111000101010010
0011000101011000010110100000011110101010001001000001101111101010
0010010101101011011000010011111111011101000010010001111101110100
0011001000011000011010000010110111100110100111110111101111110000
0010000101011001011001100011111110000110000111010001111111000100
0010001100111001010101101010011010001111100011010111000001110000
0011101001011000010110101100110111101111100000100110101011001100
0010001101111001011000110010110110101110101111110111101101100000
0011001110001111000011010010101011111100000010001001011100110011
0010001000011011011000001010010110100100100110110111101101010000
0010000101111101010011100010010010000101001110010111100101010000
0011110110011101100010001111111000101001011110101101000000001100
0010001111011111000011100011111010101101000100101001000101010000
0010001101011000000011100010011111000010000111110101011110110100
0010001000111000100001010100001111001111000011001001111111010000
0010101101111001010001110010111111110110000111001000111101000000
0010100010101101111100101000010010101000000100000101101010001000
0010111111001101110011011110110010111101000101010111100101010001
0010101010110110010000100000110000101111010111100010000101011101
0010111101001000110000100011111110001110000011110001001100000100
0010101110111010110100000100110011001010010011110110100101010010
0010100111011001010110101101011110000010001101000101001100000100
0010001101110000010111100001111111000111000010000011011101110100
1110011011001110110100001000000010100110111011111010101011111100
0011000111001010100101100011111111011100100111000101010011010010
0010001101011000110110001010110011101101000111100011100111110100
0010101010111010110100110100110010101111010011100111000110011100
0010001111011100100000011100000111101101101110110111110011100010
0011001000011000110000000110011111001110000111010001101101110000
0010101100110011000100101010001110000101001000000100100010110001
0010001100101001010101111010100011011101111010000101101100001010
0010110010001110110010110101001101110000010001110000111111010000
0011000001011000111001100010011111001110000111010001001001110010
0010111000110000011110000000101001101110100111100111110001110000
0000101110111100100110010011110111100110001001011000001000100011
0010100110111110010011101001111101101100001000001000000001010101
0010000101011011111000100010001011001011011111001000011110000100
0010001111001001110001011110001100110101111000010110111101100010
0010101101100111000011000010111010101011000000101001001010010101
0010001101100001010101101010010110000100001110000001101101110000
0010001100011010110011000011011111101110000111001011001101110000
0010100100111001011101000010110100000100001100010101100111100110
0011000110011011010111101000110110110010000111100100101010110000
0100010010110111000110110011011010111001101110001001110100100001
0010001101111001010001000010011011000110001111100000000101010000
0010000111011101111000101010100010111100000110110011100100000100
0010001100000010000111101111011001011000101001000110001010000000
0010101010100111010111110010111011111010001111001011001110001100
0010001111011111110010001011010111101101000101001010001100000100
0010000100101101111001110011001111111100000111001011111000010010
0010001101110001100101100001111110000111001101110101010000010100
0010001100111100001101000000110110100110100011011011000111000100
0010001001011110110100100100100111111111001010000011111010010100
0010000101111101010000100000010010001111001110000111101101100000
0010111111011111100111100010110011101101000101100001011100110010
0011000101011100010110100110000111001110011111100011101101010010
0010000100011011011010011011011111010101000011110001101100100100
0010001111110110110001101000010111001010011001010101101010000000
0010000000110010010111101010101010011010000110010010100011110101
0010001010111101110010011010110010111111001010100110100000010010
0010000101111101010001100001010110001101001110010101001101010100
0010000101111011101001111011011011001111000011001000111111010100
0010000101011111011000101010010111010101001011010101100001010101
0000011011111110000011101101110101111100001100000010011101000001
0010000100011111011000100010000110011011001111010100001100000100
0010000000011100000110000000010110100110100111000000001000110001
0010000000111000100100001010011011100100100110100001100110000100
0010001101110111111100111010101010101000100000100101110101010011
0010000110111000110111101110000011100111101100101101100111110010
0010000100111101010101110011010010001111100110010111101101000000
0010001001011111001110101010100011000000011011011001111111000000
0010001101111000010111101010010011100111000111000011100011111000
0010001101011010010111101010010011110111100110110001101101110000
0010001100111101001001100010111111001110000111000101011101110010
0010011011101100010010010010110110000001011000100111111000011100
0010001001110001110001110111111001000100010011100011110100100110
0010001101111101011000110010110110000001001110010101101101100000
0010000110111000100101001010001010100000101110010101000001100010
0010000101011001010100100000110110000111001111000101110001110000
0010001101111101110001101010011110001101010110010101101101110001
0000000111111101010011100001001111001101001000001000001011000011
0010000100011100010010010010011111001111000111000001001101110100
0010010001111111011011110011010011001000001010010101000111010100
0010011001111111110011000010011110101101000100000001001110110000
0010001111011000010111000010111010101100000111000011001111110100
0010101111111001010111101001111101101000001011110000110001000100
0010000101111000110100111000000001101000011110110110110111101010
0010001111111110011100110000001000101010111111100011000100000100
0010000000011010011010000010100110100100100111010100111110011000
0010001100110010000111011011011010001000000100000101000110011010
0010001100101001101000000001110111101111101111011100111110010001
0010001100111011100101111100010110011011101101010111000101010000
0010001101111111010110110010000110100100111101111111010110111100
0010000001000011011001100110000111001110001111101011011000010000
0010001100000000010011000010110011010110100110110101100011011100
0010010100100011011000000011111110011101000010000001011100010010
0010110000001000111100011010010110101101111111010001100001010111
0010100011110011111100101000011001101111001110101111000100010100
0010011111011100011010010001110001110101011100010111100101000100
0010001111010100000000111110101110101100101111110100111101000101
0010101000111001010010010010111110101110000111100100101111010100
0010001000011011011001101010011110100001100010110001101111110000
0010001001111010010010110110000111010111011011110011111011000100
0010011000100111011010101011110010000101001100000001101101011101
0010000110011000101010110111011011111011100010111011100101010010
0010101110110111000000110000011011100001100000010000101011000001
0010010100011010000111100010010010001101000111000000000111110100
0010100100100100000000000010111010100000101101001001100010100001
0010010001111110010110010100110111101100101011000011101010100000
0010111010100010110101110110100110100110100110000000101100000010
0010100001110011011000100001110100001101001010010001101001100100
0010010110111000000010111001111000111111100011100101110100000100
0010000100111100000100110000001010100111000110100101110111010100
0010010101110100111100010010110110000110001011010001101100000100
0010001001011100110111101000010011001110010111100011001001010000
0010000101011000110000100010010010001110001111010001110100000100
0010000101000111011000100010111011011101000010010101111110100000
0010000010111101010111110011010110001000011100010101100101000010
0010000110111111111001010000000111001010001000000000111110010100
0010110101010100110001001010111110100100001111010001111101000100
0010001101111101000000001010011010001010001111010101010101010100
0110010001011101000001011010111010010100001000010101001101111101
0100010000110001011100110000100100111001011010110101100100100001
0010000101111100011101100000010010101100000111110110100101100010
0010110000000001001100110100100100111011001001110101100100100001
0010000110001011010011110011011111101101101000000010111101011010
0010100101011000010010100110011111110111000011111010100110010110
0010000101111011101000100000001111001111000011001001011100010100
0010001100111001011011111010110110001001100001110001000101111001
0010001101110010110110101000010111010100000010000010100010100100
0010000101011001101000000010001111001111001111110111100101010000
0010000101111101001000011010100000011100011000010111101101000100
0010000101011101011000011000110100011100111100010101111101000000
0010001001011101111000000010000011100100111100100111001011000000
0010001101111011001100010010011000111100100110110110001101010001
0010000101011101011000111000100000011100011010010111111101000100
0010001101101110100111001000010001100101110011110111110000110111
0010001100111010010001011010010111100111000001100011001011110000
0011110000111001001001110111010100001000101010011000000111011000
0010001000100111011010101011110010000101001100000001111101111101
0010000001001011001100111000000010111001101010101111011101010010
0010000010101001011000011011011011000100100111100111111100000000
0010000101011001110111100010110010101110100111111001000001110000
0010001100001011110010100110010111000010010000000011100000101110
0010001100001000110110011101110000101100001011100111001000100111
0010001001111010011010000010100011001111001110000001101101111101
0011001000011000011010000010110111100110100111110111101111110000
0010001111001011110011001000010010011110101000111000000010100100
0010011000011000001011000010110011100010010001111111101110110000
0010000101011111000000111100000010001000011101110111011010100100
0011000000001110100000110101011110000010001000101000101001110010
0010001111110100100000111100010010001110001010111111001110010100
0010010001000000101101001100001111001001101110110010110011110010
0010001100110000000110110010010010011110100110100111100101011010
0010101111011101110000111000101000101100111100000110111101000010
0110000101111001001100111010100100001000110100000111111011100011
0010001000001011010111001000100011110101110000100010001011100101
0110100011101101011101111010100011011000011011010100111100000100
0010001101111001011001101010110100000111100111110101101011010100
0010010111011100110000100010001010001100001110000011100101000100
1110110110001100100010001000100101110010011001100011100001111100
0011000100010000100111100010011010011101100110010100100001101100
0010001101111000000111000000110111101111001110000110000010001001
0010001101111000110100110000110010100110000011110011101110010000
0110011001011001100100111000100000010000011001100111100000000001
0010001100101010110011100110011110000111000010000011100010100100
0011000000011101010100100110010110110011110001110111000010100100
0010001010101010010100111110110110101010000100000111101111010010
0010111000110010010111100111110011000111000111100011001110001010
0011001101101000010101101000010010001101000111100001010011111000
0010000110011001000111100001110111110110101100111001101010110100
0010010010001100100100011111000011100100000011001011010000100001
0011011001011010101111110110110010001101010100100001000100010010
0011000101011000110100110000110111100100100100011101101110010001
0010000101111000010010110010011011001111001111100011010101000100
0010110110011011101100110100000011011101000010111010001011100110
0010000101011101000011000010010010101100000111000000001001010000
0010101110110100000111101100000010101011011011011110001001111111
0010101101101000010110100100010111001110001101001101001011000110
0010000101000011011011100010111111111000101010010001111010000000
00
0011001111111101011100001010010011101110101111101111101100000100
0010101101111101000111000011011010101101000111001001000010010111
0010100010001010101010101010010011100010010101110011101111011100
0010001101111110000111000010010011101101000111000010000001011100
0010000101111011011000101011110011000111011110000001101011011100
0010011011010100000100100100001010111101111101010111100101100100
0010000001111101011000110001010000000101001110000100100101000100
0010011100011110110000001010010010111101000001110110001101100100
0010111111011101110100101001101001100011011010010010100001010101
0011000100111011001001100011011111011111000011011001011111110100
0011011001010011011001000010110111111101110101100011110111001100
0010011011001111101001010110110010110101000000010011101000100100
0010101011011101110111100011110011110010000111100011001110110100
0010000000100111011010110011110011011101000010010001110100010100
0010001101111000100111100010011111000110000111100001001001010000
0010001111111011001001100001000110010011000101000101011010111110
0010000000011011011000000000111111010011001010100101110110010100
0010011001011110110110001000010110101100110011100010101001101000
0010101011111110110000110100101111001011011001000001100111000100
0010100011011000110110000010111011101110000111101001000011110100
0010011001011101110010000010010010101100010001100010000101000100
0010000110011001011010110011011110101100000110000111101110100001
0010010100011000001011100010110010010100000111000101001101110010
1010110101111011001101110001110100101010000101010000011010100000
0011001000011010010110100010010110101100000111000011001111110000
0010100010110001110111101001011011000010001100001111000110011100
0010000100001101100001111001000010110011000110010111101110000110
0010011100111110010011101100010010011101110111010101001011101110
0010101111011000110010001000010111100000001000010001101011100001
0010000100101000110000100011010111011110000111100001110110100000
0010110010010000110011101101010011101100010111100111000111011010
0010000100001010011100111010101110100000100011001101101101000001
0011100110100100110110111101000111100010001100011010001111111100
0010011010000110000110100011110010111100000100001001001101111000
0010001101101110010111100001011111001110000111001001010010111100
0011001010101110011100101010110010000000000010100111101101010010
0010011111110110010111110001110011011000100101001011111110011111
00
0010001101111010000111011000010010011111011011111111111111111001
0100010011010101100100001100001010111101101010011011110010100000
0010011000100010000111101011111010010010001100100001101100001010
0110010001011001100000010011010010010001001110001000110101000001
0010010001111000011100010001010010001101001010000000100100110101
0010111101111000000011000010010110010111011000010010000011000101
0001111100100010010110110111110010010101101101001100001110000111
0000100011010101100110001101001011111100101100011110111011100000
0011101010111000011100101111110011000110110011110111100111011010
0010000111111110000111001000010010111000000111100000000010110100
0010001101101100011101111110010100000010101001000101001000000010
0010001101111001001000011010000100011100011100010110111111010110
0010110000101010011100111000100100101011111100100011110100100101
0010101000110000010111100001011101101111000110000010100111110000
0010000101011101001000011010100100111100111100010110111101000111
0000001111111100000011011101001010001000001101001111010100001100
0011000111111010010101001000110100100111010000111110000011001100
0011111010000110010010100100010011111011000010011011101111110111
0010101110110001011111001000011011000111010001100010010101110011
0010011110111000110111010100101011011011001110100111110101001110
0010001101100001011001101011110010000101001000000011101001011101
0010001101111000010010110000100111011111110010010111100001010110
0010001101011010100111101011110101100110100111010111101010111000
0010000001011000011000010000010111001111001011100000110100010000
0010111001011110110011110010101101001001010100000111110001000000
1110110011001100110101101010011000000010111000101001001111001101
0010001011101101010010010110110111011000001010010000101111010100
0010101111111010010111110101111011001011000101100101010110001000
0010011001010011001110010001110010011101100110100001101101110111
0011110011011101011101100111111000001101110001110111100101001100
0100101010101111000011110011111010001000101110000101101011001111
0010101101110000010111100000011011000110000110000010000101010000
0010101011011000100100010011110010111110000000110111100001111001
0011001100100001010101101110010101001110101100111100010001010000
0000101111101101000111100011111010101000000111001001001100010001
0111000010101101011111111101001000110000000000000111110100001000
0010000000111011011000001010110010000101001000000001101111111101
0011100110111001110111100011011111001010001111000101110001100000
0010010001011110100110000000110110110111000110100010100010110101
0010001111000110000111001100010011100100101101010101100001110100
1011011100110110001101100001110010001001000001000101111110110100
0010000111111101001000011010100000111100111100110110101101000100
0010001101111001000110000010110010110101000100100011001000100101
0010001011111111010011110011010110000000011010010111000011100100
0010000010111001010011110011010010000001011000010001101111110100
0010000010110111110011110010010011001011001000000010000111110000
0010000001111010011011010010101011011101010011000010110101010100
0010101000111010010100110000100011111010000111100101100110011010
0010001101011100110000100010011010001110001110010011111100000100
0010011000011111010110000010110110101100000111100010001111110100
0010000101111011011010110011011111001111001001001100010101010110
0010000101110111011000101001110101000110001111000011101101010000
0010000101111100000111000010010010101100000111000000000011110100
0010001101011101010110000010010010101100000111000001000111010100
0010001101111101000111000010011010101100000111001001000111010100
0010000001111101011000100001010110001100001110010111001101000100
0010001111010001010110001010011101001101110001100101010001000000
0011001110100001011101100011011011101101100010111010110011111001
0010100010001100011011001000010111100011100101000110000011111000
0010001110101111111001110011111000001011000100001100001100011110
0010001101111111011000101010000010011011001000110100110010010101
0110010001010011001111100000111011011100000110100110010000111111
0010001111011100111101010100101010101011011100011011010110110110
0010101101000000110110001010111111001010000101010101001100101101
0010010100010110000000100001010011001110001010000010011011010001
0010001011101110011101110000111010001010000110001101001101010010
0010001101111101001000011010111000011100010100010111001101010111
0011010100010010000111000001010010010101111111000001100011110100
0010000101011000011000110010010110011111001011010001111101010100
0000101101101111101011111110110110000011101101110001011000010110
0010001111010111001001110011100110000001000111011101001111011000
0010010000010010110111100001011010000101011110000000100111110100
0011010100010110011100100100110010011101111110000101100111100100
0010000111011010010110101000100011001011010111000010010010110100
0011001001010111011100100010110110100100100111100110111011110000
0010001111011010010011000000110111100111100111110111100101110100
0010000100011000010011101011111001101100000011110000000001001100
0010000100110110000111111111011001101010000111000000001100001111
0010001100111110010010010010000011011111000101100101100111010100
0010100101110001011111110010111000001111001111101000010001001000
0010000011111011011000010010101011100101001011100000100111000100
0010011011110110100101001001011010111100000010001011101000100000
0010001000011100010010000010111010101101000110100101000111110100
0010101011010101110010010110000011101000001111110001001100000100
0010000100011011011000010010110010010110001111110101001110010100
0011000101001000100011100000011111000110000111111001111011111000
0010100101111101000100101010000010001001111000011100100101010000
0010001111101010011000110011011111000001010000101111111000010000
0010001101111011001001111010010110001001101101110101001101010001
0010011001110101001000110011010100010101101010000101001100010101
0010010101011101010000101010100010100100001110010101110100000000
0010001101111101010001100010110010001110000111001101001111010100
0010101101001100100111010010011111101000000100010100100101010000
0010011100110010010111100110011010001111100111000101001011000000
0010001000111001011100010010010010111110100110110111100101010110
0010111100110100000010011010000000000101101001000011100001010110
0010000000011010100101101011111111100000000110100101101010110000
0010001011011100011100011110111111100100011001000101101001100110
0010010101110101011000010010111000010101001010000000110000010100
0010011001011111101000100011110010010001111110000110100110010010
0010011100111111010110111010010010100101110110000001101101011000
0010001100100000001110010000110110001000001011110110110010100010
0010011001011111010110000010110010101100000111100010000111110100
0010000101111101111000111010010010011101100010011001100001000100
0010011010010001110110101000011011001000010001100011110111101100
0010001100010000100010110010100001001101101011010110100101010101
0011001101011000010101100010110010001110100111100101100001110000
0010000101011000011010010010011111001111001011100000110101010100
0010001000111001011010000010010010111010001100100000100111010000
0011010000010110000011000011110110111101000100010101101111110101
0010001000110010011111100010110010010100110111000111101111000100
0010001000111000011110010010011111001111000011000010100111110100
0010000101011101100000100010011010101101000111010001010101010100
0010111010110111000111111010110000100101000101000010001110111111
0010001101111011011001100010110110000101000011110001001111110000
0010011101110110000111101000110110101101000111000101101101100110
0010000101001101011000001000010110001100001111010001010101010100
0010011000001110010011010010110110101011000100110100001111110010
0010000100101011010111010010011011011100000010000000010111110110
0010001100011111110111001010011010101110000111100011001101110000
0011001100101010011011111011110100000001000000100111101010000011
0010011000011010000110100011110110101100000111000001001101100000
0010001101011001100111100011001010101010100111101010000001010000
00
0010010100011000100111101000010110101100010111100001101011100100
0010111101110100000111111010111110101100100111011001101100001000
0010001001011010011000001000011111101101100011000111111011110000
0010001101111000010101011100010111101100000010101110001011010100
0010001101111010011001111011110111001010000100101111100101110100
0110010101010000001110000101110010110111011111111111001111101000
0010001011101110110101111010111110101110010101100011001111110110
0010001001111010011010000010010011111111001011110010100111010100
0010001101101000011101010110100111110111011011100000100011100100
0010000101100001011010100011111110000110001111000101101101110000
1111101100111100000010001010110010101001011100100101100000111100
0010011011000000101100000000111010111111000010110011100000000100
0010000010111011011000010010011111011111010000100101010110011100
0010101101110100000100011000100010101011000000100011100010000100
0010001101011101011110000010110010101100011001010111100101000000
0010100011100010000111010110110010011100000101101001010000101001
0010001000101010010000111111010110001101001010100101000001111010
0011000100110100110000011000100010101101000000101010010010111011
0010000000111001010111100010010011011100000100001000000110010110
0010110010010001110000101001101111101010011000000101111100010010
0010001101111011011000101010010110000111001111100101001101010100
0010111010100111011001110010110010011000000000001010000100011111
0010011101111111001110100001010010001001111111001101001110000100
0010010001101111011010000010111111011101000010000001011101010100
1110010000111000011000010011010110001101101010000100101001010101
0011001100111010010111111011000111100000100101100010100101001001
0010010101100101011011001010010110110100000000110001111011010100
0010111001110101010001110000011000100101011000011000011101001100
0010111011011000000000001000111000111111001000000001100000011100
0010101111110000010101101010110010110111100110100100100001011000
0010101100110001010111101010011010100111100110100100001010011111
0011011000010010000111100101011010011001011110010000101111110001
0010000001010111011000110000011100010101001010000000101100000100
0010000101011100010000101010110101001101001001000001111101000110
0010001000111111111000010010010110000011001000000000010110010100
0000111010110011000111110010111000111010010100001100001100001100
0010001000111011011010010010011011111111000010100000000110010100
0010010000111100010100100111101101000010001101101110011000101110
0010001111111000001010001110100010101010100111100011100010010001
0010001111000111000111100010111010101001000111101001001111011000
0010001111001010110011100010010111101110000101100001101011110000
0010001101010110110001111110001011101100101111101000001000000000
0010101111111000010111001000111011101110000111101011000011000100
0010000101101001011000110010110110000101001010010101111001100100
0010010010010110110110100010010010111100010100000001001101111000
0010000101101100001100110011111100000010000010100111100000000011
0010001100011011010111100010010011101110100111000011001101110000
0010011000011110110110000000010010101101011111000010101101100100
0010011111010100110000011011110000111001001110100101010101001111
0010001101101000011100001011010100010111001010110101001101000000
0010000101011010010010000000010111101111010011000010000111010100
0010011101111111011000100000001010011101001010010000100100010100
0010001101110011010111000010111000101111010111101010000111001110
0010001101111000011101111000011100011010110010000110111111000110
0010101101110000010111001010111000000111000010100111010110010100
0010010101110000000101000000111110110111000100110110100001010101
0010010000111011011010010010110010111101000111100000000110010110
0011000111001111011101101101000110111100110101101011100001011111
0010000101011100100101101001011010001100000111001001010001100010
0010011000110010010111100010010011000101101110000111101111111000
0010101011111111100010111011101010111000000110001001000100000100
0010001101110000010001001001110100010111001010110001101001000101
0010001101011100100111000000011011101100000111001001001011110000
0011001000111100110100111000010010101110100111110110100111110010
0001000100100100111000000010111110110011101000111011100000000001
0011000011001111011101100010100110110100010100101010000000001100
0010101101111111100101100011011010001010000110001001011100010100
0000111011001111110100110011111000011101001110000101011101011111
0011111000010000101101001111011011010100001011100010101011100001
0010101001110001011111101010110010000111100111100111001011010000
0010010101010111011011101000110100010101010010011110011100101100
0010001000011011001011010010010011011110001011010000101111010011
0000000000101011001010111011110110011000101001000000001000011000
0010001000111011011011000010010101111111000111100011100111010101
0001111110100101000111101010111010100000010111010010101100001011
0011011111100101101001011011110110010011101000011100110111100000
0011010100010000010010110010001011000010101101010110010001111101
0110001000111011010101100110010010001001101010100110000001111100
0010001111110111010101111011100000011000110111001001101100001010
1010000110101001011000110011110110000111101001100100000101001101
0010101101110000001100000010111010100110000101100000000100000100
0010000000101000011000111010010110000010111001110101101111110100
0010110101101110010000110101001000001101101110000100001001000100
0010111110111110010100110100010100001110001010100111001100000111
0010110101010100110100011000110100101010011111100100110100101100
0010010001101100110101111000010101101111101111001101011101100011
0010101110111000000000001110111010000010100101000010011000001000
0010101100110000010111100011110101001110000101101111001111011010
0010000101110001011010100010011011000111001010000111100100010100
0010011101110111011000100010010110011111001111000111001110010100
0010000100000011011010011010010011010101001010010001101110000100
0010000000111001011010001010010011000011001011000101100111111100
0011001001111001011100100010110111001000111110110101111101100010
0010001101110011010111100010110000100111000111000010000011101100
0010101110000011000001101011001000100010011001011100110001111110
0010010100111011011010010110000011101101001000000010100011010101
1010001100101001010000111011010110000111101001100100001101011001
0010011111100000011001010001001010100010010011110011100010010110
0010010100100111001010010010000110111101001010010010110000000101
0010000110010111111011010101110101000000100010110100100000011101
0010100011010110110111101111110000101101000000000000000011000000
0010101100101110100001100011011010001000000110001101001110110100
0010010110011010101110101101000010010101111001010101101100000100
0010101111111111000100101010111010111000000110001001001010010100
0010111100101010001100101010000111101000100000100010110001011110
0110011100100010110100100111010110010101100010000011101110100100
0010010001111111011010000010010111011101001010010000100011000100
0010101101101111000110110110110010001000011100101111001100010110
0010010100110100110010111100100000000001100110010001010100101001
0001001101110010000110110101011010011110000010010100001010010011
0010101011011000110000111100011000100001001110000111111101010100
0010101111011101010011100011111010101000000111101001001110110001
0010001000110001100111000011001010100100000110001001001110110010
0010000110011000010010001011111111101110000111101011001011100100
0011000101001100011000110000010110000100000100110111011110010100
0011001000011100110000110000100010101110100110110111101011110100
0000001101111111000011010011010010101001000101001000000110011101
0010000101111101000100001110000010011101101000001101100100000100
0010000001011100100010000010101010101000001111100001100010000100
0010000111011001010011100011011011101110000101101001001111010001
0010100010000001100101010101101110111010110001000011011110101000
0011011101111100000100000100010011010100101010011110001111110001
0010010100011101100010001011110110101000000111100001101010110100
0010010010100111101010100110001010111101101010011011100001001001
0010010101100001011000001110010111011111100010110110001111000100
0010001101010001100000110110001000100111101001010000110110011100
0010000110101111011011111011110111110000000010000101101011110000
0011101010101111011111100111111000101010100100101001001110000001
0010001001111010010010100010110011100110001111100010000110000101
0010001110011111000100101010110011000100000011011011101111001110
0010010001101101011010010010110111010101001010010000100011010100
0010000111111101111100010000000010111110010010110011100001000100
0010001000111001011000010010000010011111000000100110100111010110
0010101101011001000111100011111010101110000111101001001110010000
0010101010101110011011000001011011111000010110111011000100000001
0010101111111101010111111010111010101000000111000101000101000000
0010000010101010011110010111011011110100010010011000001100010100
0010100101011001100101100011010010101010000111101011000000000010
0010001000101011011010010110010010011101011110000000001101010000
0010100010111000110110100000010111000010000110110111100010110000
0011111000001101011111000011110000101010100110100101001110111000
0010001110111001011000110011011100011101101011100100000001011000
0010001000111010011010010110011011100101000011000010100111010100
0010001001011000010010001110110111001111101111010011100111100100
0010001101011100010010000010010111001100101111010011101111110100
0010000000011011011010100000010011011111001111100010000110000100
0010010000111011011010010010111010111111000100100000000110010110
0010011101111111011010000000010011011101001010010011000111010100
0010000000000011011110010010110011111100000010100100100111110110
0010011001010010001111100000111010011111000111001011001011110101
0010000101011011011011000010110111111101100010010111100010000100
1100111010100110000111101011011001110010000000111001101111011100
0010000101011011011010000010010011101110100111110011100111000100
0110001010011000111000000000000011111101001010110010100011010000
0010001000111011001011010010011011101111000101000100000110010100
0010100010110011010111110011011010001000001100001101000110011100
0010100110100111101111001011011010111100000110001001000100001011
0010110101100111101111100100100010101101010110101011100000000100
0010000101111000100100101000010011101110000110000001010010110100
0011000000011010011110110011010111001101100011001111001111111110
0011010101011100000110000100000010111101101111011010000110010000
0010001100110000010101101010011111100110101100100100101101011000
0010110101101100111000010101100000111001001110000000001001000110
0010001100101010010001111010010110000101101011000100001101111100
0011001100011010000110100001011111100110100111000001101111110000
0010101101100000000011001010110010011000011100010001000000000100
0010100010110011000111100010111010100101000101101000010000001001
0010010101011100001010000000010010010101111011010101101111110100
0010101101111101000011000010011010101100000111100100000001011100
0011000111001000011100000010110111100110100111110111110011100000
0000111010000111100111011011111110111100000101101001001100011010
0100111010000110000111101011110001000000010001001000101010011010
0010101101111000011010000010110010101111100111110000011101000000
0010011100110110010111101000010010111101110011000010001111111100
1110110010000110000111100011010010010000011101011001101111011100
0010101010111101000110110100111000111001000101001001000100111001
0010000010011010111100100001100110000110000110110011001111010100
0011001101011000010110101011110111101110000111100011101001010000
0010001111011100110010001010110111101100100111110001100111110100
0010011101111111001000100010110010001001010100110101001110110100
0010001101011101110001101000000010001011000110101011000011010000
0010100101101101101010001000010010111000001110101001000001010001
0010000000111001011010010010011011010111001000100100100111000100
0010100101111111100011101001010011101100000111001010000001001100
0010101100110111000111100010110010111010000111100101001110010100
0010101001011100110010100001011010101101011001010011100111100100
0010101111001000100001010011111110101110000111101001001100010000
0010001101011101100010000000010010111010000110110010100001010000
0011001010111001011010110010110110010101101001100101000101110101
0010001100010000010110100000110010000111110111110111101111100100
0010000000111011010011010010001111100110011110100000101101000000
0010001000011010110011100110111110100010010110110111101111110100
0010010000110010000111000001010010111001011110000100101011100101
0010110010001100111011111000000111000010001110101111100011111000
0010101100100000000100101110010101001110001000111110001111010111
0010001010111111010110100101010010111100000111101000000000100100
0010000101011001000100000011011010101110000111100111000100010100
0011010000110001110101000101010111100101111011001100011001110100
0010101111011000010100101100110101001110001000101111001001000110
0011010010110001101101001101000100000101111001011100111011010101
0010011100011110000111100101010011111100111111010001101111110100
0010101100110010111000001010110010100110000000100010001101100100
0010101111110011100110011011011010101100100101001001101100001100
0010000111111111000011000010010010101101000110001000000001010100
0010000000111001011010000010011011011111001100100100100111000100
0010010001111010011010000010110111110111011011110000101111010100
0010001111011100010101101110010111110101100011101100000011011000
0010111100001101100110000010110010110011100001001010001010100100
0010101111011100000110100011011010101010000111101001001000010000
0010000000111011011000000010010111000010001011100000101111010000
0010100100111001011010110010010100000111000111000101010111111010
0010000110100010011101001100100010111100000101101001100000001001
0010001000111010011010110000010110101001101001000011100111111100
0010000000111001011010010010000011111111011010100010100111000100
0010000000011001011010000010110111100111000100100000100111100100
0010100010100111000111000111110010111000000101111001000000111000
1010000100101001011000110011010110000101101001000100000101011101
0010101001011000011000101010110010001101010010101111100111000110
1010001110111010010000111011010110000010101001100101001001001001
0010011101001110011000110000110100000101010110100111111011000000
0010010101111011001000010010011010001111001111010100000110010100
0011100110100011000101101010110010111000000010010100110010110000
0010001101011011010111010010001011001110001111100010010001000010
0010000100101010110000110110000111011000001000110011100101000110
0010001010111001011010111011010011000001001010000111000111010010
0010101101111000010110100100110101000110000111100110001001000100
0010010000101011011010010010111011111100010010000000000110010110
0000001101100000000110110011111000001110100000011100001110010111
0010011101110110000101000100010010100101110001010011000010101000
0011010100011010011110100100010010111101111111000111100111100100
1001101110111000010100111111111100100111100000100101100001001100
0010001101011110011010110010101110000001010110100111101101000000
0010100010011101100010001011111010101010000101001111001110010100
0010101101111000010010000010011000100111000110100100000001011100
0010010000011001011010010010010010101101101010000111000111110100
0000111101110000000111110011111010100000111101010000111100001100
0010101110100100011001100010100110111101010111000001101100110010
0010101101011000100111000010011010001110000111100011010010010000
0010111100011100100010001100111110101001010000000010100011110100
0000110011110101000110101000011010011101001000001101000110010100
0010111010111001111000110001100000101001001011000000000111000100
0010001000011111110110001010001010101100000111100010001111100000
0011000100001011011010010010011010111101000000110100100111110100
0000111011100111000111010111001010111000000100001000000000010001
0010101101101000001001001000010111110111000000110001100001010101
0010010100101011011000110011010110011001001010000101000101110100
0010101111110101110111100011100000101000000111000000000010011100
0011001000010001111111101111010111010100101001011100101111111110
0010101000110011010111110011111000001001000111000100000101011000
0010101101100001011110110011111100001011000011100100000010101000
0011001100100111011011010010111010111101000000110100100111110111
0010101010011100011010000011111111101010000111101011001111110000
0010001101111111100111001011011010101100000111000000001101000000
0010010000011001011010000010110110010111001010000000100111000100
0010000100101011011010100011110110010101101001000101001101000100
0010011000011110010110000010010010101100110111000010001111111000
0010111100101101000010010010110100101101010100000101100101110110
0010010000111011011010010110110111010111011010110010100111010100
0011001010011000011010011110011111100100010001000010100011100101
0010010001111001011000010010010110011101001011110000100111000100
0010000010101011001011010010010011011100001010111111110111110111
0000101111111111000111001011011010101000000111001000000010011100
0000111100011111100011101011010110101000000101001000001110010000
0010001000011000111000010010111111100111000011110111100111000110
0000100111011101100010001111001010101000000111101001000010000100
1110000000111011011010110011010110001001101011000101000111111100
0010011001111111011011010010000110001111001001000001000111010100
0010100111011101000000001110101011110010000111101001100000100101
0010001111001001111000011011001110011000000001100001011010010000
0010000000110010010111100100000011101110001111100010100101000000
0011001000011001011010010010110111100100000101110111100111110101
0000101111111101000110111011101010101000000110001001001100000010
0000111110100001000110110001110001011101000100001101001101011111
0010010000101111001010010010011010110000001000010000000101010111
0010111001101110010111001000110010101001000010100110000111010100
0010001000111110011010010010010010101101000001010010100111110101
0010001110011101001110111111001011000010100110101000100010100100
0010001101011000000111101011011010101100000111001001001101111000
0011101100111000010000001010110110001110000000110111001111000101
0010001101101101010110011010111010100100000110001100001101011000
0010100010110001110111100000111000000111001100001111000110011100
0010111101000110010000001000110110011101001000010001000110000100
0010011100110110001110100011110010111100110111000101101111110000
0011000100100010111010101010110010011001010100100001010110111101
0010000000111001011010110011010010000001001011000101000111011100
0010001111011100010010111010100010101000011110000011100001000100
0010011101111111110011001000010110001101000001010010000011100100
0010000100101001011000110011010110000000001001000101000101001101
0010001100111100010011110010111010001111000111000001000101110100
0010100010110001110111101001011001100110001100001101100100001000
0000011101111111100001001001001010101101101011011111010010110100
0011001110001101010011000110010010010011000000110010100101000110
0010001101011111010010001010010010101100010011100010000001001000
0010100000010100010111001110011011010001101101010101001100111010
0010000000111001011010000010010110000111101001000101000101111100
0010010000011011000011010011110011001100001100100000101110011000
0011010000101000001110010010011111011001100011010101000101100110
0010000000110011000001110110001111110111110001000101111010011001
0010111101100111000100101011110110011101000011010101101101000110
0011000000000001001010010010011011011001100001110111011110000000
0010000101111111011010010100000010111100001001010010100001000101
0010010100111111011010110110011000101101001101000110000101110111
0010101111011100010110001010110010100010110111100101000011100100
0010010000011011111000010010011010100101000010100101100111000110
0010001000101011011010010010111111011000001010110000001100010100
0010010000111111001010010010011010011101001100000000000100010101
0010000000101001001001010010011111011000000101110000111101010111
0010000000101000011011000010000110100111001101100100100101000010
0010010000101011001010010010110010111111000101000100000110000110
0010001100111000010111001010010101100110100101110101101101011000
0010000101111111000110010000000010111110000110111000100100000001
0010101010110010000100111101111111111001001000010100010100001011
0010010010101100011011010010110110110110001110100100001111110010
0010001000011010011011000110110111110111010011100011101111100100
0010110000100001000011100010010011010010001000001101101110011100
0000101110101110000111110010111000111000000101100110001001011000
1011100110001010101000111010001101001001100101010111000000011011
0010001101111110011000101101001011100111010001010010110011010100
0010001101111101011011100011110010101010000101011111001110010100
0010010001111111011000010010110111010101001010010001100101000100
0010010000011010011010000010000011011111011011010011000011100100
0010001110001010010101001010100100101010011101101110001111001011
0010110001111010010001100110110110110110111110001011001111000100
0010101111011101010011000011111010101000000111101011001110010000
0010001101101011011000110011110111011111000011100101111000010100
0010101011001010110011101000001010101111001000110010010010001100
1110000000111101010010110011010101001100001111000101000111111110
0011001000011000011010100010110111100110100111110111101010110100
0011001101111100000101111100010111000111100100110001011111010001
0010000000111011001101101000010001001000101111000101100010000110
0010001100010000010100101010110110001111001010100110000011010001
0010000000101001011010010011010110011001101001000101000101111101
0010011001011111000011001011110010111101000110100001000011010100
0010000110000011001101001001000001100100110000010110111001010010
0010001111111110010011001011110010101100110111000010000011011100
0101011010010011010111000110000010111100110111111010111110110100
0010111000100111010001001010110010001001000000100001010010111001
0010010100101000010010110110111100010111001011000001111100000100
0010100110101100011010100110010111101000001100000000100011010010
0010011101100010001111010000000010101110000011000010010000111001
0000100110011111000010000111000010101001001111011111100010100100
0010001101111101000010001010010010101101100110000010000011010101
0010010111011101000011101000000011111101000101000001000100000000
0010001001011100010010100000100010100100100011010110100111011000
0010101101110000000110001010110111000111001010010011100100010001
0010101011011101110000011111111010001001000011100011000010010100
0010010001011110011000010000111111011111001010110001111100010100
0011000110001001011000010010011111011111000011110101111110010000
0010010000100011100000100001000111011111001100001100001100010100
0010000010001110011000010010100011011110011010000011110111010100
0010000001101110011000010010001011010110011010110011010101000100
0010000000111111001010010010010011111110000110100010100110010000
0010010001011101101000010000111010011101011000110010010100001110
0010011010100111011010010010011110101100001100100000001101010010
0010010101011100011100110100010100001101000010000101000011000110
0010001101011010010100111000001011101100001111110110100001100110
0010010000111000011000010010011110000110000010110111000111100101
1010100100011101010010010000011010100001001011110100100001100100
0010000000101010011000010010010111111110001000100001100110010101
0010000100101110011010010010000011011111001000000100100111010110
0011000000101100100000011001000001100110100110100111100000100101
0010010000101111011110110010010010110101000100001100000100001110
0010000000111001011010000010010111000110011100110000100111000000
0010011000010011011010010110010110011111001010000001110100000110
0010001010111000110110001110010111100101000010000010100011110100
0010110111011101100010000110100010101100000111101011000010000100
0010011000101001011010010010100010011111011000010001100111010110
0110000101101100101101111010000010001000111001111101111111101110
0010000100101011011000000110111110100011000001010110000111000100
0010101100100001010110100111111000010111000101101110001001000000
0010001101011110110100000010000101100110000011100010010101100010
0010010101111101101000010010001110001101001001010000000110000100
0010010000001100000101001011010111000100100111001011110011110010
0010000001011011001000010111110111011000001111110001100110110100
0010110111111111011111111101000101100010110100000000111000101000
0010010011111001011010000001010111010111001010000010111011000100
0010000000011001011010010010010011000110001111100101100111110100
0010011001001100100100101001001010111000000010110000100001100000
0011010110001100000110101011111001001001010011000100101100001101
0010101111111011100111101001110010000000000111001100111010101010
0010101010110001010111111001111011111010001100001000001100011111
0010100010111011011111010010111011011110000110101000100101000001
0010010100101010111010101010100111101011111100100110010100001111
0011001100111011111100101010000010101100100110100011101101000000
0011001111001000011101000011110111100110000101100011001100000000
0010001001011000011000100001100110100110000011110111101110110000
0010001100011010011010000110110111100100100111110111100111110000
0011101110111110010100111110111110100011100001011001101000010101
0010011100001010011011100000110011100110101110110011101110110000
0010011111111101011100110010000010010111001000110110001011110101
0010000000010000111010011110010011100110100111111101111011010100
0010011001011010111100100001110111100110000111010111010110110000
0011001101011100000111100010110001101100000011001101110111101111
0011000010011011010000100010010110100110000100111111101111010100
0010010011111111000111001010010011101100000111000011001110100100
0010001100010000010111100001000001010101000111010111110111100001
0010001101011011100001101001111101011111000100011111011111000000
0011001100001011001010010011010001110111000000001100100001010010
0011100000000011011011100000011010111000000110110111111010110000
0010011000100010001110110001010001101010010011010111110011100011
0010010000111100110100110010000011000010001011111011101110111001
0010100010001100001010100000110111100010001111111110101110000001
0010111100111010010011100001011111101000111011001100111011010010
0010001101001101100101000101000011000001001001011011100110010010
0011001000111000011011100001011111101110000111110111001011100000
0010010000100011000001100110100001111000101100100110101000101101
0010010111101100000100001000010011100010011011000111101010111101
0010001101010010010010011000110101001100010011000110101011010110
0010000101101000110110110000100010011010010001110111001110011011
0010000010001010100010011000110010101110110111111011101010000100
0010010001011100101000100101011111100010000111010111111111100100
0000111010100111000111110011101100011101000111011001101100011010
0010011001111100010100010000110010101111010011000010000001100100
0010001010011000011000110010010001100110100111110111101000100100
0010101000011001110100001000100011000001100000110111110011111001
0010000010011100110000100000111110110011001100100010000100100001
0010000111000100011111000010110110110110100101100101111000010001
1010010010011101110010101101110110000001011000100101101000110110
0010001100111110110111001100010011101100010011001010000011111101
0011000100100010010111100000010111001100100111101101100110000010
0000010101111001011010011001110111110100010110001011001000000100
0010101010011100001000101000000000101011010101000010100001001100
0010000110111100101100111001110011101010111110001111100100111000
0011100100111011010101101010000010000101000011111110100010100101
0010011011000100100100000110011110110110100010000011011000000011
0010000100101110101100111001000010101010100110101011100001110010
0010000111101100100111101000100111101110000101001111101000100001
0010101101011010011110100010111011100110000011100111001111010000
0010001001011000110110010010110111100110100111010111101011110001
0010100010001010110000101110000111100000000000001101101001000000
0010000001011011011100100000001010100111100011111111110110001000
0010001000011111111111101000110110001110011001100111010110011100
0011001100011100010110101000110110000100100101101010010011110100
0011011000000010100011101010100111000110010011111001101111011100
0010111000110001000101010000101010110100000101000101101110100011
0010101101110000011111010110110011001110001001001111001101100101
0010011101010000010100010011101000100110000011000011010010110100
0011000011000110011101100010101110101100100101100100011111001000
0010000111101001111110100111111101001110001010111101100110101001
0010101101010001010111100010111000100111000111100100010000011100
0010010111010001101101011000001010001101111010010111110001010010
0010100010110000110111101001010011000010001001111011100110011100
0010100011110001110110001100001011101001101100001111100110111000
0010000100111010010100100000110011100110100100110101010110110100
0011001010110000000010001000110111100110010111110110100101001010
0010001101001100001100000011110110100110001111100111101110111001
0010001010011000011000000110111111110110100111110000101111110000
0010101010010000011100010110001111000011100001010010101010001101
0010000101111110110011101001110001001101010010000010011011001010
0011000101100011010101100100000010001101110001000110111111101101
0010001001111000010100000001010011100110000011110111110110100010
0010001101011110011010011011100111100110100111000101111011101010
0010001101111100100000011000110111111110101001011111010000110010
0010001101111110011101011000010011101100111111000111111101010110
0010000100011000110111101010010010101111000101100111101010011110
0010001101011000111010101010101111100111101111001111101110110100
0011000110001010101110111001011011111100100010011101101010000001
0010010011000111111000100110001111010010000001010111011010100111
0010000110100100000111111101000111100010000100001110100011011010
0010011001011110111010001010110000101100110101100111001011010000
0010001101111111110001001000111010101101100011100100111101111001
0100000101001011001111110000101000001001100000111001000011000110
0010100101101010110101100000011010001110000010101011000001011000
0010110111011110100110001010010000000100100111110001001011101111
0011000111011100100100101010101111101100000011011000100000000101
0010001001000010110100110011110000100001111110111101101100001010
0010100100000110100110100000111100000111000000010011111000111010
0011000001011011011110100011111111111110100011111111100110000000
0011010101110111101000110110011111100001011001111100101010100100
0010011100101111101011100001001110111011010100001100011100010110
0011110011011011111001001010111001111111110011000001000111011001
0010000010010000111011001000111011000010000110110111001010110110
0010000010001000010110000000110111100100100111110110100110000000
0010111010010010111000010000001011101100000000100010001111010101
0010101101110001010100101000111011101011100011110010110000110111
0010000000011010010011100010010001101100110011000110100011011100
0011001100000110011001000010110110100100100101101111001111110000
0011010010011011011011000110110000111111010100101111000111001100
0010000000101110100101110000010011100000100111000001101111110100
0010001011111010111010100010010011000110000011111111000111010100
0010000101001000010001100100110110110011010101100110101111110101
0011000100000010011011011010110011101100000010110110110110110100
0010000101001010110101000010001110001010000011001011011101110010
0011110001001000010100101001001011000001011111001001000101000000
0010010011010110101111100110111111000000101000001001110000011010
0010000010100000110110101101111001001000010101001100011110101001
0010111110110000111000011111010111110000110011110110111111000000
0010100010111000110001000101101010000011001101001111100100111011
0010010000011010000001000101101110001001001111010010110101111011
0010011001001101000000110000000010100101011000010110000101000100
0010000000001000010101110001010111000111000010111010010000100001
0010010001010111100110001010010110101100010001100011001011100000
0010001101101110010011011000010011101100000011000011111001110100
0010110101001101101110110010010011011101110100110100001101010111
0010101011110010111101001000011011111110000010111011000100011100
0010111001011111101111011000010100100100010101100111111101010010
0010101011100011100111110011001100001100100101000001011101100010
0010001000110010100101011110001011100101100010001000101101101010
0011000111000111011101100010110110110100100101101100010110101001
0011110100111010011100101000000111001101110000000011110001111110
0010111011001111000110000011100100011100100101111101001110011011
0010001001011111000100101000010011100100111111001111111100100100
0010101100010110101111001011011011111100000001111010011001000011
0010001000011101000111000010110111100100000111011111101111110001
0010011000110111100101110011011011110100000101001010000001111111
0011000001001000011101100001011111001110000111000011111011110000
0011010000011000011100001011110101001110000100111110111101100001
0010000101111000110101100001011011000110000111001001010000101000
0010001101011000010110100011010111000110000111010111101111110000
0011101111110011001000101111110011011110011000101011100110001100
0010001111111100111100010001110011001100100011111101101000111000
0010010000010010100101000001101110010011001110100001110010110110
0010101000101111010110001010010110110110100001100010000001100110
0010001000111000010100101101010110100010001001110010010100100011
0010111011001100111111010001101110101110000011000010110000110011
0010111111000000010111001010110101000101101011000010101100100100
0011001111111011001100111000001010101000100111000000101001000000
0010011000011011111010001010010111101100000011100111101111110000
0010001000011010111110101010110111001111101111000011001111110100
0011000111110001100101101000001010111100100111010001100000010000
0010000101111000111010001101010100010100101101011100000001111001
0011000101000111101010110101101001001000111010000100010000010101
0011001000011000001101000001010111000110000111111101100000111010
0010001000011010110100000010011011100110000111000110101101110000
0010110011000101111000001100110001101001001110001100100101111000
0010000001111000011100110000110010100110001111110011100100111001
0010001101111000011011000010110110101111100011101110001111001000
0010001101011010010010001000000010100101011011110001000101100000
0011011100000100011001000010100001110110011010111011110110011000
0011101100100110010001001010110010001001000000100001010010111001
0001010110111111111011101110011100100111010110111010101111100000
0011001000001000001100100010010101000010000011011010101011100010
0010001100011101001110110100110001100000000001011101111100000001
0010010001111110110101001110010001001101100110101011110010001100
0010101100110110110001101000010000001110010000100111100110001000
0010011000011000111000000010000010011110100111110110101101100001
0010100100001001010001110001110010100000010100100011000110110000
0010101000110001111110101000011011001010000100000110011101101010
0010000101011100011000000001110011100100100011100111100110101001
0011001111000100111110011101010110011000001010011010000110101101
0010001101111101011100111010100010001000111110000101111101000010
1011010001100001100111000010111101010011001000111101001100010101
0010100100101100011011111010010111000010000100101010100001110000
0010110010000100011110101000000011100010000000011111101001010000
0010001101111000010111000000010011101110000111000010001011101110
0010010000010000011010100111110101000010110110001110101111000000
0010001101001110010001001000000111100100110011010110000110100000
0010001101111111011111001010110010101101110110000111000111001100
0010101100111000010110000010110010100111000011110011010110110001
0010011000011010010110001010010110100100111001100010010101101000
0010001001110110000111000000010011101100100011000010000110101011
0010011001011010110010011000010111101110000111100111101111100000
0011001101010100111001100011111110101110100111100111101011111001
0010011001001010001010000110010010010100001000011110010101111100
0011000101000110101110010001101000011110100011000000011010100010
0010001000011111010111001000010001111101011000101110100011101001
0010100111011110000000010011000101110100001111111011100001001011
00
1111011100101111010010100000010100110110001011011001000100001001
0011001000011100011110000010110111100110100111000111101011110000
0010000101010010001110101010010011101100100110010010001110000010
0011001101011010010111101100000111101010101111110010111101000000
0010011000001011111000011010001101101100000001100111101101101000
0010001100010010011111000010110110100101100111100111111011111000
0010011011011000010101101010010010100110010111000101101010111010
0011001001011111011011001010110011111110100110001010000011111001
0011011101000110010001001000010010101001010000011001010010110000
0010101111010010011100001111000011001111010111010111111100100011
0010000101001000100001000000110111110110100111000111101011010000
0010011000011011110111001010010010100100100001000110011101101000
0010111011010110110110011010010111010100101110000001110111110000
0010001101111010010111100110010011101001111011010000011010001010
0010001000101111010000011011000110100100000011001111011101101010
0010001101111100000100010011110010100110000001111010000000110001
0010001000111010010111001000010011101111110111000111000111111100
0010101101011011011100010000111100001110001111100111101001110000
0010100010110001110111101001011011000010001100001111000110011100
0010000000001011101111001001110110001101000111001001011001101100
0010001000111100011000010000110011101110000111110111101010111001
0010010001111110010111000000110011101111110111001111000011101100
0010001000110110010011101001010011101111100011000010000001011101
0010011001111100111100010001100011101110000111111111111010111101
0010010011110100101110001100001011111100100110111011100001010101
0010011001001011110110011000010110101100010101100011001101100010
1001110111010011011000101011011101010111000001110001000000010101
0010011110100110000101001010111001110110110010010111110000000011
0010011000011011100010001010010110101100011001100111001101000000
0010011010101111000111000011111100111101000111011001100101011110
0010101110110010100111001010100010100011001111010011101110110100
0010111111101100011010000010010011111001101010010011100010111100
0010001101111101011100111010100010001000111110000101111101000010
0010011101101011001101010000010001110010001100010110110101001100
0011000111101101001010010001101110000000001011100100110110010111
0010000001011101011110100110100001100100000101011011111000000111
0010110000100000011100100101111000110100110010001000011000110010
0010010000001100111110101010100110000101101001011110110011111011
0011000101011000010101100001110011101100110111000011001110101111
0011001010000011101001111010110110100101100011100100101100101100
0010101000011011100100011110010110101100010001100111001001110100
0010101010111001110111001001011110000010010101100000100101110000
0010111011011100110000110000101000101101011000000010100001000100
0010110101010000110000000001001110001110100011001000011101110010
0011000100110100100100111100000010101110100110111011110000000010
0010001001010000101010011011110011100010101110111101001100010000
0010100010110001110111101001011011000010001100001111000110011100
0010101001001111100011000000011110010000010110110111101101110111
0010001100011110010111001000110110101100010001100000000010110001
0010111000001011101100010000101110101100010001100010001101101000
0010100010110011000101101001110011000000010111010111100010111000
0010011001001010001110011001010101101100011011000010110001110110
0010001110001010100001001010010001100111000001101110000001101010
0011000000001011010101100010010110101100100111100101110111001000
0010100010110001110111101001011011000010001100001111000110011100
0010001001111000010010001000110110100111110111100011100100010001
0010011000011110010111001000010110101100010001100010001101111100
0010001101111110010111001000010011101101110011000010000011111100
0010010110101100010011101011110011101001101001100010001001011101
0010011001011011111110011000010110101100000001100011101101101010
0010111010011100111010010000101001101100010110110111101011110100
0010001110111010111110101100010011111100100011101001000111111100
0010101100110011100001011010001011100100100000100000001011000001
0010010101010010010011001000000101101110110101000111100011100011
0010001101111000011110000000110011101110100111110111101111111000
0010011000111110101010010110111001111001011101101001011000111100
0011000110111011010111001000110010111100000111010110101011110000
0010011111010100110110001100100011111011110111110101110110000010
0000001001100110011010010110010101110010000011000100000101101110
0010100110000100110110011110100110001000011000001110010111111100
0010001101010110010110100110110001100101010011011110110011100101
0010011011011100010000000000100010101110100110100111001011110100
0001000000010101010010011010101000000000000011100000001000000010
0011011010011010011011000110110111110110100101110111101111001100
0011000001011010001010001110010011110100011101011110000001100110
0010011001011110110110001000010110101100010001000010001101101100
0011000010101111010101010111110101000000011010110011011111000100
0010011011011010011111000100110011101111110111100010000111101100
0010101100001110100110000010110011100111010001000011110000111111
0001100001100111000010001000010010010111100010000100000001110110
0010011001100110100101110000101000101001000100000100010101000110
0010111001011111110000001010011110101100011001100010001101100100
0010101101110000010111011110010111101001100011010001000111101100
0011101100011010011000001010101110000110100100110011100110110000
0011000100111001000101100000110010101010000111010001101010111000
0010001100100110010111001010110011101101100011000010000011111101
0010001111110010110101100101011001101111110111110110011011001010
0010011010111000100110010101001011101001010100001111100011011010
0011001000011000010110010011110001100011000110110110101011110001
0010111110001110011010100001111101001010100001010100101011100101
0010001000011101110110101000010010101100110100101010000101100000
0010000111011000011100100000000001101101111010010010100110100100
0010111011010110100100001000011010111101001010011011110010110000
0010011000011010011110011010010110001100000100100001000100101010
0010011000001111000111011011011110101100000101110001101101101010
0010010001011001100100011100010011001100011001001100100110110110
0010011000011011010010001010010110101100010001100111001101101100
0011000000000011000001000111101111011100100001100111010101000101
0010001000010000011100001000010011101110100011110111100111100000
0011011000010001010001011010011110000100001101000110001101110100
0010001001111110000111001001011110111001100111100000100011111110
0010001101111110011101011000010011101100111111000111111101010110
0010011110111110000001001001000011100100110011000010110011111000
0011010010111000101101101110010000111111100110101111100010001100
0010111010010101111010111001001010101000010110110110000101100011
0010011110011100111111110100111110100110010111100100000000000110
0010001101111010011110001000000111101011101101000111100100010010
0011000100010011001011101010000011011100010000110101100010100011
0010100010001010110000101101011101100010010000000010111111000000
0010001101000100000000011101010110100110001100111111001111110111
0011000100111000001101010000100110110110100110110011011010110000
0011010010010000111110001110000111000100111001010100111011110101
0011001000110001001000001001100110100110100101110101101111010000
0010010010101111001111000010111000111011010100101111000110011100
0010011000011010010110111000000010001101111001000010111011011000
0010110010010011100101101000100010111000000110010000110010110000
0010111011011011100111111100100110000100000111100011100110101000
0100110111011010001101001100111101001000100101010011100100011110
0010011000010101110100001010011110111101000011110011101001100000
0010001000100010110001111110001010100100111110001100001111111010
0010011100000010110011001001000111001111010101000010100100000001
0010001111111100100001000010001110101011001101111101001110010110
0011001100011000011111000010110001100111110111101111000111011000
0010010001011010100110100001111000101001110110111010101010111110
0010000111010110011101000010010010111101100001110010010010111000
0010011001011111110110011000010100101100010001100010101101100000
0010000011011110110101101100011011101100010000100000011010011100
0010000001111110000111010000110011101111101111000111101000110101
0011000110011011000101101000111111111110100110110011010110100100
0010010010110001110111001101011011010010001100001111000110011100
0010111000111010011100111000110101101011110111100010000101110110
0001010011100101000101001011001110111000101101011011100000101010
0010010000110011101000111001000110001001011101011000010100010101
0010111000100110010100101001110010011000000010101001010000110010
0011001100110100010000001010110010101110100110110011110010110000
0011001101011000010111100010110011001110100101100001010101000010
0011001100110100010100111110100010001000001100100001011111000010
0010001100111010110001100010010111001101100111101111101111010000
0010000100111000010001111000010111001111100110101011101011000100
0010011001111110000011010010010010101111000111001000000011010101
0010001111011000110011101001011110001000001110110001101101110000
0010000101111001010000100010010110001110000111010111001101110000
0010000101011100110100101010111010000101001111000101110001000100
0001110000011010010001000111100010001001001101011111100101111011
0010001111011111010011000010010010101101000111000000000001010100
0010101111111101100111110100111110001111100100111001011100010001
0000001111111100011100111101011010000110001011110111011000110100
0110001001101110010111100110001101100100100011010010100000000100
0010001111111110011100110000001000101010111111100011000100000100
0010001110011110010010101011111110001010001101010001011100010000
0011110010010110111111101100010011011001011101010001101101110110
0011011000011011001111110110110010011000110110110001101101010010
0010101111111101110111101011110011101000010111000001001000001010
0010011101010010010111101000110010001101100111010101101111100100
0010010101011100010100010010110011101101101111001011100011100100
00
0010110101011011111111010101000001100000010010111111111101101100
0010000101011101011010000010110010101100000111100101000111000100
0010010101111100111100111010100000101000111000000010101011100111
0111100011011101010101101100111011011010001111010100111100000101
0010011100111010011101000010100110101111000010100110000110101001
0010101011110111100011111100010110100000010001011111011100110011
0011101010101101011101101011111000000100100001110111100101011011
0010000000101011110100100010010111001010001001100000110110000000
0010001001111000010101110000101010000011001101110101110010101010
0010000101001000111000000000110111101110001110010011101001100101
0010110110110010010100000110011010110101000101100110100000101001
0010011000011000110110000111010110101110010111100101100001110000
0010100010001100011011001000010111100011100101000110000011111000
0010111000101010011000110010011000011110001000100001000100100100
0000100100100110011010100111001000111110100110001000001100001111
0010001100101010011001000001010010001001000000000011010110010001
0010011010011111110111000011111111101000000111101011101111100000
0010000100011010010111011101011101101101101111111101101011000001
0010011101100100111000101010110110111100110111010110101011000100
0110000000000010110101101110100111010101010000000011101111101100
0010100010001111100110001001101100101111000001100100101000011100
0010010000001011011000100010010110011111001011010001111111000100
0010111111011101110001011000110110111101001100000101100101001110
0010111010111001111000110001100000101001001011000000000111000100
0010001000111010011000000010010111101001100011000110100111111100
0010101111111101001111110111101000101000000110101111011000001000
0010100111011110100011001111110010101001000000001000000011110100
0010111100110010001111100111010110100111100111100111101110110000
1010100100111001010100110111110100001000101011100101001110101000
0010101100101000011010000010110100100111000001100110000001010100
0010100111100101100010011111001000111100000111101000000010000100
0010001000101011000111110011010010101010000101000100000111101110
0010101101111111010110001010011010101000000111100000001101001000
0010101011111101000111000010001000101101000111000110000011001100
0010010001011100101000100101011111100010000111010111111111100100
0010011001011000001000100010110111100111100010011101111111000000
0110110011010110100100101000001011011110001010111011100110010100
0010000011010010111101000101110011111110101101001111100111011101
0010000100010001100001010000000001100111000000000000001001110100
0010000101111011011011000010011010100101000001000010100111001101
0010001100011000110000100010110111100110000101010111001011110001
0000001111101100100101100011001110001011001000011101000100010101
0010101110110001010111111000110010000000001110000111110110001000
0011001101111000010011101000000011100101100011101110100011011000
0010001101011000111010101010101111100111101111001111101110110100
0010001001111000010111100000010111101110101110001111001010111000
0010001000011101000111000010110111100100000111011111101111110001
0010000101000000011101010100010011001111100011010011100011110110
0010011101101110100100100001000010001111001011010011000010010100
0010010000101111111010011000010110101000110000110110011001101100
0010001000011000010010100000110010001101010111110111101110100100
0010001000110110100101011000000011101100110111000011101000101011
0010100010001100100101001000010001000000001001001011010001000100
0011000100110100100100111100000010101110100110111011110000000010
0010101111110010010110011110000111101101110101000010000000111010
0010101110110001100011111001000011101110001101001101101100110100
0001111110100011000001011010001010001100100001010001110010011100
0010011001011011111110011000010110101100000001100011101101101010
0010001101000011011011110010010100000101100011000111101111111000
0010010101000000011100101011010110001001110101110011100110010001
0010101011110011110110110000001100000100000101000000010100111110
0100000110110111111011110001111100010100010010011000100010000001
0100100110110110011010110001101011101110101001111101001111100100
0011000010011000111011000010000110000110100101011100111110110100
0010001001001010011011001000110010101101100111001111100111111100
0010010011111001101111100010000000011001110111101101100010001100
0010001001001010011100111010000110101000100110000101111111010110
