0010001001011011011100110111110010100010011101110000000000010010
0010100010010001110101101101011011000010001100000111000110001000
0010001010100101110100100110010111101100111011110000010000001111
0010001111000111111000101010010110110011101101000101001110101011
0010111010110101110111000100010011111000001101110010111011110010
0011000011000101111100110110001011100110110111100101010100000110
0010100110101110010011111101000111100010011100000110100001101011
0010001101111000011110010010100111101010100011000111100110111010
0010001110000101010100100000010011100101111011110100100100001100
0010100000011111011101011000010111100001010011110110100000111100
0010010101000010101001001010011101010110011001110111001011010111
0011000011010101100010001100101101111111011111011001000100011000
0010010010000001111010100010000100101110011011101100110111001110
0010001100110010010101101110001011100111101111000010110000111000
0010100000000101011010110001111111000010101100110010101111000010
0010011110101010100001111000111001010101100101010101110000001100
0010111010100100010111110110110110101010011111110101001100110110
0010001000010000011000011101100110010010111111111101101111101100
0010001101111000011100110001110010100110000011110011100110111001
0010000100100010110101100110011000111110010010010110100101001000
0010100110110100100110100101110011000110011101011111011100010110
0010100010110010110100011001011011010011000111101101001111111100
0010000000011001110100100010011110010110011101010100010000001010
0010001001001110011101010001001111100110011110110110000100101000
0010011011011100100110110010010111110100110101110010001100100010
0011111011000111010101100010111100100110001101100000000011001101
0010100110110001110110101011100011010010001100011111010110011011
0110010000101010010111111011100110100100111010001101111011010010
0000000010110110101100010101000010110110010001111100001110001101
0010001101111110010111001000010011101101110011001100111001110010
0010000111000101011011100010011100110110101101101111010111001101
0010000100010011110111101000110010010010000101100101010100101100
0010000100001101010100010000110110101000100111001101101010101000
0010110001110001110100101010100110111010101100001001010010001101
0010101000010001110101110110011010100010001001011101100010001110
0010011001000010001011010001101101101100000110000111101001010110
0010000101100111101011000011000001000111111111000101111000111100
0010001101111110010111001000010011101101110011000010000011111100
0010111110100001110111110110001011100010001110000000001000101110
0010101100110001110111100010011011000111000100100100010001001000
0010011001100101110101110010011010100100011011001100010010101110
0010101000100100110111111001000101101000100110010100110000110010
0010100101001110100101111001000100100100011111011111100100011010
0010001010011101011110011111001101101101111111011000010001011010
0010110001001111101111111100010110011100011100010011010100000010
0010001001101010111100001010010111001001001100000010000010100110
0110000101111001101101110101111111000000011101001100001100101010
0010011111101010011100111011100111111110100111100000011101001101
0010000011010001110110100011011010000011001111000100010100001000
0010001001000100111010010111110111110000001110110000101111100000
0010001110100001110101100001011011100110100000001010001110001101
0010001101111110010100100100000101100100010000011110100110011101
0010111010110110110111011001010011000100101110000111100000111001
0010110111010101100111010101110101001000100111011101101000000001
0010001101110011010111101000010010001111000111000011100010101110
0010101010101100110110101101011111100001001110010110000100100010
0010101011011001010110110101111111001110011110011110110010011000
0010000100000100000101110100010001000110101111111000001100001101
0010011010010111101100100111100010110010011100010100010110001111
0010010000010101100010110100010111100110111110010110000100010000
0010100010010111001100100111111110101110100001110101101110000001
0100001111010110010001111000001110100100010001000011010110000111
0010101011110000000101001011010011000000001100101101010010011110
0010100110110101110011101100110100000110010101100111000110111110
0010010011110101100100011100001011111100101010010011101010100001
0010011000001110110111001010010111101000010001100100110001001111
0010001101110101111101100100011011001111011011000010010111001010
0010000000001011000100111011100111100010011000101111010001011000
0011111111100111110101110010010011110010010001111100110010101110
0010001101001111011101100010100111100100000001110011101100001010
0010001110100101110111110110010010101100011101111100100100001111
0010000100000101110111110000010110110110110101100110001100000001
0010010100100011111111110010011011010110101101001101100010011110
0010110010011011100000111100010011101010110111100100111110010011
0010001100000010110001001010011011100001101100110100101001100000
0010000000101011100000100011000111011010100001100000001101001010
0010010111100111011001100010000001110100100101000111011110101100
0010011010010011110110101110010110101100011001100010001101101110
0010011101101111010010111000010101100111001011011100010110100100
0011010111000101111101110010000110110001001101101100101010000110
0011111000100011110111100011010111000011001100001101100100101110
0010011000000101110010010110010111100110000111011101000101001010
0010001001101110010111101001010011101001110001110101000011111110
0011111011011111101111111100110100100100110101110011111001010010
0011011111000101111101100010000010100011000001001000100010001110
0010100010110010100110010001011000010111000011111101101111000001
0011011110110010001110111110000001100101000001001110111100011000
0010011000101011001101110000010001100110100011001100100000111110
0010001100101101000111011010000110001010010101100010000101101001
0010000000000110110101111110000010100110010100000110001100100010
0010001101110010010111000000111000000111000111100100010001101000
0011110110001100100101110101000100101000010101110010101110101110
0010010110000100110101100010111011010010100100011110111010010111
0010001110010000010101111110110100111101000011100111101110101111
0010010010100011001101100011100000101010110100011011100110000011
0000001101001001110001010010000110110100000000010111100010001100
0010111111000000111111010110011000000101100011000011010101001111
0010101001111010010100111110000111101001111110101100011100101010
0011001000000101111101110110000001101101011000001100110110001111
0010010010000111101011010010010101101010111001111100100010001001
0010001100101110010011011001010011101100110011001110100100101001
0010001001010001100100001100000110101101001001110010111000100010
0010100101011100010000000000110111000110111101001110111100010001
0010000110110101110111100100010011110001100001000011001100010000
0010011010000110100101111010010011111111011011011000000011001011
0011101000000001011010001011111101011000101000110001100000100001
0010000111110000110011110100000010101111100011000111001110001111
0010010011000110100100001111000111100010000101100111111100101110
0010101100110011100001011010001011100100100000100000001011000001
0010100111101110000110010000010011111101101011101110011001110010
0010000101000100000000010000010101100010011011010100111101010101
0010100001011101100100000001100101101000100001001101101000000110
0010011101100101110111100000001001101101110111000011011110010100
0010011001011111111110011000010111101100010111100110101101101000
0110001000100010110101101110001010100100111010011100101100101000
0011000110110100110101000000000110111100011111101100011101001100
0010001101111110010111100000010011101100000011101010000011111100
0010001011010100100110101100010101100111010111000110000000011000
0010010011110000111000001011110011000010000011010111110110010101
0011001000100101110101111011110010101000111110111100010101100110
0010011101100011010001011000010001100000010000001001011101001001
0010000110111000011100111011100011100110000111000011100110101010
0010100100100011000101110101101100010110110110100011010110011000
0011010000010101100010100000010111101010011011011100100001100011
0000000000010111010110001010010010010111110001100000000001101010
0010000110000000110000110110010010010110100101011101011110001101
0011000111000111011101100010100110110100100101100100111110111000
0010000111101101010111100000010101001100110101101010111110000100
0010000001101101100000100010010010011111101111001000011101001000
0010000110000110111111110010010110110110001101101110100001011100
0010001000001101110110100010010110101111010001111010001100101001
0010011001001101100100111001000110100110011110000010010101101010
0010000000010001100000110000000010010010001101010111011101111001
0010010100101110100101010100000011010110101100010111111111110100
0010001000011100010100000000011110101111000011101110001000101101
0010100010010101110111101110011011100111001100011100000010011110
0010100010010101110111101110011011100111001100011100000010011110
0010000001011001000101100110010110100110011111011101000110000100
0010100010110011110111101001010011000010001100001101101100111110
0010010010010111010011001110001000110101001111010110001100101001
0010100110110111010111100001100010010110001100000111001110011000
0010001001111111000101100100100111101111111110000010000100110000
0010010101111101100000011010100110101110111111000011000011101101
0011001001011101000110000100110011100010001011011111111100000001
0010101101010000110111111000010110000010101000101010000111100000
0010001110001010010111001000010000101101000000100111001001011110
0010101100110001001000011010111011100100100000100000001011000001
0010111010101110000011010101000111000111101010110011111000000100
0010101000100011111111100010011010100111001100110101000001000101
0010001100111011000111001000010110001100011101100111000100010000
0010101111011011110110100010110111100101000000000010100010101000
0011110100100010110101101110100111010010110100000100010000100100
0010111010000101110100100110010111111111111000011101111101011111
0010000010010111000110110110011110010000101101110101100100101001
0010110111101110000101111000010101100110110111001011111000110111
0010001101011111110110100110010111101100010011001110010001000000
0010111000001111110100011110010110100100011001100100101101101010
0010110000000111110000100100010111000010011101100100101101101000
0010001101111100111110110110010101100111001010110001101000100010
0011011011000011101110111000110000111110100101110101111100000011
0010001101111001011100111000010010101000110001100100110001110100
0010101101110001011101101000100110010110001111110000011000101001
0010110011010100000000001101111011100100001101000111111110011010
0011011010101011011111100001000000101110100011100010110111000010
0010010011011101100100000100000011101110111010011001110010101010
0010001110110111110101101001110010101100100001001010010111011110
0010001000100001110111110010001010100110111100001100101100001110
0010111101010111000101101100010101100100010111000110110000111110
0010101000010111101000101110110101100010011000011100111010100110
0010000010111010110000011111011111100110010100001111001100100000
0010101000100010110101111010000111101001100000100000110001010111
0010011100000010101111101000110101011010010011011101010011010010
0010001001111001101110110100110000100000010001110001110100100011
0010111101100111110111000110010111000101001000111110000111110100
0010001100011100111100110000000010100000101001101010100000111100
0010011110101111011101110010010001100101111101110111010110101100
0010100010001100000000000001100110100011001101011111000100101010
0011111010010111111111110110010000100010010000110111111000001011
0010001111111110000111000000010001101101010111001110111010001110
0011011100000101010011110000010111101100111101101100100010101100
0011100010010001111001101011111001010010110000110011011101111110
0010000001111000110111101001010011100110001111001111000110111100
0010011000110010100101100100000110100101101010001100111010010100
0010011011011011010011010000110000101111010010100010000011010100
0010001010010001110101111111011110100110011110000110000100010110
0000010011010101110110100011001010111100101011011001010010100001
0010000001100101100111111100010111000010011010000101000000001100
0010001101101111011000110001010111101111010011100101011000001111
0010011011000110110001101110000010110011111100000110111011111010
0010001010100010110101111010101010100110101100001100100101011100
0010001111111001000000100001110010100010100001110010001000000001
0010011000000110010100110010110101000101111010010101101010000001
0010011000011011010010001010000111101101010011100100001001101000
0010111011000111101011011010110010100001110000110000010100000010
0011001101100010010111110010000111111101000001000100010100011111
0010111001000010001001011001011101100100001101000111111101010110
0010110011000101000010000111010111100000011101000011011010100010
0010100110001101010111010000011110010001001000000011101001110000
0011100000101001110111110010010100111011111100110001100111001110
0110110011011001101110111100011110010000100000111101011110110011
0010101011000010110101000101111110101110000001101110111101101011
0010110000001011100010011010001011101100000101000010101001000000
0010000000011000110100010010000011011110011000010001000011011101
0011011010110101101000011110101110001110001010101001100011101011
0010000011011100110100001101011101000110001111011101000000101010
0010011001111101111100100110100011001100111100010110011100000010
0010101101011101000111010000010110100100010111000110001100001000
0010010100100110001111101101101110010000011011001100110111110011
0010011010110111100100111000010111101010010000001000000001101010
0010101110101010001101100110111100010101110010010100000010101001
0010100010100011110111110110010011011111001101010000011000001111
0010001110010001100110011111010011011110001101100101010010001111
0010110110010001100101100101010011000010101100001100101000111110
0010101110001011100110110010010110101000110000000000011010101011
0010001110100011110111101010010001100110000001111100100100001111
0010111000011001111110010000000101000110011000010110001111100000
0010010100010111100001111110000010000100101101101100011110010001
0010000101001100001100000010110110110011101111100101010010101101
0010011000001001100111110110011110000110010000000100000010100100
0100001101111101101101111000100010011000110100110101011100010010
0011001110100101111110110100000011111010000011110001111110011111
0010011100110100111010011100010011101000110110000000010011011101
0010010010110000111100100111110011100100101111010011110010000001
0010010101100010110101110011111110100110000110100010100101101001
0010001111011100001000011000111001111101111000010010000000000101
0010001110101000100101011111001010100101110010101010001100111010
0010010010101100100001100010000111011011001101110111111111101110
0010011000010111100111011010000110101100000111000110001001000100
0010001111010011011101010010101110000100110010111000000101110000
0010100100110110110111101100010010100011011001010101100011111010
0010001101100010001011011000010011110100000110100000000110101110
0010100111000100000110100101010101011100011101001101101000000110
0010010000000111110010101110010110100011110000101111110000001011
0010001001111011110100100111010010101100111011000000100000101011
0010100110110101100111100101011101000110011100001111100010011110
0010100110110001110001001011001011000110000100000010001010001000
0010000101000100110001100000110101000101100010011100100110001100
0010000000010011100000011010001001101100100000100100101011100001
0010001000011001011100010000110110101101001111110110011100001010
0010100010000101110010110100000011000110011011100000111100101110
0010001011110001100101011110010011100100000111000010110010000100
0010001110011110000111001000010011111101111111000110000111100100
0010011010110100111011110100110010101010010011110101110010011101
0010110010000001101100010100010101100011011101100000000101110000
0010111011000111110110110010010110111101110101001000000001100111
00
0010100110010101000111101001011111001000011101001110010111011100
0010011000011010110101011010011111100101010101000100000100111110
0010111100100001110110110010111001000111100110101010011110010101
0010000010100001110100110100100110101111001011000011111001101001
0000010001000101000101100011110000101100111110011101100110001011
0010001101111111011111111000110010101100110111000111111001010010
0010010100000010111100110010000111100100100110100110101001010010
0010001101110010100111001000001011100100100010100000000010100101
0010111100010111100100000010000111101101000001100111000000000011
0010010111101011110111110011110010101100110100010111101110011000
0010000000011001010110100001011110000001111110111100000100111110
0010010011100011101111000010011001001100011101110110000000000010
0011111111011111101111111100110000010100110101110111111000010011
0010001111100110010101000010100010111100100001001000010111011011
0010011101110110100011101110100011000101010011000011000011011110
0010001111000111001100111001111011110001111000000110000100111001
0011011111010111100011111100110011011001010101110001011100110011
0010001010100010110101101111101010101011001110000111101110011011
0010010000101011101111110011100101101000000010001101101000100000
0010110010001001001001010111001001110011010100000010000110010100
0010101011110001110111111100010011010001000100000101000110111110
0011010000000001011111000011111001101010101010011001100001111011
0010101010011001010100111000011101101100110010100100010000100110
0010011010101101110101111000011011101101101101010111001100100010
0010101000110011110001101000011011000000101100001001000111000000
0010000101101101011100010101100110110000110101001101101000011110
0011000010100101101000100000110111000100011001001110101100100010
0010110010000101001111011000111110110100010010100010100110010110
0010001010100111011001011011001110011011100111000101111110101010
0000010000001000001011010000100100011011101111000101110111000010
0010001101111110010111001000010011101101110011000010000011111100
0010000011010101100011000111010100010000011001111111111011110100
0010010110000110110101010000001111000000100011001110110000111110
0010101011011100111100110100110110000110010000110100010000111010
0010101000110001110111100011010011000011001111000110010001001000
0010001111001101000111110001000100100100011010001110000101011100
0010111111110010010001011101011011100110000011000011100101100000
0010010111100101111111100010101100100100100111101011011011100000
0010001001011011000101110011010111100100000110100110001000000000
0011111011011011111110010100111011101100110100110001110110110011
0010100000110010110100110100100010111110011100001100001111011010
0000110010110110110010110000001011011111011000011000011010100001
0010001010010101111010011110010100011000011000001111111110110101
0010010111000101110001100110100010100010011001010101010010001110
0010101010000101110101110100000111100110111000001110001110001100
0010101010110001110111100101011011001010101111001110010110001100
0010100101000010010100000010000110111100101101000011010001110100
0010001101001100000011111100010110100110101100110010001100111001
0010110010110000110111000001111111000010001110001111100010111100
0010001110111010100101011011011011100100100011000010100000101110
0011000111000111011101110110110110010000100101100011011111111100
0010010101110101000100111010000010101100101010001110011011100000
0010101000010111110101111000010011100100111110000000001101100110
0010100101111000010101110000110111100111100000001111101110010001
0011000100110100100100111100000010101110100110111011000001010011
0010000111101100001011010111000001110110101100000010100101110010
0011011010000111010001011011110100000011001100110000000100101100
0010000000001001010111010000100101101110100110000111100011010110
0010110010000100110010011110100111110010010000000011001001010111
0010010001001000111100010001010010100010101110001101100100110001
0010001101111110010110001001010011101100010011000010000000011100
0010001101111110010111001000010011101101110011000010000011111100
0010001010111010100101011110001011100101000001100010101001001110
0010001101111001110000001000010110010101000010000010101101011110
0010011000011001100101111001011110100100010011011001010000100111
0010100111011011110101110110110110111000011011010000011011010011
0000000000000101010000000100010111000100000011001000100110000000
0010000001110011000111001000011001100101101111000111000110111100
0010001000111010110101011110011011101100000011100010011101001110
0010101110111010010011000110110100011001100010010010000110011000
0010100111111111000110001100010101000000110101001001110100000110
0010001101111111010111001001010111001101111011001110000011011001
0010001100110011000111111010101011100100010001001101001100000001
0010010111001100001011101111100011010101100100111000000110111101
0010110110011110111000111101100111100010011101010110001101100011
0110001001011010010100001010001011101100111110110111001000100011
0010000101001110011100110001010010101010000001100110010110010000
0011100111010011011110101011001000011110010001010111101101001000
0010001101001101000111001101010111101101011011001110010011011001
0010000100111010100111010000110110100100000011110010010010111101
0010101100110011100101001010001011100100100001100111110111001100
0000001010100101101000011101100101110110111001011100100000101110
0010000110000100100010010100110101011000001001000111111001101001
0010100110111100010101000001010111100111001101000110010110011001
0011011101000101111100010010000110100010011001101101110111001110
0010000110100001000001111110010111101001010000100100111000101111
0010001111111010010111010101100101001111000100100110101011110011
0010110011110010111111101010100000101111111010101011110111010101
0011000100100000110101111110000111101111100110001000000001101111
0011101011011101101111111100010010110110101101010111111000111010
0011001110000010110001101110000111111001000101101111111001001111
0010001000110001110101101010001010000000111100001100001111010000
0010001100100010110101001010001011100101110010000000001001111000
0010101010101101110001110000011101101110110101101010001110000001
0010001101111011110111101001010011010101111010101110011011111001
0010010111110111001100100000110110011100101011101011100010001010
0010111011011110111111011100110011101100110111110111111001111010
0010010001110100100100010000000111101110101111001111100000100001
0010011110000001110111010010001001011110111111000000111111001111
0010001101101111010101001000010011100101100011000010000010111100
0010110010010110010110010111110101011000011001010101011011111000
0010100010100111101001111001011001000000001110011110000100010100
0010111001000010001001011001011101100100001101000111111101010110
0010011100101011100100110000010000000100001100101000100001111001
0010011101100101011100110000110110010100101000000100001100001110
0010000110011100010101101110011011100101100111001100011000011100
0010111011011111100111111100110100010100010101110111111000010011
0010010000011101100000110110010000111101011110010111001010101100
0010001000111100010001101100010100100101111110011100001000001110
0010100010100011011110000110010010010010011011010000110011101001
0010100110011011100000011111010011100100010001001010000000101001
0010011111010011101010110100101100000000000011110100000100110100
0010011111011100000101011011101011110011010100000110010111101010
0110001000100010110101101110001010100101111110001100101101111010
0010010101110010010101011001011001100110011011000011010001111001
0010001111111010111000011001101000000010010110100011100110011011
0100001000001111000101111100000010101101011111011110001100100100
0010111101000010110111100100010011101000001001110011010100000010
0010111010100101111111101110011010100100111111010000101001100010
0011100101011001001110110101010010011000011101011001101111101110
1010001100010001011000110101011001110010111010000000000100110101
0010101001010101110110011001010010100010001110011111110011111010
0010010010100010110001011011000011100111000110001110100110101010
0010001011111100110010001100110111111101011111010001000110011100
0010011101110111011000011100110111101100110011001101010011001001
0010111100000100111110011100010111010010011010100001100101001011
0010011101011010010011110001110111100010110011001101000110010100
0010000111111100000010000000010111010010100011011110000110101100
0010011000011001110111100100100111001110001101111111100110111001
0010000001100110010100001000010111111100000101001111100100100011
0010000000110100110101111001011010000010000110001111000000010010
0010100001001101000111000000110100100111101111001111010011001001
0010001100110100100111101100000010101110100110111011000001010010
0010000111110100110101100010100010010110000111100111011100100010
0010001000111010111100100110100011100101100011110001111011011000
0010011001000011001001011001010101100100001100000111110101000110
0010100000010101100110010000110110011100100001000111001000101001
0010000111100101111101100010011110100100110111110010111111001011
0110011000000010010000101010010100110001001101111110001100101011
0010100010001010110010101101011101100010011000001111110110101111
0010111001001000001010100111010100000010011010011101001011100111
0010111011011001111100001101100110000111111101011010111111010100
0110000000011100010000100100011000100101101111111110001000001100
0010100111000111110111101000010111101100011010111111001101101110
0010000010111100001101001000010100100101111001001100110111011001
0010000000011111110100001010000110101100010000000101101101000000
0010011000011011111110001010010101101100000001100110101101101000
0010011001101011000101110000010000100110000011001110100000110110
0010100010101011010001110000010101011110011100001000011110010110
0010101011011001110101111001011111100110011110011110000100000100
1011100110111011000101101000110111110110101100111101010110010101
0010111000101011000111111010010110101110101101100101001100010100
0010100000011010100000111011011100100111011111110111011001110101
0010011001100101110100110110010011101110001011000100100000001110
0010110000100010010111101001010100000010011110000110000000000110
0010000110111110010101010010001111111001111010111010000010110011
0010001110101001010110101000010111100100010101001111001101111001
0010010101101001111111110000100000111110110101101101101110001000
0010101100101001000001011011011111100100100101010111100011000010
0010001000011011010111001001010111101100011101000111011101011100
0011000011110111111101101100100101101111011110001000000010001000
0010001000100111110111100010000010001001011100101011101000000110
0010100111000100011111000111010101101110010101101111101001000110
0001000011100100010100111101010001101100001111011111001100110011
0010101001010000010000101010011100010111001001100101000101111011
0010010110001001100100000010000100111110011001010100111101000000
0010010111000000000100111101110110000000101101010101001010000010
0010001000011110010100001000011000101101111011000100000000001111
0010101011000000010100111110000111100000000110000011110000101000
0010001000100101010101100010011011100100110001010010000110011110
0010001110010000110110100010100001000100001011011101010100110111
0010111000100111110001101100010110001111110001101101011100010011
0010100110011010010000110110111110111010111001011000100010111100
0010100110011010010000110110111110111010111001011000100010111100
0010101111011010010000111010111111010010111000011001100010010100
0010001010001010000011000010010011000010000101001101100100101001
0010001010000010110000101111010111100000011001110000010001011111
0010101001011110110111001100010111101100011011000010111001111010
0010010001110001111100111010100010000110001111110011100111100001
0010001100101100110110100000010111000010001011000101010101101000
0010011000101101010111101000010011101101111111000000000100001100
0011111111010010010100101000011101110111010011000100011001110100
0010011011111101100110001000100110001100001101001111000001000000
0010100111111101010011111000101101101001001110001111110100011010
0010001000011110010001001101111100101101010011111000000011000101
0010001101111000011100110001110010100110000011110011011000001101
0000100011001011010010011000010010110010110010100000011001001000
0010001000110010110101001110001010100101110110001100001111111000
0010010000100101110111100111010111101110011101011101111000001110
0010001101111110010111001000010011101101110011000011010011110100
0010001000100010110100101110000010100100011101000110001111101110
0111111000000111110111111110010010100101111100110100101000111010
0010001101101111010101001010011010100101111110001100010101111010
0010011000000011010011011011010111011100011011100011010001110010
0010110010100101110000110000011101100110111101001111000110000011
0010000001010000010111101000110101011101100111100110100000100001
0010001000100111010111100010001010100101111011000101110101111110
0011010001001111011100110000101010110110010101001011011110101101
0010011110010010110100011111000011101101000011000011110000001110
0010001010101101111101101000010111101001111011101100000011001111
0110011011101110110111111110110111110000010001110111111001010111
0110000100110000110100111000111011100000001010001111101110001110
0001010010101111111011101000010110100100010111110110100110000010
0010001001101110010010000000010011101001011001001110110101011001
0010101000010011110111011010111011100010001000100110000010101110
0010101000010111100100100011010111100100010101001000110001011111
0010001101111001011110011001110011000010001111011111001110110100
0010100110100101110111101000010111000000011101111111100010100110
0010011100111010010101011010010111100111011110001110101101010010
0010111010010011110111010110110111101011011011110101111010110010
0010001100101010110111101100000010101101111110001101101101111010
0001011111100101111011101110001111110101000111110011101111110001
0010011111010101111111000110011000101110100001010000110011001101
0010001101111111011110001000110011001001111110000010010011110110
0010011001111000110100010000100111101110100011111111101100101000
0010011000001011110110011100010111101100011001010010011101101000
0010100110010101110111101100010011000000011100011100000010011110
0011001111100101111000110110110010110110101001011100000001011111
0010111000000111110000100110010101011110110001001000010010000111
0011000011010000110110001100000111111101011110011001000100010001
0010111010110111100111110001111011101010000100001101001100011011
0010011001111101010111000000011101101111111111100100011110001100
0010010100111011010101011011010011100100001010000011110000000010
0010000100011110110000101111010010000100111011011101000000011111
0010000010010101110010000110011101100111011111011001010010001010
0010001001111000010100110001010111100110011011010100010000111010
0010000010000010100000110010100111011001011011010111001011010000
0010001010011100111110011101010101001000011110011100011101000100
0010011000000101110110010110010011111010111100001001000000001111
0010000100101110010100110110100011100111100011011101101001001110
0010100010000111110111100000011011100010001000010100101000101110
0010001001000010010101101100010011101101000001000001111100011100
0110000110110010010111100001101011000110001101001111100111000001
0010000110000111110101111001000010010010011100011101010110101110
0010101001111110110101011111011110100100011011100100111101000010
0011111110100110110001001010010010101001000000100011010010101011
0011100100101110010110010110000110010100010000110100100010101010
0010101000010110011011001001011111100010111001010000000010101010
0010010000001101110100101000010110101000011000110001001001001110
0010110010100101111011101011100011111010001000111011111000110100
0010001010101011011000011010001101011111100011100110011000101000
0010010011101011011111110000001000111101110010001110111110111101
0010000000011100010000100100011100101111101111101110101000101101
0010011100001011100100111011010001000010111100010001000000010110
0011100010001001001000100000111100110011101101011000010101101001
0010001000100010110101101110001010000101110010001110101101111110
0010010011111100110010010101110111010100101111010111011001100100
0010001101111000010111010000110010101110000111000011000110101000
0010001011101101010101101000011111100001011010010111010100010100
0010011110001011100100000011101010001011000100100110011001101011
0100011000100010110011101010011010100101011111110100101111111010
0010011001000101110100111101011010101100101010001001100001101100
0010000110010100100010101100001101111110001111011001000000011011
0010011000001111110010011000010101111100110101100111111001000001
0101100010011101111111111100010000010100110100111111101000011001
0011011010110000101101111110001111101101000001000001110101011111
0010111010100100110000101110110110100000011101110010000111000111
0001010011100001001111100011111000101010100110011001100110101011
0010101000100011100101100110001011100111111010000100100000100000
0010011101110111010111010000000000101101110111000110100011111111
0010100100101110110111010000000011101101110011000010001011010101
0010101101101001101100111011110001110111011100100100000111011000
0010001111010111010101100010010010000100011101000101110101000000
0110001000110110110101001100001011100101110010001100101101111110
0101111011011111101111111100110011011001110100110001011100110011
0010000000011111011110001010010011100101010001000011100011011100
0011000010110001011111100011011011010000101101101111000110110100
0010001001101011010111100000011110010111010111100011011111000001
0010100111100101100010110000011101101110110101001001001010000100
0010011000100100110100001010100111101000011101000010000001100101
0010011000100110000101110001101110000100110010101111100001101001
0010110001000111101000000000001101010100101111110110111011000011
0010011101001001010011100011000100010010011100110110000010101101
0010111000001010101100001001100010101111101100110000100000011101
0010101001101010000001011001011101100100000101010111100101011110
0010100110110011110111101010001011000100000000101000000011111110
0000001111101101000110000000011101011110111101110010011011000101
0010100000010100100011111000001100000100011001010110011100101110
0010100110010001100100011110011011100100000001100001101110101001
0010000000110101110110011010000110101100011110100010000101100101
0010001000001011111110011010000111101110000001100011101001101010
0100100110110110011010110001101011101110101001111101001111100100
0010100101100000110101111000110110110111111100000111100111110011
0010001001111100011100010001110110100110001011110001101010100001
0010011101110110011110010001000011100100100111001110110010100011
0010001001011110010100110000110001100100010001010010110110001000
0010001101110000110110101010010010100100111110101100100100101100
0010001000101111000110100110000011100100000001000101110100001001
0010011001011110110111000000110101101100010011100011101111110000
0000001001110000111010011001011001100010010011110011110110001001
0010000000011101010010110100110101111001111011111110111110001001
0010011000100010000101010000000001100110100011000000110010110011
0010111101000111000110011011111100110010001010001111001001010010
0010001100101011111101011110001111100011110010001001110110110110
0010100111101010001100100001110010100010111111001001110110001010
0010001111001001011101000000010101001101001001000011101011000100
0010001110001000010001000111110110011011011000010011101011000000
0010010100001011001101110000100000111100100110000111111010111010
0010111010010101110100000101110111101110111111011100100000101111
0000001001000100111010010110010101110010100110011101101010000010
0011001011011111100110101100110000110101010111010011010000011001
0010000000011000100001101101011100000011101111011100100000011111
0010100000011101111110100101010000100111011111001100000000001111
0010001100011011000100011001010111101100010011100010101000000001
0010010101011000100100011001000111101100000101001111101000100011
0011010010110001101101011011001011100100000001001010000000001011
0010001001100000110100100110001011100110000010111100100100110001
0010101010000001110110100010010101101111000101001010001110001100
0010010110011000010100100101110101001110011101010101101011001010
0010001001111100111110010000110110011010000011010011101110110001
0010001111101101010100111000011101001000111111100110011110000110
0010001010001111110111100010010111000100001101110010001110101100
0010000111010001100001010011010110000000001101101111011010101010
0010001010001111110111100010010111000100001101110010001110101100
0010001110000110011101101110100010100100101101000100011110111010
0010011000000011100100101010010111100100011101110010001111100100
0111000010110010110001001100001110100111011110001000100100111010
0010001111101101010001110000011001100111110101001000111110000101
0010100101110010110110000001000001001001110011101001001100010101
0010010000001111011100010010010101101110100101000100010100101011
0010000000100110110101101110010010101011011110110110110100010110
0010101001101011010101000010101111011110011101001011000011101011
0011000110111010000101001000010011100101100011001011000110111100
0010001100110011000101110100010111100100100111111100000000111010
0010101001011000001000110100010010110011101101010101110111001000
0010000101001110011100110001110010001100000011000000010100001011
0010001100110011101000111110100010110000111100001000011001011011
0010001101110000010100101010010101100110100011001010110110011001
0010011000000010101101110110010010100000101100001000100101111010
0010100111110001110111101001111001010000001100000101110100101011
0011001101110110100110101010100111100001000001000101000001011011
0010111100110001010111110010111000000111101101001100100110001110
0010010010100000110001110010011011111110100101001011011111011001
0010011110010101110100101101000100101101111011010000000111101110
0000000110111101010000100010010110101010100011111110100001010011
0010001101011000011100110000110010100110001011110000011101000010
0010100110110001110111101001011011000010001101000111010110011100
0010010101000011111110010000101101001110000110000111010010100011
0010111000010011110110101010011110101100011001000110000001001110
0010001000110000110111101100011011011101011111001101100100011100
0010100010110001110111101000001001000010001100000110011100001100
0010001101111100010111011000010011101111110011000010001000111100
0010011000000011010111100010100110110000001011010100100100100110
0010010000010001100100011101011011100100000110000100100001100010
0010000010111101101100011110001011100100101010000001100100000010
0011100011111011000101100001111111110110101111111011010111100001
0010101000011001000000010000010110100011101001100011100000101010
1010101010000011111100010010110101011110011000011000001010110100
0010101101110001010111101000011011000111000111000111000101111100
0010000000011111111111011010100111011001101011000101010001011011
0010000010100001111111101001000101000010101000001101011011010100
0010000111101110111010110010000101001100100111101110101000111010
0010001000100111010101111001100010100110101001010001010101011100
0010000011001001001001111110100110100010011101010100000000010000
0010010000001111011110001010110100101100000010000111001001001000
0011001010010101010010011110101011010011000011111101001001000011
0011000111011011000011010000100000100100000101100100011011000110
0010011001100010110111100110000010010110001100001111001110111010
0010000111010100110100100110100111100001010101001110000010111000
0010000011100010110100100111110110110111001101110011010100010011
0010101100010111110101100010010011100100111010100000100011001000
0001010011000101001101100011110110101010100101001001000110111011
0010100010001100001000000000111100100011101101000101110011010011
0010101000000011000001001010001011100111000101000011101111001000
0010011000010110110101111011100011001011000110000010000100101010
0011010101100100111010011001010101001000010000001001000000101011
0010100001110101100111001000000101100010101111111000000110011001
0010101101100010011011001001010011101101100111000111000111111100
0010001010001110101100101100111010100000111101000111111001010011
0010001111101100010001001111010010010001000000111111001110110110
0010101011011010111000101101110011000011110000000011010100110001
0010011000010011100000111100000100010110011101011000000011111100
0010011111110110011111001011110000101100010011100001001001011011
0010000101011000111100101001010011011101100011001001010011111111
0010111010000111110111110110010110100110011001100100100100001110
0010000111100101110101010111110010010011011000100110010111111011
0010111000100111100001001110000111110000000000101000011011000011
0101001001001111101101111001100110100100111110101111100110011010
0010001011101101010100101000011111100101111010010111000110000100
0010011100010000101100001100101011100100000011000000111100000001
0010000110110001101101010101101010010011110111101010001010011000
0010010101010000100101100001100010110110100111110000110010110101
0110001111111010111111011100111000000100011110001100100100111001
0010001000011100100100001100010110101100110101000000001000101111
0011000110000001110011111010011001000110100101101101011110001111
0010100010101000011000010000111100100011101100001101111110111010
0010100110111011000101011001011111100100101101101101011110010100
0010101001111111110111111100010011101101110000110101000000000010
0111101000111011100101111100010010100101111100100011011010000011
0011010000110110010101111110000111101011111000110110010001111010
0010011010011011101110111110011010001101111001110101011000001001
0110001000100010110101101110001010100101111110001100101101111010
0010001100110010100001001010000011010100000001100000001011010001
0010000000011010000000110001100110000001101111100100001000011111
0010000001101110100110000100000111101100000111000101101001000111
0010001001111110110111010000010111101101111011000010100011111100
0010001100101010010010111101010011101000001000101101000011111111
0010001101011010110110100010110001000100000011001000100000001010
0010010001000011101110010000100101101110100110100111101011100011
0010001101110001100100011000001011100100100010101010001011100001
0010011010010001101000101010010010100110011001000111111111101110
0010001110011110110011000000010100010101001000001110011010111110
0010100100110011110011001001001011000110000100000000100011100001
0010101000010101110110000100111100101111001111111001000000001110
0010000010110000101100101100010110100101101001010111111000101110
0010001000111001000100011101010111000000011111001101000001100100
0010011001011110110100010010010100101100000001100011101101100000
0010001101101111110111100010010011101111101011101100111110001100
0010011001011111110001011001010110100100010101000110001101101010
0010100000011011010100100000010010100001110011011100001000001010
0010010000001001010000101101010111100110000111000010001001001100
0010101000100001110110010010110011110101011010110000011000100100
0010000111101110000011110010010011010011011011110110010100111111
0010001110011011000101111010000011100100100001100101001010000110
0010010111101101000100110000011001110111111111101010111110000110
0010011100011111110110101010010110101000010001110010000101000100
0010111000010011110100101001010111100100000010000010000111110100
0010010010101011101111010100111101010011100101101010101110111001
0010001010111000101110011110011011101101100011001011100100111110
0010011001111000010100100000100010001000001111000101010100110000
0010001010110110111101101000000011100111010011010111100011101010
0010001101010101010111101010010010100100000111000110010101001000
0010001101011111010000111011100011000100011100000101111011000010
0010010000101010011100110000110100100011111100100011101001010010
0010001010110110111101101000000011100111010011010111100011101010
0010001110111010110101001110010111110100010001100100001001000100
1000110011000101100000000110001001100010000010110100110010100101
0010011100000001010000011111010011010010001001010011001100001000
0010000101100101100100101101000010101100011110011010111001110010
0011101100110100010100111100010110111110110111110101001011000001
0010100110001001010100111101011011100000001101001010100100010001
0010001110100110000011001000000001101101110011000110000000101001
0011000110100011000101101011110111110010100100011101010110111101
0010111011011100111010010101001001101100010110110010100001110100
0010010000011000110100010100010111101100001011100000101001001111
0010001010110010000101101101000110111101101010010110110000101000
0010011000000001110101100000010101101110111011011000000110101111
0010001000011111110000001000011110101101000011110000001000101010
0010001010010001101101101001101111000010110001101110000100110010
0010111010000011001011010011111000111100000100001111001101011110
0100100100110011011111111000001011100000100000001000001011011000
0010101010010101110110000101010101101100011000011100000000001110
0010000110001000011000100010000110100101001101110011001110001010
0010011001001110000001111011100110010011011101010000010101001011
0010010000010111100110001000010100100100011111110000001001001111
0010010000011111100111001000010100101100010111110000001001001001
0011000001110001100101101011011110010000001101101101000110101110
0000100000011110010111000110100010001001000101011111000001111110
0011001111100110111011101000010011101101110001001110100010011100
0010001101110011000001011010001011100100100011100010001011101001
0010001000100110010010101100010111100101001110001100001001011010
0010001101000110111100011001110100100110010011010100000000101010
0010001010110010110101001100010010100101110011001110100011101000
0010111001000110011100110000100100110110111100010011110000110010
0010011011011111100111111000010010110100010101100111011100010010
0010100101000100011101100010110100001110010111101001001011001110
0010111011001010101000011101011011101010011111010001111110110000
0010001100111110110100001000000110100101100010001010101001111110
0010001101111111010111101000010011100101010011000011000000010101
0110000001111100100100001000001110101100101110011111100100101000
0010001000011101110110110100110111100000010010010101111110100000
0010001000011101110110110100110111100000010010010101111110100000
0010011000100011110001001010001010100100010111001010001101011010
0011111001011011011111010100010011100111011001000111100111101110
0010111001010111110110001010010110101100010011100010000111101010
0010000000011100000100001001011100100111001001010100011101001110
0010001100101010010101001010011011101101100100001100000111110011
0010000011010101000110000001110000001001011101000100011101000000
0010001101111110000101110001010000100101110111110110100000001101
0010001000101010110101111111000010100000111110011111001101110110
0010001100101010110111101101010010101000111110001001001111111100
0000010000010111101000101011000100010001001010010101111000000100
0011011011110100100100111001101011101111001010011011100100100000
0010010000110000010011101001001011010110010101001111000110101101
0010011000111111111000011010010110101100111101000011010101101100
0010000100110111101001101000000110110000100100011011010000101001
0010010111101101110111110000011101101111100101001011111110000100
0010001111111110101101000000000111101000100100010011000000101000
0010001000100010110111101110011011100001011110001100101101111110
0010001011000100110010010110010111100010111111110000010101101000
0010101110000101010001100000111111010100100101100010011110010101
0010010100100011110111111010001011000010000011001011000100011110
0010110000101100010111100000110100101100100101000011101100001110
0010001100100001111011101000110011000100001110010111000110001001
0010011110111110000110001011110001001011110111000111000010111000
0010001001111011100101010010000111101100101110101100001000100001
0010011100100010110101101010000010100111011100001100001111011010
0010011000101011110101001000001010100101110001100010001101101000
0010001111101100111001111011001010000010011111000100010111000010
0010101010010001111110100101010010000000111100011000010010001110
0010000000010101001001110101010111111100111101001111010101001101
0010001000111010110101101010010010100101000010101110100101111110
0010011000101011011000011001001111101101000011100111011000111010
0010000000111001110111101000010011001010001000001101101111011000
1110001001000010011011010110110110100001101010010011111001110101
0010010010001010100100011011001011100101101100001101101110101010
0110000101111100010111001000111001100101000011111100101111111001
0010011001011110100100000001010010101010000011100011100000011101
0010000100111000100100011011011011100100100011000011101100100001
0010000000110100100110110110000111001010000000000001001000101010
0010011110100111111011111001101010011110010100000001000001001110
0010001000100100110000110110000111001010111101100000101111100100
0010001001011101010111010010111101100101011111110100011010001111
0010011000100110111001011110110011110110011010010100000000010111
0010001001000111001101111001000101100110001110000110001101101100
0010001000000011000100011010000111111000010001100111101100110010
0010010001000101100110100001000111101110000010100110101000100001
0010100001010101010001110100011110000011001111110100101010001001
0010111001011111001111111000010000110100000101000011111101011010
0010011001010011100100011000010110101100000011100011101111100000
0010001010110110101000101101010111100101111001000110100000100010
0011011101100101100110101000010101101101111010000001001011001100
0010010001000011001001011010011100000110111010100000100100000010
0010111010011101010110000111010101101100011011001100100000001110
0010001101111000011100111000000110110000000011110101000110101110
0010100101111100010101111000010010100110001110001111010110111001
0010001000110010100101011110001011100101100010001000101101101010
0010010001111110010111000000110011101111110111001111000011101100
0010001000101110010001110000011101011111110101100010011110000101
0010011110100011110111111010010011101110101100000111010010001001
0010010100100011100101110110100000011011101011001110010000101101
0010000100011000010000000100001101100111101111001100000000101110
0010111101011101101010011101010111101100111100000000010101110001
0011101000000011010111100111010111001000111000110100000000101110
0010001110110011110001000100110001001010110101010000000001010000
0010000101011101100110000011000100110100011001101110001011001001
0010000111110110011000011001010111100000101111100011011100110010
0010001000110011110111101010011010100100011100001110001101111000
0011000111000111011101100010100110110100100101101110000101001110
0010011001011111010111001001010111101100011001000010001001111100
0010001101111101011100111010100010001000111110000101111101000010
0010011110110010110001001000000011000110010100000011011010000011
0010001000110010110101001010010111101100000001100010001001011100
0010111001011010101100010101011011100100100101000101111101010011
0100000001011001001100111111100010010100011111110101000101110101
0010001001110110010111001000011011101101101011000011100011111100
0010011001001111010101010010010100100100000000000010101101001100
0010001001100001010100110110100010000110000101100100010001010101
0100011001110011101010100100100011000001010100110000110100110011
0010011001011011111110001000010111101100010001100010001111110000
0010011011101110010011010111110111010000011010010011011011110100
0010010101001001011100001011111111011110110101100010010101010011
0010011000011011111110011010010101101100010101100111101101101000
0001101011000111001111111100110000110100000100110111101000000001
0010011000111111100100001010010110101000110001000010001011101011
0010000110000101100100000100100101100000100011110100101110101001
0010001001101110110101010000011110111010111110111011111011000000
0010110110000111011000011000001111011001111000001000010000001000
0010000000100011110100001011110101010010010011010101001100110010
0011001101110001100001111110000010100000010110110111000101000001
0010100100011010010101100111100010101001001101011111101101111011
0110001000100010110101101110001010100101111110001100101101111010
0010110101001101010101110000011100111101101001111010011100100000
0010101101111101000101001011011111101100100101100101101001000110
0011011110000000111111100100110111100111011110010100000001101110
0010001111101001010101100010011101111111111011101111001110001101
0010110100010001110101100000010111000111001000010100010111001001
0010011110011010110100011010010011100101000001000010100010101000
0010011000111110100100011100110111101010011111000111010000001101
0010011000011111110110001010010110101100010001100010001101101000
0010011000001011110110001010100100101110100000100010000101101000
0010011000011111110110001010010110101100010001100010001101101000
0010101110111011110111101001011011000011000110000110110110111100
0010111011001100110110010101011111100010010111100000111101110000
0010010010000000100100001110001011100101000010001100100100101110
0010010011110101100100101101111000100101101111011101001100001111
0010001011100101011111101011010011000000011110010011001101000000
0010100010000011000001111011111111111000110010000000000010010111
0010010100010101110100010011110010111100101111001000100101000010
0010010110001110000100001111110111010010110101000100011100100011
0010100110100001010000011011000011000101000111000001111000001000
0010001010000010011001010010110101011100011000010000001010110100
0011111111011111101111111000110000100100110101010111100000010111
0011011101111101111101110000100010001000011010011110111100000000
0010011001100100000001011001011101100000100101010111111101110110
0010001010101101010100100100011001101110110111111000010010101111
0010011001010111010110001001010110100100001001000011101100001100
0010110110000111001111101001001111011001111001001100011110100101
0010010000011111001000001111110111010001001101110011001011110100
0010000101011000110011010000000101011100000000010111100010101100
0011101000100110111001101100011010101001010110000110010110001000
0010111000111111000011101101110001010010010111011111010100000101
0110010010100000101101000000100111100101000000110110000011001111
0010100111111100110110110010110010100111100111110101101011001101
0100000000100111111001011100010110101001011001010100000111001110
0011011000101011101111110011011010111010100111001101111000001011
0010011001000111001000011011111000110011001101000111010101101010
0010010000101101101000111000110110001110111111001110011111001100
0010011001010011000100011010011100100100010101100110001101101010
0010000100000101110101100110010111010110010011000000111100101001
0010001000000011011010001011111100010000101000100100000110101000
0010001100110100100111110000110110000111010101011111011101111000
0010001000011110110000011000010100100100011001101000001100101110
0010100101011101000111000001010001001100110001001101101010101110
0010011000011110110111101010010110001100110011110000001100010110
0011010010011011111000001110001001111101101011100111100101100010
0011001011100010001110111010100110001001000001000010110000111001
0011010010011011111000001110001001111101101011100111100101100010
0010000101111001001101111000110110110110100001111101000010110111
0010010100000010111110100010010100101110010111100111101101100011
0011001000111110110111101000010011001001000000000011000010011101
0010000000010111010111001000011000100011001110000110000010011110
0010010110111110100101010101110111111110101111110101001110110001
0010001101110011110111101010001011100101000011100000000011011100
0010001101111001110111001010011010000111010111100011001110011010
0010000110010101100000100101010011110010101100110000001001111101
0011011000100001100000100011000111010111001101000000011000000110
0011010111011110101101111011000001100110000111000011111011011111
0110001000001111110101110110000110100101011110011110100100001100
0010100110000011010000100000010111000100010100001000000001110000
0010001000010111110010000110010001100001011110110000110011100010
0010110010011000101000011111001011100101000011001011100110101100
0010011000001110110100101010010110100100010001000111001101010000
0010010010011001110100001111011011000100001000001011000110111100
0010011001001100100101010001100110101110101111001111101100100001
0010101010100011110101101000011111100101111110001010001110110100
0010001110101010110000001110010010100111000111110010000010001100
0010001101111111000101011000010011100100010010001010001001000100
0010101011111011000100100101010111001100011110111111001000000100
0010001101001110000101000101110111100100110001001111011110000100
0010001111001101000010000111010110010010001000111111011010110110
0010001111111010000100011110011011101101000011001010100010101100
0010010000010110100100110110100111100010011101010111101000100011
0110001000100010110101101110001010100101111110001100101101111010
0110001000100010110101101110001010100101111110001100101101111010
0011101010101001110111110000011101001111111001100010010110001101
0000101010110010111000011010101111110101000110010100000110101011
1010110010010101100100000110011001100010000010110100110010101101
0010011111111010010111001011010011000110000001001011000010010101
0010011111101010101001111110111001011011110100010101101110101010
0010100010110001110111101001011011000010001100001110000000001010
0010100110010111100101001110001011111100100000101000000011100000
0010001101111000011100110001110010100110000011111110011111101101
0110101001111010110101111100110010100101111100001101101100110011
0110001000001100000100101000111100110101011110110100000000001110
0010000000010110001000000100011110100011101111110100000010000010
0010011011011111110100110100110101101100110011011111111000100001
0010110010100010010101111001000001100010111100000111110100011110
0010001101111110010111001000010011101101110011000010000011111100
0011001100001100001111001011111111111000100000110001010011010110
0010001000111110110100110110100011100100100010011110101100100010
0010001000100010111001111101001010100100111100001100101101111010
0010001000100010110111100010100110010111000111100010010011001100
0010100011001101110000000000010110000110011111000010011101010001
0010111011011110110110011000010101101100010011000010100001001110
0010001000101010110011111111010111011000011000110001010011111101
0011010111101001111100110010011000110101111001101001111110000100
0010011001001111000111011011010111101100011000000101001101101010
0010001001010001010111101011111000000010001110001111000100001100
0010011001000010101110010000100101101100100110000110001001001100
0110001000100010110101101110001010100101111110001100101101111010
0010111000111011110110111001010010101001011100000010011100011100
0010011001000011101110011001000101101100001111000111111001010011
0010100000101000111010101001011010000010101101000000000101011011
0010001101110001000111100110111000000101000111000100010010011100
0010111001011111110110000010010111101100010101100000101001101110
0010110101000011000111111000101001000100000111100000011000011010
0011100010110101110111100100011011100011001000011101110000111110
0010001000110010110001100100010110100101100001100100101000001011
0010101010000011010111001010011011100011101000010010000111100000
0010101110100011110111011000101111000110101100101010001010000101
0001110110100101111011101010011110100000010111110010101111100011
0010001010111001011111111000010011000010011110000101100000111100
0010101010110001010101110001110001000000000100011111000100011111
0010101011010111010101111010011111100100110000101110000010010010
0110001000100010110101101110001010100101111110001100101101111010
0010010000010011100110011010010100101100101111100110101001101000
0010001001000101001101111001000010100111011110000110000101101000
0010001000101111111000001010010111001011000011100101011101111000
0010011000111111010111001010010010101100010001000010001101111000
0010001110100001100111101001010011000000011110001110000110011101
0100101011011110110111111100110011111001100000110000010100010011
0010011001011110010111001000010111101100010001000010001101111100
0010011001000011101110011000010101101100000101100111101101100010
0010000111111100010011101100010111101110100000000110100001101100
0010001000100010110101101011000111010111001101000111010101011110
0010000111111100010011101100010111101110100000000110100001101100
0010111010110001111111100111111000101010111110011000110010101111
0010010001000011101110010000100101101110100110100111101011100011
0010100110011001010111100001010111000100001101001101001000010110
0010011000111011110110011010010100100100010001100000111100101001
0010001100110001100101011010100111101110100111100101010011000001
0010100110101011010001011010000011100011000100100010001000101001
0010101101111100010101100000110010101111111011001010010110011101
0010011101111010011011100110101111101100111100101101101101111010
0010101111011101000011000000111100101110001001101111110000010101
0010101010111101110000100000011000000111101101101110011010011111
0010001001111110010111001010011010111001110111110100100101101000
0010001010110000110111101011010111000001001000000111010011011100
0010001001001011011111000100000010101000000010111110111111010110
0010001010100010110111101110011010000000011110001101001101111100
0010001010100100010000100010011101100101111111100100001100000110
0010011110000010100100111000100101111111011011011001111011110110
0011101011011001101111111100010010110110001101010111111100111010
0010111110101010100100011101111101001011111100010100001010101010
0010111000010011100001011010011111100100000001100010001101000000
0010010101011010011111011001010011101101010111001111100100001110
0010011011101110010011010111110111010000011010010011011011110100
0010001110100110000000000001000111001100011101001111010111011010
0010001110011010001001010001110001100101100011000010000010101101
0010001000100110110101101110010010100101111110001110101101111010
0010001110011000101101011111010011100100000101001010100000001110
0011010110100001111010110010000010111110100101101101111010001101
0010001101011110010001110000110110100110111100001110001110010100
0011101010110101110111111110010111101001011110010001010100000000
0010011011110100000100011001100010100110000011011011100110101001
0010010101010110000010111110000011100100110001000010011010000101
0010011011000111011111010000111111101011010110100101100001101010
0011011111010101100110101100111101101011001011001101001101011011
0010100100110111010111011000010011100100000010100110100011101010
0010100101111001010101101000110110100111101100001111000110010101
0010011100111010100111001010000011101101111001001000001010000100
0010011111001111010100000001010111000001011111010011000110110100
0010011011001111001100011001111110100110011110010110000101100000
0100100110110101100000001111000110100011000000001000110010101010
0010001000000010110100001110011010101100101101100111101111111100
0010001000100010110101111110001111100000000000100100101001000011
0010100111111110000110100101010111000011011001000111000000100110
0010100010110001110111101001011011000010001100001111000110011100
0010001000100010110101111110000100100000100000100011101001000011
0010001000100010110101111110001111100000000000100100000001010011
0010010100101011000000111001000011111110001101000001110010100000
0010010001011111100100001000000111101100101111001111101000100000
0010011000001011110101011001011110100100010001100010001101111000
0010011000001011110101011001011110100100010001100010001101111000
0010010000010000100111100010010111111000001101110100101001011000
0110111011110001100110101101000010110101101010010011110011100001
0010111001000010000001011000011100101100001001000010101101010100
0010111000001111110000111000001100101100011100100110101101100000
0010011000011110110110001010010111101100010001000110001101110000
0010011001010010010111001000010101101100010101000111101101100010
0010010111100001101011101110100011000111100110101100101011001111
0100000001011011001000111111100010010000011101110101100101110001
0000000001100101001101101111011101100100011101111110101100011010
0010100010110001110111101001011011000010001100001111000110011100
0010101010110101110101100101011011001100111110011010010010001100
0011001100111000110100010001110010101000000011000011001011100001
0010010000000011111111011000010101101110000100000111101111110010
0010001000110010110111001000011011100100011100001110001101111100
0010011010111110000110010110110110000000001010010111000101100010
0010111000010011110111001001011111100100001101000111001101011100
0010001000010111011100001111110010001100111001111000010011011011
0010011001011001110100001010010110101000010001100010101101111000
0010000100101000001110000001111111101100001011010110110010101001
0010101100011101010101001110000010011010010001000011100111011000
0010011000011011111100001010010110101100010001100010001101101110
0010100001110011100101111111000011100000011100101100011000101010
0010010101111000100100011110010111101101100111000011100100111000
0010111010010101110110010110110010101000011011010000010011101110
0110000000001001111001010011111100111011000110100100001010110010
0010001111011000001100100101010111010110000001010111101111001101
0010100101110000000110001100100010101100010001110111110000011010
0010001000100010110111100110011111100111101110001100101101101010
0010001110110101010111101000010011001010001110000110001100101111
0010101011111111011111111100110000100100110101100101111000010010
0010001111111101010110011100010011001100011011000001111001110110
0100010010000101110011101001000010111001001010011100111010111011
0010001101111101010100011010100010101000111111000101101101100010
0010010101111100100101010000100111101100100111000111101000101001
0110001100101111010100101100010010110101111111011111011100101010
0010001111001101000010000111010110010010001000111111011010110110
0011010000000111011111000110000010101101100000100010000011101100
0011111010011111001101111100110010110110110100110101111110010110
0010110000100001100100010110001111101110001100100011010010100001
0010110010011001100101011101110111100101100011011100111000110001
0010010100001000001000010100011101000110111101100100001101011101
0010001101001001001010110100010010110110001011010110011100101101
0010111001011111100111101010110000100100010101100111011100010010
0010100100111001101100111011100110011001111001000101011100000000
0010100101011100000110001001010101101100011101000111101000000110
0010011000010111100110011010010111101110011101000011001011101100
0010111010010101110111100111111011000000011000011101010010101110
0010011001011111100111011000110110100100110101100111101000000011
0110001001111110110101001000000010100101111110001100100100001000
0011100110110111000110100110111001100111010001010111111100000010
0010000010010001100100111101011011100100000010001011100110001000
0010011001010011110110001010010100101100000101100111001101100000
0010001000100110100001011000101011100100000100100111101000001001
0010010101011111010010001010010110011100010001000011101100100000
0010011000100110111101110110001010100100111010011100101110001110
0010011001010011100110010010010101101100000101100011101101101010
0010101111001001010100101001011101100110110011000000000010000100
0011010101110101101000010010100110111110101111000001001001001100
0010001001011110010111001000010111101100010011000010000001101000
0010110010010001100111101011011011010010010100000101000100011000
0010011000011010000001011010010110101111010010101110001101100010
0010011000111010110111010000110111101011001011100000100000100001
0010011100011110100110001110110001101010111101011111001110101001
0101111011011111101111111100110000110000110101110110111000010001
0010011110001110001001010010010011101011010101101110000100001111
0010000000010100010100100110011100000111000111101111001000011110
0010100000111011110111010010110111101101010001100100101011101001
0010100110011000100100100111010011101100100111000000000110101010
0011101000011001111111110110010111110011011001110000111111101010
0010111110000110111001110000110000001101001100100101010100000111
0010011000011011110111001010011101101100001001100110000101001000
0010000000010101100000001100011100101101001101111001001100001000
0010100111110111100101010001011011100010011000100110001010000100
0010011001101111010100001010010111100100011001100011001101000100
0010111010000110110110010111101011101011110100000111101000101010
0010001101111001100101011000000100000110011100100111100000100100
0010111001010101000110001010010010010100011001000011000101110100
0010000101111000000010111101100110010110010001110001100001110001
0010011000111011000110100000110001000111100111001100000101011001
0010011000011110010100100010011110101010000010101110001001001010
0010101100111011010001001010000011100101100011000010001011001000
1101101000100110111001101100010100001001111100001001010101100010
0010100010110001110111101001011011000010001100001111000110011100
0010001111101110000111001000010011101101110011000110110001101110
0010001001110010110101101100000010101101111011000010100000111010
0010001011010011010111011010110110010000011010000001110011110110
0010100011000111000001001010011011101000110010000010110011100101
0010100110011001100100001111010111100101000111001010111000001110
0010010101101100111011111011000111010010110001101100011010100100
0010100110110111110111101010010011000010001101000111000110011100
0010001001011110110100000110110011100100111111011100011100001010
0010101100110011100111011000010011101100100001100000001011101001
0010001100100010100101011110001011100100000011001010101101101110
0010101100000011100001011010011011100100100000100000101011000001
0010010010000001001111001011010100101100100101111010101100101010
0010011110010110110101000110010000101100111010010010100010101111
0010001000010011110110100010010010101100000101101000001101101000
0010001000010011110110100010010010101100000101101000001101101000
0010001000000100111010000100110101100011101110000001100010001000
0010001111100110010101100010000000100101110101101101111110011001
0010111101010111010101000000000010110111111011101110110000001000
0010111000000111000110011110010100100100011001100100100001111010
0010101110101101010001110000011101001111110101101010011111010101
0010000101111011100000010010100111100101000000110010000111000100
0010101100110011110111111001011011100110000000100000000010010000
0000000101101101111101111010000110001000110111110110111111100011
0010000011000011110111101011011011000010001001010101000101110000
0010111000110010101101011010001011100101000110001110101101001110
0010000001111110001101001000010010100101111001001110010111011001
0011101001111100100100110100100011101000100010110000110110111011
0010110010011110001100011001111001100111110011001011010010111100
0110000100111100110100000110000110100101111110011110101100011110
0010000001101110000111000100100010100111101011001100111100001001
0010010110010110100000101111100011010010011101010111011110010011
0010000100111110111111111111111100001101010110101100101010000011
0010101111100010010100011010100100100011101100100010000110100110
0110001001100110110101001110000111101001000011000010110011111100
0010011010100110110001010111000010100001011010001111011001111010
0010011010110010111000011011100010011001011101100010010011011111
0100100110110110011010110001101011110001101100011000101010111110
0010011100011101111000011010110110101000011101000010101101001100
0010001100110101110111001000010011101010111110001101010111001101
0010000100111110110000111100000110110110111100011101100101011000
0010110110001010011100100101111111101110111111100100001010101010
0010011101111110000111001100110101111001010011101110000010001101
0110001001111111111101111110100010010000111110010101111001010010
0010111010010111110110010110010111100100111010010000110001101111
0010100111011011110110010101010101001100110101110010110101110010
0001010011100001001111100011111000101010100110011001100110101011
0010100010101101000100000110000110100100101100101000011001010110
0010011001001111000010001011010110100100001001100111011101110110
0110001000100010110101101110001010100101111110001100101101111010
0100010000101011011111010010100101101010100010000101111011010010
0010100110011011100000001101011101100100010000000000101000000101
0010100101111100010001000000110110100111101101000010101110110001
0100000101101001101101111000000100011000110001111101000011110111
0010010101010011110000001100000101000111111111001001000010001000
0010001110111101010111100000011011100001001100010011001110000100
0010111000111010110100001100000111001100111001000010110101011100
0010000001110011110110101001000101001110000101100111100100101011
