0010011100111110000011011001010000100100010011000111111000001000
0010010101111101010000100101010101010101001000010101111100100100
0010011010010110000110000000111001101000010100110010000100101100
0010010010000111101011011100000101001000111100010010010010110111
0010001000011010100010100100110000001010011101110001000110101011
0010000100111100110111100000100011100010011110110001110010010000
0010100110010011101110101000111110100011000111010010100000110110
0010011000111110110110001000100100110010100111100101000101110110
0010101000010100000100001101100110101010000111111101001111010011
0010100011000010000010111011100011001000011110110000011110000100
0010000010110010110110110010011111000011011011100000110110000011
0010101001100110010110100110100010100000000011110100010010101001
0011000001100100101010000001010101101110011000111011110101001110
0010001100111000011010110001111011101110101001110001001010111100
0010011111101010110000101001110000001010011100000001110011100010
0010101011111101101011110001110110100110001001010101010010010110
0010101000010110101010000100010001100010010111110110101000010010
0010010010110001111110111101011011101000001110111011000110111100
0010001000011110101110100100110001101000010111010111110010111100
0010010001000010100011111101010100001101001111110010010001011111
0010111011110110101010010001110111101110001110011110101010100101
0010010001010011111100010011011101010101111111010010110110001000
0110111010010101101010010101101011111100110100111111110010111101
0011001000011111000010101110110001100000010011010010100010011110
0010001101011001110010100101010000000011011101011011000101100100
0011001001001000101011100101010001001100000101010001100010101101
0010011101101001101010010001101001001010011110100011100110010111
0010011100100000000111111000111111000111000111000011001011111011
0000000100010111111011010111010001010100100100010101011110010111
0010111010010100100110010001011001101100010110110010110110100101
0010000101100110010000101000110101100111100010100011100010001010
0010111111110101111011011100001011100000010110110000101010110110
0010001010101100110011100110000100101000010111010110010010100111
0010011111101010000110100100000011101010010111110010000110000001
0010110000000011100001001010000011100110100001101001101111101101
0100001011001101101001011000100110100010011001101001010110101011
0011011000100100100010101101000010101001000011100010111011010101
0010111000010011100001011010011111100100000001100111001101100100
0010000001011110001000110111100110010000011101010100011100010010
0010111010100100111100110001110000100100010101110011011111110100
0010000000011110011110000000101000110001111111010100101001000110
0010011000010001110000100100110010100011111010101101100010100000
0010101110101101110011111101010111100000011010100111001000111110
0010000000010101101010010110011001100010010110110010111110101101
0010101110001000110110001100110001101110010111100010101100111111
0010001000011000111010110101100001101000010110111000101011110101
0010001101101100011010011011100011001000001110000101001101101000
0010101001000001001011100001111111010111001011101011100011101001
0010010001011000111100010000100111101110101100001111000000000000
0010111000100000111100110011100101110001001111010111111100000101
0010000000011111001011000110011110001010111100001011001100111101
0110001100001011001001110111000110111111101111111011100001101010
0010011101100000100111111001100000101101101011000110010001110110
0010100010011001000010111010110010100011010111100010011010101101
0010110001010101110111010001000111101000100110000001101011101100
0010101000011000110010000100101000001101011110010011101010001001
0010011101101100100111010101100111001101001000010000000100011011
0010111101011100101110110100010111101110011000010001000101000010
0010101101110001000100111011110000111100000000001000001000010011
0010110000011011001101010100010111110010001011110000110010101011
0010001000001010011010110001100001100011000100100010100101010100
0011011110111010011111001110010001101101010001000011000011111100
0010011100111001010000110110110100100010010011101001110100010000
0010011100010100101010011101001000110000001010010011111111111101
0010010010011100110010001101010000100100001000100011110010101011
0010011101011000110111100100100111101110101111110011100000101001
0010010110111011100111101000111110000010011100111101000111010011
0010010101010101000001000001110100000101111010010110100100000100
0010001010110111011010100100100001100000011010011000111000010100
0010101000010110100011000100100101010001011100011001111101010001
0010001001111110010110001000010011100101010000010110011011111100
0010101100110001001010011011000010101000000011000011000110101111
0010101100011000011110110001110111111110101011110010000010101110
0010010010000001101011000000101111101011100110011101110111000001
0010001010111001010111101100011011000010000001001110111111011110
0011011011110010111011100001001001101100000101101011001110111100
0010111011011100111110010001001011101010110110110010110100110100
0010011110110100110100110001101010001000010011000000111111001111
0010111100100000110010100101110000101111111101010001110001110111
0010010001011001100001010000100011101110001111001010000110010101
0010011111001101110110000101111101001010011111010110000111101101
0010001101010100111000010000100101100101001010010011101101000100
0010001111101011111000011011001111011011000011100001011000111010
0010101000011010111100010101111101101010110101010010111111100010
0000010011111001111011111010000010111010100100001001010010101111
0010001101101100000000010000100011101110100010010111111010101001
0011000011010100010101010111101111000110010011001000000100000000
0010001111101001000011000111010111011000001000111111001110101001
0010001101110100111111000100010011101100010010111111000111101101
0000011010110111010111001110111010111101000000001010000010011100
0010011111110110010011011011100001100101000001000011011010111111
0011101100100110010001001010110010001001000000100011100010110001
0011000110001000001000101001010110100011100101101000111111101010
0010101001101010110010000111010000001010011111111100101111101101
0010111101001101110000011011100110000011101000111011000100000100
0010111011110100000010010001001001101000010110111111110010111101
0010110100100101010000100010110110100001011011110010100010001011
0010001101111100011111010001010011101111000011000010000011111110
0010101100000011111000011000100110101011101110011100010111100101
0010011101111100100110100101110011101000010001000111111100000001
0010100111011101010110000101010101001110011101000010110101011000
0010011101100101111000010101100111101000011010010000110010010110
0010001010011010011010010100000010010000000000010001111110001100
0010111000010100101110010100100001101000010111110110101000100000
0010011010011010110100010000110111101100110011101010101000010101
0010001000111001101110010101110000101001111111011110111111001111
0010001110100011110001111001110010000010000001001100001000011011
0010101010011101100001111000100111100110011100111100101011010100
0011101110101000010000111110111111010110000010111011000100001100
0010001001011110100111100101101000101100101011011010110010110011
0010111011111100100011010101001001101000011110000001111000010111
0010111011011010111000010011001111101010110011010001100011011001
0010010000100101001101011111000101110101101111000010111000011010
0011000001001010001000011101010111111001001110011100000111010111
0010010110110011110010010010000101110011010110110111011110110000
0010010011111101011100111011101011000101001010001111110100010000
0011001001101100000101001011011110111000100101110101100101101110
0011001001101100000101001011011110111000100101110101100101101110
0010111000001010010110110000000001100000011110010001101100000000
0010000101111110100100010000000000101100101111000100101010100001
0010111000100000100100011010000101010010111101100101110110111010
0010100100100111101010100001011001000010010111001110010000001110
0010101000010000010011000100011100100010000111110011011110110100
0010100100100111101011100001111101000010110111011100011000001100
0011011111100001011010110001111100011110000000100001100111000110
0011011000100110111011111100001001101101110011100101011110011001
0011111000001000100011101110001110100000011110001010001101100001
0010001100111110011101001000010101110111010111001111011000000101
0010110000101010011000110101101011101011111100101110111011101000
0010111001010011111011011010010110101000010101110000111100100010
0010100111101101011011010001101000010001000100010010111110110010
0010111010001100111011010100010111101101010111111111011111101101
0010010000111111001110100010110001101101110011010010010111100100
0011011100011000101010011101110110111000111100000001001111101101
0010110111010010001110010100100110101110011011110100001111110010
0010111101000110011110111000110110101101100101000101010111110110
0010000100011011101111101100010011011000110001111101000000000001
0010010111010101011001101001101110100101100000101101100100000100
0010001111101100010010111101110001000110010011011011111100000001
0110010101011000000010000101101001100001001001000111110010100100
0010010001110010111001010010111101000011011110001101101010010000
0010011011000001000100011111101110101110101110011100010010110110
0010001000100000110010100000001011100011101010111111111110100111
0010010000100110110111010010000001001110001010100111001011111010
0011000011101111011000010011011100000101110011010111111111110111
0010101001111100100100010100100101100110110110110001101000110001
0010100001100111000010001000010010100111100010000110000011110110
0010011010000000111010011101010010011000111110110001011110110101
0000010110101000111010011000111111101110000111010010111011000011
0010000111010100011101000010010101001110100011001000100000111000
0010011011011110111100000101110111110100111011111010010010100111
0010010101010110111000110001010010100110000000000010111100101010
0101110011011110110000101011000111101010111001010001100011010101
0010010100011000110010111100010100111110000011110010011000001001
0010011110110100100100101101111010001000010001000010011111000011
0010110010010101100110011011101000100111000011110010111010100011
0011101011101111111000110110100101111000010000010011110110110000
0010001001111100111100011001110111101110001011010010000000101111
0010101010010010011001110001111101001010001111000010111101110100
0010000000011011110110001100010110011010010001100000011001111010
0010001010010101101000010100001000011000000110110011111110110101
0010000111000100000001101010111101100101110111100101100110101010
0010111000010110111110000101010001101000010110110011111011010111
0010010110111101111011001010010111111000010010100000010111111011
0010011101011000011110010000110111101110000011110011111001111010
0011011010010101111010100110010001100000010111110001111100100011
0010011000010111001110011001010010101000011100010110010101110100
0010100000010011011100000101000110000010101101110011000001100000
0010111010000010111011011000100100001000010000101100011001110010
0010101001111111101101111010100010110100110100110101111001000011
0100000001111001010101110000100111101110100110011110000100100010
0100111011010101101111110100101011011000011100000010011100110011
0100000101111011111010000011010011100011110011011100100101101010
0010011000010100010001110101001001100000001111110110101100110110
0010000100001011101110010101100111110011001010101010010011000010
0010001100111111010110111110110011100000010011001011011111001111
0010101101010100010110011001110001100000000010110010010010111101
0010010101000010101000001000000001101100001011000010000100000000
0011000011010011111001111011101010010001111101101100001010101010
0011010011000011101110000010001101111111101011100110101001100011
0000111011011100111010000011000010111000010011110101110010110111
0010011001011101111100000100000101101100010101000111001101100000
0101110000101111000110011000110111000111100010000100110001010110
0010000101111100010011010001001011100100011011000110010100100101
0010011101011100011110101000110111000100000011010110101011001111
0010111011110100111110000100011011101100010110010010100101000101
0010011100010110011111010000100001100000110010000101110110000010
0010010101110111111011010110010011110001111000100000111011001001
0010111111010100110110010000100010000111001000111011011010000111
0011001001011001001101100110110011100010010001011001100111001001
0010001000001111010001000101000011001001111011000011100000111101
0010111011010000101001011001011001100100000111101111111011011101
0010011010001101001011111100100101100000110101111110101110011010
0010111001000010001001011001011101100100001101000111111101010110
0010111010001110111100010101011111101100110111111010111110100000
0010011101010110000101100000000111101111110111010111100001010100
0010011001111011010111000010111101100010100010001111111110000110
0010010101110011011000111001010000111001011010011111100111010011
0010011100011111110110001010000110101101100011100010010000101001
0010001100111101010110100101010001000100010111001110010110000010
0010001110011100001110100110110011100010000001011101011110000011
0010100000011001101101111101101110010001010000101100001000100110
0010011101000110101011011101001011110100001010000001101111111100
0010111110000000101101110110110111101100111100100110001100110011
0010101010001101100010010000101100100010110110100100101000110101
0010011000110100001000000110000011101000000111110010001110111011
0010100010001010110000101101011101100010010000001100111111101001
0010011010000000111000010011101010111110110010100011001100100011
0010001001101011001010010101101011001000011110000110101100111110
0010011101100001011010011011101101011001001000000011110010100011
0010101110101100100000011110011001110010010110101111111000001001
0010101011011101011001001110011011011000010110010000110000110110
0010001100110111110010111101111001100010010011001101111110001111
0010011110000101100110110110110110001110100111000010110011011001
0010110011011011011010110100001010101010010010111000011011110010
0010001000111110011110100110110011100001010001011010111000010011
0010011000111110011111010000000001101000110010000010111011110100
0010111001001110011110000000011001101111010000010100010010100101
0010001101111110010111001001010011100100110011001100010100100010
0010000001111100011011010000110111100001101001001101111011000011
0011001000011111001110100110110001100000010001011100001011111100
0001010001110000110110100000100111100110101101011110100000001011
0010011010001110111110010000011111001100010111110011010101101111
0010010101000011011001101011110100010001001010010001100010000101
0010101001110010101100110001110000100010000010111011001101010001
0010011100101100011111010001100101101000110010000100111011010010
0100010101011001110000000001100111100000110001010111100010110110
0010000000001011010000100010010000110100101011110010001100111101
0011001110010111010011001100010111111010000000001000010111110011
0010011000011111001110000110110000100000110011001110100011001010
0011111100010111110011001100010100111010000111010000010111001011
0010011000001111001110110000110101101000010011010111111100001110
0010010110111110110101001101110111110110101100111101111110010111
0010011010001100110011111100011001110001010010110001100110101001
0010110010010011001100011000010011011111000011111101000110110100
0010000100111000110110000011110100000110000100000100010110100001
0011000100101010011011110011001100000110000000010011111010101010
0010001000111101011110101110010001100110000100010011101010001111
0010101001000010101011101101000000000000000101101001111110010001
0010001100110111110011001011001001010010001110100111000110010000
0010101010011010110100000101001110101000110101111011101111000010
0010001001000101000101100011110100100110101110111111001100001001
0010010001010011101101010110110101101100101111100111101000101010
0010001101111000111000010101110001100010011011010001000100010001
0010010101000101100010000000101101110101100010101111110010100011
0010110001111011111000101001000111101100100011010101100010110101
0010110011000001001011001000010111100101111001101110001110000010
0010101011011011100110111010010111000000111110100010011000101111
0010000111100000110001010101110011110011001101001111111100100110
0010011011010100111010010101001001101000010110110000100000110110
0010001000011110011110000100110001100000010011011111111110111100
0010101010011010110010010100000010001010010011101000011011110010
0010101011011000011110110100110010101100010001110111100000111011
0010000100101011010111111100110011100000111101111101001110110110
0010011010000100010110111001011000100000000101110010111101011000
0010000101111000001110100110110100101010010001110011001010110011
0011010010101110111111111011011010100010100110001001101100101011
0010001101100011011111110011111000000011010101100101101110110111
0010101010010001101010010101000000100010001101110010000110010101
0010011101011011010111001010000110101000001011000001010101101101
0010000000001100110111101100111101100100010111000111000101000000
0010110101000011100000010110000000111110011011100000010011110110
0010101100011011011111010010011000000011000111100111110100010111
0010001101111110010111001000010011101101110011000010000011111100
0010101001011110011100010100110101100000010010111101000000011111
0010111000100100111011010100011001111110010110111100101000110010
0010101001011110011100010100110101100000010010111101000000011111
0010100010101010001010111100101101101010011101001011110001010011
0010001100100000010101110111000010001110100010101010011010111000
0010111001011111010111010001100010011101110110110110101110011000
0010001011010111011110000100010001000100110010110010110100110000
0010101010101101100100100101110010010110101101011110111010000001
0010000100111011010111111100011101101010110000000001000101111100
0010011101110000110011101100110001101100011011011010001111001001
0010010000001110011011010000101101101011110011001101111011111001
0010101110010100110010010000011001001100010010101010100100110101
0010001101111010010100010000010010101100000011000010000010111100
0010011100100011010111010010100001100110100011000111110010111011
0010011110010100110010011001001001101000110111001111011011111101
0010001101101000011010111101100100010001001001010011100101110100
0010101000010011100100010100000011101010001100001001000110110100
0010001101110100010111101110011111000111000111000111000110100100
0010011001111000001100010001110111100110001111011101111000100010
0010101001110000100101010001110011100010001111011011100110111001
0010011101111011011011110100010011111001110000011111011011000001
0010010110101110100011100011011101001001011000100000100101101101
0010010100010111001100010110000000100100000000011111011010000110
0000000110000101101011001110111001100000000011100111111110110111
0011001001111010101101011111000011101001010111101000110000111010
0010000100011011100011110100110100010010110111111000011110111010
0010101010110111100000010101010111101000110101000100110101000010
0010011100000110100010001100100010110100101111110000001010100101
0010111000100001010010111001111101111000001010100101000110110010
0010001000110100100010000110110101100010010001011100000011001111
0010111100101000010001111001011101101010011010100001110111010010
0000110011010101100010001100001011111000110110010010111010110100
0010111001011111100110011100100111000100000111100111101100101010
0010110011111010111100010101111111100110110110011010110110101101
0001101001100111000011111100010110100010100001100111000001110010
1110110001001111101110010001011010110011100110001101111000000001
0010010000010001111111111001111111010011001101001111000110010110
0010010111000110100010011010000010110000110010100110110010100111
0010101000000010111100010100111100100010110111101000101011100000
0010111011111000100010010100100101100100011101011001001101010001
0010010101111100111010110000010110101100010111110011100110110001
0010010011000011011001011010011101100101101000100111101001101000
0010101000000000111100001101111111111000101000010010111010010100
0010011010101111011010010001001101101000010010100101010000111110
0010101110010111000000010010001011100100001000100000010001111000
0010010101100110000101111000100111101101110111111110001100001001
0000010011001101000111001011000101101100101001000000001010000010
0010001101111110010111001000010011101101110011000010000011111100
0010010001011000101010101101000000101010100010010000010100010001
0010001100110010100110001000010011100111000001000011110000111110
0011000010100001001111000111010011111001010000001001101001100110
0010101001110110101011011100100111110011001100011001101000000111
0010001111111000000111100101000010101111000101010111111111001111
0010011101000000010000110001110010100110001111100111101001110101
0010001000011010001110000110110011101100010011010011110110100100
0010010001111100011100110001110110100110000011101011101000111001
0010001101111001111000010101110001000110000101111001111011101111
0011000110001010011010000010100001100001000100100110011100011101
0010110010100101111011101010010111101100011111110010000000100011
0010001101100100011010011001110111101100101011001010100010100101
0010101101101011011100010000110011100110100010110001001110111000
0011101001110001101101000101101001001011010110011011011111100001
0010111011111100111000010001101010101000101010100101100000110011
0010001010110100100000100101110001100000010001111101101110001010
0010011010101101110111100111011011111100001101000111000000001010
0010010000000011101000010000000000011010011011100010011000010010
0011101000010001001010000011101101011001111100010011000100010101
0010001011001000100010100110110010100100010100001111010111110110
0100101101100001110111000010111010001100001110100111010111000011
0010011101000010100000100001100100000100001010010011001101100001
0010001000111100110111000101011111000001110100010011100011110100
0010101100110011000000000110110000000110010111100111000111101001
0010001101110000011110010110110111100100000010110100000110101010
0010101100011100100010010011100010100000010100000011110100111111
0010111011010101111111110100111001001001010110110001010100110111
0010111000100110010001011000000011101000110001100010010000111101
0001010110000101111011101010011010100100010111110011100111100010
0010001000001010101010011011010001100010001100100000101111001000
0010010010010100100000010000000011101100101110100010100000100010
0010010100011010010011111010100010101111110010001110011110010111
0010110010010110011010010100000001101101010110101010110011110000
0010010001011100110100000100101111100110100010011011110000000001
0011100000100000001111000011101001100011001100011001100110010001
0010111101110110001101111001110010101000010111000011011101001110
0010001101010010000110000000110011010111000011110010110010101011
0010010011111100011010010101011000101110010011010111011100111101
0010110010010110110011000001001011110111000010101110100000100010
0010101000001100000010010101000011001000011111010011111010111100
0010001000000010110001101110010111101011000000100010110001011101
0010111010001100100010001000000110001101000111101010111011100100
0010010011111001111110100110011111100101100010000011111110100001
0010100000100011111100011101111100101110110111101000001111100010
0010111000100000100100101100100000101000000111011001001110010101
0010111001011101110110110000001011101000010111011110100000110101
0010101111001100111011000000010001110101110010010001011101001111
0010000101101100011111101101011111110101000010100010100001010100
0010101010111010110110011000011101110101010011100010100110010001
0010000010010110000010110111011000110001011110110011111100100000
0010010000001001111110010001001101100011010011000011110111111100
0010001100011110111101011101110011101000111011010100011100101000
0010101000001100111010010100001001000001010110011011101010101101
0010001000010001011100010100100011100100010010110101011001110110
0010100001010100000100011000001010111000011110011110110010001111
0010001110001000011100100000111011000001100011100100011101100101
0010011100110110111001110001000001001110100010110110011110010111
0010011001110011101001010101000101101010111110010000011011000011
0010101011110110001100000001100111100110010010000101111100000000
0010001011101011001101110111110011001000010011010111111101011101
0010011000011111110111100100011001000000010111011100110110000000
0010000111111000011110110101100110110101000001010011100110101111
0011001001000000111010001011110011010101101010110000000110010011
0010101001010100010000111010010100100110111000011010101000000011
0010101010011101011100000101010111000001001101110000101001010100
0010011000010110101000011111110011001000000001001000001110000010
0010001000101001011010110010110100110001001000110110010101001110
0010001100000100000110110100010011110100010001011111111100111111
0010001001000111010011010011000010111010111110010101111011001000
0010101011011111111000110001100011100000110001011101100010000101
0010100111001101101010101011001101010010011001110101101111110101
0010110101111100011110101011000100011100111000110110010111000111
0010000101111100101000011101000011110101000001001010100010001101
0010100010101100000100110101110010100000011001100010110101001000
0010001000101011101110110100000101001011000100010011000011111100
0010011100110100110010111100000111110011001000000011111010101010
0010010110010110111101110101111010110110001111111110101101110000
0010111010010100111110110100010000101000010111100001101000110111
0010000000010100111110010110111101101001100110110101111100101111
0000000010010100011010000110011000010110010010110100001001100001
0010010100001001000001000001111001000000111001000110100010100111
0010100111111100011000011000111101011101110001101011010111111010
0010110001010011011000100000111100010110100001011011011011011101
0010011010010000100101011010010111100100101011001010100000110010
0000100011001000000100111001011100101100111100010011111100101000
0010100010011011001010100110011100100110110001011111011010011000
0010001010000110100111011001110010000100001100011001101100011101
0010011001000011011100111101110111101110100011110000011110101001
0010111000000010001000100110111110010110010010111001001111010010
0010011110100110000001011001000001100100110011000110110000101011
0010011011000001011101111101110110101110100011110000011110100001
0010001100001100110010101101100010000101011010010011101010001101
0010001100111110010111010000010011100011010011100110010010111101
0010111010111010100101001100111101100111111000010001101111000111
0010001110110001100000100000000011001010101110111011111100001110
0001010101101110001111000011001001101111100110001010101010111000
0010011001111010111100010101110111101111110111010010100010100011
0010001101111111011100101000100011101001110010000100011111000010
0000111011001001101000011000100111111010101100001001110010110100
0100110010010010100010101010000111110000010001011101100111011101
0010000000000111100010111000100010000101101010110111111010010011
0100110010010010100010101010000111110000010001011101100111011101
0010011011110010111100110111110100101010011110011111001000111001
0010011000110110111000010100100010111010010110001111101011101101
0010010101111100010111000101110111101100011011000010101010110110
0010101011010000111010010101011011100000100110110011111010110101
0010111000111001110011011001101001111011100010010011100110001101
0010001101111110011001011000011011100100101111001110111011000111
0010001000000010101100000110010001101010010111010101001011110101
0100110000110110110000001010000111100000010001011100100110011100
0010111100100010111000001000100111100001111100100010010101110110
0011001000101000000001001111110111100001000111101110010010101110
0011111001011101101011010100100011101011011100110001011101110101
0010111000010111011110110001100000100000010110011101111100000101
0010101001110000101001000101100001100011011100011001001101010001
0010011101111100111110111101111010100100010011000011000111101111
0010111011011110111010100111100001111001111100110011010011010100
0011000100110100001100111101000010101110100110111011010011111011
0010011101111100111110111101111010100100010011000011000111101111
0000001011101001111010011000100011011110101000010101011010100110
0110010000101000111010011111110111100000010000001010110000101001
0010011101111110011011011001010111100101001001000011111011010110
0010010000001100011000010001100100100010101010111001111111001100
0011111000000001011011111001011101011000001011110111000111010001
0010100000100110111001000111010100100110000010111010100010001010
0010000100111001101011010101100001001010010100011011111010010101
0010001001111001001110111110110010010000100100010001011110110010
0010010001011000010110000000110000110110010101100000011101101001
0010011000010100101011011001010001101001000111001111101011101010
0010001101100000011001000000110010000000000000101010000100000110
0011011010001000000000111111100100010010010000110110101111101001
0010011010011010111101010101110111101100011111110011001011110100
0011101001110000111010001101100101100001011100010001101110000001
0110110001010110110011001000000011000001011001111000101111111100
0010011010110110100010110001000011001110111111000111100011101100
0010101110011011000110010001000010100100011000111010010011010100
0010011000101010010011010111000011110100000001000010111001010111
0010000011010100001010100100111010100101010110001001110100011011
0100010001111101100110001101000010111101001010011011110010100000
0010100010110100111011010001001001000010001110101111011010111100
0010010011111010010110010100100111101110100010010011011010100010
0010111011010000111010010101101101101000110111110011000010110110
0011110001101100100110011100110101000010011100101011111100010001
0010101001111000111110111000110010101011110110000111010111010111
0011010010000100111011110001111011100110010110100001101110111101
0010001001010111001111000010100001100000111001011101100101010000
0011011011010100101000101100000010101110101111111011011101111001
0010010001111101111111100010100011101100000000011010100010001010
0000000000010011100100110100100011101010001101001010100110110000
0010101000100000100000000011100111101101101100011001000100101101
0010100000110100111101010001001001001010011100111111010011111100
0010100010011010000100010001111001010000111000010000101100111100
0010011000101101000101000001000100101111100010010000010010111001
0010111101111000111001011101100101110011011000010101000101010001
0010101000110000111010011100000001100001010100011000000000010001
0000011000011100111010010001110010110001010101110010111010010101
0010000001011000000000111100111010100100001011011110101100110110
0010011101111100100100011000110011100101000010000111110010101001
0010000000011000110000101110101000101010110000100000111100111101
0010001110111010010001001000010010110100010010100110110110011111
0000011011011000110000100001100010010000110101110111110010110100
0010011011111010110111010011111101000110110111110100101011111110
0010110010010110011010010101101001111001010100111000100011011100
0010010010011001011010100110110001110111011010100100110110010001
0010000101110001001110001000000001100000110011110001100110110010
0010001000000110001100000110110000100000010001011100011111100111
0010101011000100011000101001111100000000000010110010011110110101
0010001000001100111110000101101011000101111110011011101011101101
0000010001111000110110010001110010010101001001110010111000000111
0001001000011100100100110000100010101000100110001101110011001111
0010110111111111110000110001100111100000110101011111100010111100
0010101101010001011101101011011010100100100110000110010110100101
0010010010100010000101010100100011010000000100110110000111011111
0010101001010011001001100111110101101000110000101001001100000000
0010001010011001010110011101001101010001011110110000111000101111
0010011000111011010111000111001010100001010011000011101010110010
0010010000010011101010101010000011011011011101000111011110000100
0010000000101101000000001110000111011100001100010100111001001011
0010001001101001011110111001000011001110011111000110001101110110
0000010001111000110110010001110010010101001001110010111000000111
0010101100001000101100011101010111101101110000100000000100110010
0000111011011101100010100001100010011000010111110110111010010101
0010001001110001110110000110110011000000100010010011010100000001
0010010000011010110110101000010011110010001011110010011110100000
0010011100000110111011010100000011101110101111100111101000111111
0011101100100110000001001000110010001000000011011101011110011010
0011001011000111110010110110000010100000011101011100101011110100
0010011010011000001110100001110000110111010101110010011011010101
0000110010011000111010100001000011111000010101110110111010110101
0010000100011110000011111100000110010110011100001001001111010110
0110100000111001010111110000110111100010101100001111101110010000
0010001011111000110111100111010011100101100111010110100010101101
0010000000010111010010000100001010000000011111011100001101100001
0010111010010100111010010101001001101000010101110111111010111101
0010011001101101011110010001110010101110100111100111110110101001
0010001000000001011010000011010001010000101001111011001101110111
0010011011010010100111000110110101001001011101001101010110010000
0010010101111010010000010001100010000001010000010110010010101100
0011101000000001011010001011111101011000101000110000100100101101
0000101010000000001011011001101101111000111010011110111010000111
0010101001111000111011001101101111110101100000011000000000000000
0010000001111000100111000010010001001010011010011001100111001110
0010001010101011100010101010010010000001010011100010010000111111
0010110010001110001001100010101100100011101100000011011010100110
0010011000001101011010000000100001000001001110101011100101000101
0010011011010100010111000000011001101111110110110111010110100000
0010001000010010101111001100010001101100010110000101110000010010
0010100010011010110001000001100011001010011111010000110111001110
0010011000001100111100011101100001011010010110110001111110000101
0010111100001110111010110101100000101011100110100100111010011011
0010010101101011000000001000010110010101111010010101001111001010
0010011001101001010000101000001001000101011110101000101110100001
0010101100100100111011100011100111100100110010100000011110110111
0010101011011001100000110101100011000000011110110011101100101101
0010110101000011011001011010011111100101101001100000000100001010
0010101110101100011010001101111111000101000101001100000111100001
0010011101111101110110100101101101001111011100110010110110011101
0010111011111110101011000100100110101111011110000111001101010000
0011101111110110110010100101001001101000010011110111110110011100
0000111011010101001000000001110110011110011000011100110010001100
0010110011011101101000101001000111101010111001110011101110111101
0011101111110000011101110110100010001101000111110010010101110011
0010000101111110010111001000110111110101101000011011010010010101
0011100110010011001110101111101010010001010001111101100100011001
0010100110101010010000111001011101110010010011000101000111010011
0010111010010100111010010101001001101000010110110111111011110101
0000111010011100111010000001001011111000010111110110111010110101
0000111010011000111010100001110010111000010101110010111010110101
0000000000001001000100111010000110000100001110110111001111010111
0010001100110000100101111000100000100010010111110111110010111001
0010101010100110101011000000100001100001011110011110001101110001
0010011111111001111000010000100111110000000000001111101011000001
0010111100101101111010101101111101101110101110001111111110110010
0010100101001010010100001111010110000111001010100011110001000010
0010101001101011101000000101110100000010111110011011001011000101
0010100010100011101010111011110010100011010100100011101110001111
0010110110000110100011101010000011000110010011101101101110111101
0010010000000001011111111110000101111010101000000111111011010010
0010011001000110100100010110000110100010001010000001010001100000
0011011010001101000001101111000100100001010011110111101111101010
0010010010001000110111100001011010000010001101101111010001011010
0010001000010111010110000110000001101000110011011111001010100100
0010011111101100000010011101000111110100001000011111111011000011
0010111010000011001111111000100010110100000001110100001010101110
0010001101110100010101110001100000100110000111100111110010100101
0110110011011010110000101010100011000110011011010001100110011001
0010101001110000011010101001011011011010101010100011100000100001
0010110110101111011100011001001110000101110111110000100110001101
0010111010010100011110110101001001100100010110111111011011111101
0010111000011000110010111101000000101000111110110000010101010101
0010000001011101011100111010111110101111110100001011010111001001
0010101100001000001100010000100010001110100011110111010101010111
0010000100010111000000111000110110110011101100001101100111000011
0011001110111100111110001110011101100001110011011110100010101001
0011111101010100101000101001100011101000001010100000111010000101
0011010001100001001001010100100000000011011101011000100101011000
0010001011101010110001010101010010010010110110010011110110111111
0010111000000000001010100111110011010000100100011110111110110100
0010001100111000011100111001100010100110000010110010110010101100
0010101000101101110100000101001101101110110111110010100111000010
0010001101111101110111001010110011000101110010010011110010110100
0010001011001101110001011000100001000100001011010111100011100110
0010111000111100011010010101111100001000011000100001110010001101
0010010101111001000001000001010000100001110011000110100010100110
0010010101101011101111111000000100101001110011100110110011011110
0010110011110110110010011010010111010100101100001010111010011000
0010101100011100010011110000010011100001110000001111111010011001
0010110010010100011010000101001001101000011110110000011000110110
0010110011010011111010010001100101101010100010100111111011110111
0010011000001011111111110010110101101000100011010111111110001011
0000110010011001100010100001000010111000010101110110111010110101
0000001001111101000101100111110111110010101110101111011110010010
0100100010110110101010111010010010111110010010010000011111000011
0110001101011100000111010111010100101111011111101000110010111100
0000011101001000111000011001100111110100001000011000111010000111
0010001011101010110001010101010010010010110110010011110110111111
0010101100100100100100110001101001101010100111100011100110110010
0010100000111001100100010001101110001110101011011010001000011100
0010011000011110011110100100010000100000010011000110100000011110
0010011000001001000010111000101101101000111111010001011110111111
0010011000011000000110110001111010100010010101110010011000110110
0010001111101001011101110001000000010011010011110011010101001111
0010011000011010110110011000010011101110011011010000000011100000
0010010100001100110110110111011001100110110110000011101010110001
0010111001110010110100010011011010100110011011100011001100001001
0010010001000110110001001001001101101111001110001001000101111000
0010011011111000111000010101101010110111000000110010111110000011
0010011001010111100110001000010010101100110010100010001001100000
0010101101111010110111100000110111100011010111010000000100010010
0010011101111100000100011000110000101100110111000101101000100010
0010000001011111011110010001100010011011111011011011101111011000
0010101010010100111100110101111011100001010111111111010011000001
0110001011111100000010010001110110100100000011010111000110011101
0010011010010100110010110101001010000010010101111110111001010100
0101000001101011000110011000100101100000010001111110101110010111
0010001011111101000010001110100101111011011001011000001110000101
0000010010000101111011101110011010001000010110010001111111000111
0010001001111000110101101110010101110111011111010001101111011101
0010011001111110011011110110010011111000010000010010011011100100
0011001001011100100110100011011010011101110101001111110111101101
0010111100100110101001111000011111100110010011100010011110101011
0010001101110100111101111101101110010001101001001010111000001101
0010010000111010110110111110100111101110110011111101101100010000
0011001101101010110101010111000011101000000011010010101111110011
0010010101111110110110010101100101011101111010010110010011000111
0010001100110011100000111001100010100000000011110000000011100000
0010010000101110011111010000100101101010100010000101110011010010
1010111100001000001100111100110111111100111000110000001010101010
0010000000001011010010101110010110001011101011111100100110100010
0010001011110101101010010110000001100011101010000111101011000001
0010011000000011100100010001010011100000101111011100000110111000
0010010001001001011001110100000110001010111110001111000111000100
0010110111110000111110110100100000001011011100011000110110111101
0010010011010111111110011010001001111101110110010011110010100100
0010111010110100110010000001101001001010110110110000000100110010
0010101110001010100110010010100011100101000001011111000011010100
0010001001111101100110010100100010100100001011010011101111100111
0011111000111010001010001000101001011001111100111011000101000100
0010000000011110010000101000100111101001010101110011100100000101
0010110100110100111010010110100001101000010111101001111010000010
0010000101100100110111001010101111100111100010101110100110001011
0010101000001100110100100001011111101111010111100011100111100110
0100011111111011010111001010011001011111110011000011100011111101
0010101001110001110010000001111001001010111100010001000101000101
0010000001100111001110011000100110001010100110000111101001100011
0010101000001001101101011101111100001110011110110011110111001001
0010000101110110100110011101110001110101100010000110110000000111
0010000010101100001000011000010001100011110101000000000000110010
0010111100000000110000111101011001001000011110100101100100011011
0010111101110100110101000101011000101010000110100011100100110010
0010010010110100110011011001010011000000001000001111010010011100
0011011000101011100110101001000010001001011011000010010000011011
0110110110000100100011001010000001000010101011111111111011000111
0000010111000000010100100011100100100101101110100111010111010110
0010110110110001100011000000001001100110010111111011000110010101
0010110001011101110100101101001111101100110011101011100100100010
0010011000011001000100101001000010001000010001100100011111010011
0011101101110000011101000001110011100010010011011001001110010001
0011100111100000111000000001100010100000010100111010101111101101
0010011001111001011000011000110100001111111001000110100000000110
0010101001011001000000000100110001000011011010010001111101000000
0010110010010000011011111101011011000111110001101101011110011110
0011010011011011111010101011000011111001110001000111000010111101
0010011101111001001010010011110111001010101010110111100110101001
0111100000110000101010110111101111100110010101011011001000100011
0010000000011000111100111101010110001010111010001101100001111000
0010010100000011100000001001000001011111011011100010000100000000
0010001000011010011010110111001111101000010011010001111000110010
0010000000110100100010111001100111101010011000001000001110101111
0010001101011000110011100111011100010011010111110110110100011011
0000100101111011000011100100111000010010010011101000010001111010
0010010111110010101000000111111100011001000001000001100110100001
0010001001111100001000010001101000100110000011111111101001001000
0010001000011011010110001000010110001000010001100010011101111010
0010000010001101011110000110110110100100010001011100111110101011
0011110000110110101011100100100110110111111100011101100000000011
0010000000110101100110100001110110001010111110010101000110100111
0010001111110110000010001010010010110101000000000011010010101001
0010000010001111011010100110100100000010000101001101110111011001
0010001000111011001110100110110001100010001101001101101110010011
0010001110010100110010110101000000101010010110111111010010010001
0010101000010000101010010100001000100000010110010000110100011101
0011011010001101010011010111110101011010010100111011010010110110
0010011100000010100001010000100100111111011000001001001010111101
0010001011011101101100110111100011101000110011010101110010110011
0010011110000101011111011010001101101010111011001101011011001000
0100011010001010011111010001101011001010110011000100001111001010
0010011001111010111110010100110101100100101110101011000010111101
0010001011101001101111111000100000001001001110000011010000011111
0100110011010111101010110001101110011100111010010101110010100110
0010100010110001110111101001011011000010001100001111000110011100
0010001011111101110110101000011010100101001010010001110000100011
0010100100101101101100011101100010111110100110111001100111101111
0010011101011101101011111000110010101110101101100111001101110111
0010010101111000101001110000110011100011000111111000001001110000
0011010011011000101100010111011111101110010111001010000100010011
0010111000111000011010000000101001101010110111010001111011010000
0010000000011011010110000010010010100010010011100010001001100100
0000000011000001110000001011000110001101000010110011000011011000
0010110010000111100001100000100110011000001010000011111111000011
0010100011001001110100010000010110000010101100000001110011111100
0111010001010001000001000111001011100100111001000000100100001111
0010001111111100011110110111110101001100010110011100001100011111
0010001111100000101100110111110111000000100001001110100000110001
0010011000011110000100000101010100010000000111111010110000111011
0010100010001001001011000001110111100011001100001111110111110010
0010001001111001100100000101010010001001111110011010010000000100
0010101110011101110010011000011100100000010110100011111110110101
0010000000111100100100010000100111101110101110011011111000010001
0010001101110010000001010001100001100110110011000111100100110001
0010001001011011000110100011010001100001000001010010011011001011
0010101001000000111010011011001011000001000010110010000111000111
0010011101111110110111111000110011101111010011100001100011100100
1011101011011011110000011010111001100111101111100110100000110000
0010000000001010001011000010100010001110001000001010001010010010
0010001000001011001001011110110100010010010111010101011000000110
0010101001111010101001000100100101100010111100111001001101110011
0010111111111101111000111001000111111000010001011101100011010101
0010110010011010100010111111010100100100010011000001011011001111
0010001101111110010111001000010011101101110011000010000011111100
0010101011010000100010001001101111001000111000010111000111000101
0010111110010100011010110101011001101001010110111001110110111001
0010011001010110110001000101110000111100001110110110110110000010
0010011011010111100000010000100011101010100111101100101011100100
0011101001010011101010000101101001101011010100010001010100011001
0010010010000111000101101001010110011000011010110110110110100010
0010101000101000110011100100011111100011111100011001000001010101
0010001101111101011110011000010010001100111011000001110001110110
0010011001111000011100010000100011101110000011010110010001111001
0010101010110000111011100101101011110000110100011010101010110100
1010110110000010100011111010000010001100011001111000101101010100
0010011011000011001101010000111000100010001100100101010101010110
0100010000111110110100011000100011101100101011001011111011100100
0111101011100010101011000100100101100001010100011000101001011001
0001100001100111000010001000010010010111100010000100000001110110
0010111010111100111111000111111011101000010110110010101110111100
0010011101100011000111011101111111001100000011000011010111111100
0010111000001001100010010001100001001101110110110000110000000100
0010100111010100011101001100010101011111010100101111001111101101
0010110010010010110000010100011001101010010011100000011111110110
0010111100010001100000110100010011100100101000001000000010000000
0011010000000011010000001011001100110011111010101101101001101110
0010011000011111110111011000011101101100010001000111001111010000
0000100000000011100010001000000010011111010011101000010001110010
0010111110110110011010110001001001101110111011111101011011100101
0000101011000101100010001000000110110100001000111111110000010001
0010011000111100011010010101011011100010000010011111001010100110
0010101101111000010001010000010111101101111100001111101011010101
0011011000011111001110100110110001100100010001001101111100000001
0010111000010101111010001001011101101100010000110011111101111100
0010110011011001111000101011111101000011111010010001110110011001
0010001101110111011100110000011000100111010011000100011110110101
0010010111100100001111100010000100101111110110001010100001110100
0010000000000010011010000110000110010000001000110100001001010011
0100000011011111000100011100000010110100111011010111110110101010
0010011000001011101111011010010100101100000001110111101001010011
0010001011001100000101110001100010101100101110010110111010011001
0010110111110100111000110001011111100010010111111111101110100001
0010111000110010010011000100100101100011000110100111010000100010
0010110100001111101111111000010100010010100011011101010011101011
0000010010000111111010010110001001000001001010111000110010111001
0010100101111000010001110000010101111111011100001111100110011010
0010100001111111110110011000000011100101110010100011010100001110
0010101101100100111010100000110010110110000010001111010000100011
0010001101110110000001011001010011100101110011000110000010101010
0010100010000100100100001010101000110011100011110111010001100011
0010111000011101111010010101011111101010000010011110110110000101
0010101010011110110000100100111001100000010000001101110001000111
0010110001101000010100011001110110101011110011100011000101110101
0010011000001011100110011000100011100110100011010000110100100001
0010100011001011111010111100010000000011011101001000110111001000
0010010001011100110110000100001111100101000110001010000011111000
0010011011010100100110010100000001101100000110110011110000110000
0010111010010100111000010001101001101000010110110000001100000001
0010010100100110100010101101101011001100010000000101101111111101
0010111001111010111100010011110100101110111111111101000011100100
0010010010010011111110011010000001111010010011100000010001110000
0010001000110100110000001010000010010000000010110100010000110000
0010110101010110100101000100001100000010101010111010100001000100
0011101001110010000001000100111000000010000100111001001000101111
0010001000110111111110001101110011110000000110010000001011011010
0001110110100101111011101010100101111001000110011010010111010011
0010101000000011001000000000110111001010111011110100011010100111
0010110010000101101001010010000110010100001000001111111010000110
0010111011101000010100010000000100101001110110100011110111010011
0010000101101111001111001000000011101100101111001111110100101011
0011111000011011011010000100110010110011010000100110111110001001
0010001101111100111000110011100111101101101101010111110011100011
0010101000011010111100000101111101100010110111111100101101101101
0010010100110110100110111000100101000111100010101110001111001011
0000101011000101100010000010100111110100001000011111010010000011
0010010110110100110011111001101011100111011000001111100110100011
0010111011011011111000101010010111111100000000011111100011010100
0011100001010000100001000100100111110011001000011011011011000011
0010001111101010101100101111010110011001100000011001000000011111
0010110111101101010011011001011110111000010011000101000111010011
0000000010000010110111001000000000110010111011000100110011100000
0010001111101001011000010011001101001010010010000101110000110010
0011011011111100001100000011111011100010101011111101110100101011
0010001101111111111011110100110011101000101010001110100100000001
0010110000111010100000000010101001100010110010010001011111000010
0010101101111000000100110000111010100100001001100000000001100010
0000100101001011100000010001100011011110010100000001110000011000
0111001110001000001010110010000100101010101101011111011110101000
0010001101111111011110111010100011101100110110000101111001100010
0010010100111011111111010000100111101100100010100011111011110011
0010000101111110100110010000100111101111000111001011010001111100
0010010000111000110000011101100111110001101011011001100110110000
0010101000000001010010000010100001011000000000110100100110101000
0010111000001011101001011000001011011110011011100010011110100000
0010000101101000111001011000000011111000110000110110000011111101
0010011001011111110110011000010100101100010001100010101101100000
0010011101010000110100100001100100101110111110111001101000100111
0010110001111011001001001010001110100100111000000001111001011110
0010010000011001111110011110100111001000001010110011011111011111
0011001100110100001110000110001000000100010011101110111010100000
0010111000000001001110100111111000100100101100001000100110101001
0010000101001100110010111110001010011110011011101111110111010111
0011011110110010001110111110000001100101000001000001011011111000
0010100011010010101010111000000010101000010000111011111011111111
0010101001011011110010011001000111000110001001101010011001110011
0100000010000111111110111000010011101101011110100011010010100100
0010011001111100101100110000110011101110100111110001011000110011
0011101101010011011010011001000011001001101001101010111010100100
0010001000000100101011110000101111100110110010111001111110110010
0010011001001100110100101010010111100010010011110001101100111000
0010001001011100010101111010110111100100011111000110100011100110
0010110011111101110001000101100011111000110001011111101111101101
0010001111110001111110110001011111101011000100101111110100100101
0010000010010000000111101101011011010000010001010111001100100110
0110000101110110101100010000100101100100101000011101000110010100
0010011001010111110100010000101011111000010000111001101011010001
0010101011011100110110001001010001001001110111000111000110011100
0010011100011110100110001010011011100100000001100011110000100011
0011111100100010001001001110100000000001001100011001010111111001
0010111011000101100011010000100101101100000111011100000011110100
0010011000111110011111010000000001101000110010000110111111010001
0010111000010110110110000001001001101001010011000010000011111000
0010100111110001011101101010011110101000110111000011101010111011
0010011010110000101101110101001001101010010010000101111011000111
0011001000111100100000011000100010001110100110110011010010110001
0010010101100010000101111111111110000110010011000001010101110110
0010001110001001111100111011110111011110110000000000011001101000
0100000101110001101101110101111011110101011100001010001000100010
0010011101111100010100001010111011100000111010000101101101101010
0000000001001110110000001010100111110110001000110010100111011100
0010011000000110100011110110100101100000011110011011100010111011
0011111010100111010011001110110010110001010000110001111110101001
0010001111011111001111001010110000101100010100101000001101001011
0010110111011111010110010101110101101110110111000000111001011010
0010011010011110001111010010101001100110110010010111111001000011
0010001000110100011100000110110000101010010111111011001011100111
0010101010111000110010000101010001111111111101111110100101110100
0010101100111010001100110000110110100111101011111111101110001111
0010101110101111000010011000011110010111100010100101010000111010
0010011110100110000001011001000001100100110011000110110000101011
0000011001101011010111100001110000101110110110011101100110001001
0010011100000000101001100000010111111111101101101001010111100011
0010011011011101010010001000111000111101111000000011000011000100
0010000001111010110110110100110111100100010011001110101010100100
0010100010110011111011000010110011101100100011110111100001110110
0010100010010001111011110001011011000000011100101100000010110110
0010101010110011000000101110011010101011000011101000001001111110
0010111010010110101011010101011000111110001100101111100010100111
0010101110110111010011111100011000100110000110111111100110111111
0010101000100000001101001111011001111000101100110100110111100010
0010110010010010011010010101011001101010110011010110111011100000
0010001000010000011110010001100011101100110011010111110010101101
0010101001110110011100000111110011000000111110011111111110010001
0010010000111100011111011101000101101101100010010010111010010110
0010001011000000011101011011100010010000100000010100111101001100
0010101000010100110010011100000001110001011110110011001100110000
0010111100111010010101111000100101101110011001001011000100110100
0010111110110100111010110001011010100000010111110010100110110011
0010110010001011110011010000101111101110100011100101111011001011
0010111111011001101000101011110101001011110010000000110000010001
0100011001101100101111011100101010111100101110000010100010000111
0101111011011111101111111100110000110100110101110111111000010011
0010000100111100011101010000100100101100110100001001011111011010
0010011001111000010100001000111011100110100010010011100110101011
0010111001111000111100010101101111101110010111110011101110101101
0010000100101000110001110000100110101010101111101111101110100110
0010010011011010111000110101101111111000110011010001111100010011
0010101000010101010111010001000001101101010111110111100110111101
0010101111110100010110011100000011101001010110000110000011111100
0010000100101011011101101100101010001101011001110001111110011110
0010011100101110011100111011000000000000110010000110111001001011
0010000101111001110110110001110011100110001111111111100100101000
0010011111110100110001010001000011100100110010011110110010101100
0010001011010100100010000110010001100000010000011011111010111111
0010101000000100110011010101110011101001010010100011001001101101
0010000101101100011000010000100101100101100000000011111011000100
0010111011011100111110010101111111101110110111110000111000100110
0010011001110110110111101000010011101101010011110011010011011000
0011000100010111000010100110101011000000100000010100101100111000
0010100111111001111111000001000011000010001010010011011110000100
0010110000000010100101011010011010100111101011110111111111100101
0100101000000100101100110001000000101000111110110000100000011001
0010001001111000110110101100010010101001001000000011000011110010
0011001110110001100110111001001010010110101010010011111110000111
0010111100000011110001011001010001001100011110010010100100010110
0010100100111110011011010000010001101001100010001111111011011001
0010000001111001110111101000010011000001101000000111000100011101
0010001111111000100100101000011001100110110110010101101111001011
0010011001001101000111001001010110000100011010010111000101001000
0010111001111010000101001100011011101100010111001010110011101101
0010010101011000111000110100110110101110110111110000110110100011
0010001110011110011111010000010001100101110010000110110011011010
0010111111110100111110000100111011101101010011110110111111111101
0010011001000111110000001010100010011001000000101010010110000111
0010101001101011011000010001100110010110100011101111011010110010
0010101001101100110011011101010011111000010010010101010011110100
0011101101010001001111111100000000110011001100010001000111010010
0100011001101110000010010011110111010111011000000101010110110000
0010001000001000110100101101010111100010000101111110111010011011
0010011000001110000100110001101101100111111010011111110100000011
0010001000011111001110111100110000100010100001010010110110010011
0100011001111000001100110001100110100110000011010011100110111000
0010001110101100101100011100110110001010010011000001001011001110
0100001001001111010111011001011010110110010001011010100111000011
0010011000111100110110111100000111101101010110001111111011101001
0010011000111001110001010000110011101010001001100010001111000111
0010110000100111100011111100010011100011011011100001110111011101
0010111010001010000000001111010011010100110001110111110011001001
0110111010111001111000111111101010101001110100011101110011111101
0010011110111000111100010000100111101100000010010101100011000001
0010101101000100010001000010110100001111010111100111001000001000
0010010101100110010100011000100101101101100010000010110011011100
0010000001001101111010111101010010101000010100111111110011110111
0010011011011101010000100001001000001000010111000001111100010110
1100100100110101101101010001010001100001111010001001001101000100
0010001100001100111110101101000101111000010111010100001000100100
0100111111111100011010110110001111001101011110101110110110110011
0010001001101010000001110111110110010111011000001100011100111101
0010001101111110011110001100110011100101010001011011111010000111
0010000100100110110001011101110011000101000001001111110010101101
0010000001011001100001001110100110010111001100110111001111011101
0010111001101001110010000001101001011010111111010011010011001011
0010110101111100110001111000110110100110001100001011101110000001
0010101010000100101000010001011000101000111110110000011100100101
0010011000101011011110100001001011101011100011000000000101100110
0010101000000100001000010101010001100101101100110110100000010011
0010001000001101001100000001111101100000100001110000100110100100
0011101001100011111000100010010111011010001111111101000010100100
0010111011110010101000000100100011101011010010110011000010010001
0010011001010100010110010101000001101101110110010000010000111110
0010111010100110100110110001101000101000001100001010100100110010
0010010101011100110111010100100011101100111110001010110110100100
0010111111111110011111010111111001101110101110101100011111001000
0010000100111011010000111101100011010110010111010010001010101000
0000000101011010000110101001110100010111000011010011011100100001
0110000100101100111100110001110110101110101011100101101110001001
1010010100011001110010111100110000111100100110101000011100010101
0010111010010110111010110001101001001001110110111101101110011001
0110101011000101100001001000101111000000101000101101111010011000
0010011111111101110111101011100001100011110010010001110111001110
0010010000111100111010011101100111111101001000011000100010100001
0010111111101100111010000110000111001001001000111110001110100001
0110010011000110011111111000110110010111011011010001101100000100
0000000000011001001000101111000110000100001010110111001111111011
0010011001111110010100110000110111101110010011001111001100100011
0010001110011000110110011100000011001011111101101001011000110100
0010011001001110011110010011110000101011100110100110010010011111
0010001001100011001111000011010101100100001010111111001010100101
0010110111001011111001011101101100000111111001001011010110010111
0010110100011111100011111100010100010110010111010000100001111101
0010010100000110110011111000101111100111110011101101101110101011
0010110001000010100110000001100101101101110010100100010001111000
0011000001000111101100110111011110000010010001100100001010100011
0010100110010101001100100111110100101000111101000011111110000000
0010001101111110010111001000010011101101110011000010000011111100
0010111000110010110111101100010011000010011010111011001010000100
0010100111000011010101101110100100011110101100111111000011010111
0010111011000101101010110101111001001000010010010101011100110001
0010000100001110000101111001001111101011011110001111101110000111
0010001000111101001101110001011001100000010000001010011100010010
0010011000111111000100010000000011101101110111001010011010101001
0010101101010101000101100000100010000100010111010110010100000100
0011010111111001010001000100110100111100000000101111100111001100
0010111000000101110011110001111001011010001110100110110110010110
0010001101111000100001100101100000001010100011011111000111010110
0010001010011000111010010111001101011011010111110110111100110010
0000010001001011000101001100001101010010010110001000011001111010
0010011010010110000110000000111001101000010100110010000100101100
0100000101111100011100011001100111100110001010011011010000100010
