0010100001011011101110000111110100100110010100001111001110010110
0010001110000110111001110101011100001000000000101010101010111101
0010010010101001101001001101010100010001010001101110111010110011
0011010001111011101100100100000011000100011000111110101110100110
0010001010110001100101001000011111000100000111101111111000110001
0010100010110000111100001100101100101111010001011001111011011100
0010101011101010011101110101100111100110111010000111101100101011
0010001101111110010111000000110011101101110011001011001011011100
0010000110110001101101001000000100000100111001111100100000010101
0010011010110101100111101000000101100100010110010110111010010000
0010011000010010110100001101000101101110011101000010000001000110
0010001101111110110100001000100110101110100011110010000000100001
0010011010110111111001010101000101001101010101111100101001000111
0010101000110001100101100001011100000101000100110100010001101001
0010011111000011101001110101010000101111100001101010011001111001
0010000001011010001100111101100010001100011111100111001100000111
0010000101101010000011011011110111100100111011101110011010000110
0010011000000011001111010001110001100100000001010110010100010000
0010011010011100111110100101000001001001011100110100011001111111
0010001001111000111101110001110101000111000011100111000010110001
0010000011110000001000001101000110000011100111011001001111110101
0010010101010000100100011010000011101101100011000010000111101001
0010011000100100111010010110000101001000110000010101100011100101
0010111001100110001100010000010111100011100111110110110010001001
0010011000000110111011010100001001001000000110101100110101010111
0010001101001100011010010000100101101100100110001100111010010111
0010000100110111100111100110110001111010110100010101010100010001
0010001111010000101110110101010000111100100111101010000110101011
0011111111110011101100000100100001101001001011111101001010001100
0010101100111000111010010001010111000110100111110011001110001101
0010000001010001011000101110001010110000101000011111100001110011
0010100100110000110000111100111111001110001100000011101101000111
0010111010000100111000011110011110001100000110100001100011100110
0010001110110100010000111101000100000000001100100100101000100110
0010110111110001011000101110011001100111001010100110011011001010
0010011100111100101111011100000011101101111011111000010011010100
0010101100100000011001011010101000011100100010100110001010111111
0010000101010111011001000001110000011100010110100011000011111101
0010011110001010011011011000100100000011010001001100010111010111
0010011100000110101110000011101001100000001010100001001010010010
0010011010000111011111110100001010101011010001010011100001010001
0010001100000111001110100010000001110101100011000000001010010000
0010010001010101101110100110110101100000001001001011011100100001
0010000001011101101111010000010011011101110111101100000000100100
0010100101010100011011100010111000001111010100101011000111000100
0010000011011000111101010010000011100100000110101110110000110000
0010011011111100101011011000000001101101110111100010100010111100
0000010001100011001111100011110101001010100110000001010011011011
0010011010000001110111010110001111101011010100110001100100000101
0010010100111010111110010000111011000110100010111101101101110100
0010011010000111100111110110010010100001100001110011101000000010
0010001100000110000110110010000001100000100010000000001010010010
0010101000010110101010011101110001111101000000100000010110001010
0010001101111101010011111010100101000000110100000101110000011000
0010001101010100101100010000101000001110110011000110001010100111
0010011111000100100100111010111111100101100011100101110000000001
0011010010010001111101000101000100101101110101111110111011010101
0010101110011101000101000000110110010000110100101011000000110101
0010001100110011010111111000110010000110001111110000010001001000
0010110000000011100010001101100010110100101010110111101000011101
0010011011110100101100001101000011101101010011011100100010110100
0010111000000010110100101101110110111000100010000000001000111000
0010011010110000101001100000000001110100010110110001100000111110
0011011000000111010001011010010111101111010001010000000001101100
0010001101111110011110100000110011100100010011010010010000001001
0010001011100110110101111011110111110000010001001001001011010100
0110010011000011001110011011100010111000001001100011010000010100
0010010001001110110010111010010010101101101001101011000010000001
0010110100100101101100010001100010101001011010010001001010110100
0010000010101000111101000000011101000111100101000111111011111000
0100010011010101100100001100001010111101101010011011110010100000
0010000100011101100011010001001011111001011010111101011110100110
0010110000001110100100110001110100001111111010110101100000011000
0010001000001111000110010110110001100010000011010101111110000011
0100010001110111011011101010001011011011100110100000111101010111
0010001010001101010101101101101110010010010110001111101000101111
0010010010010011101110010101000000001100010011111111111011110101
0010010110000111001000011101010101110100011110001100011111111110
0010001000001110111011100000000110101111000011101110110010000100
0010001101001010100110000001101000101111110011001010000111001110
0010001110101011000101001101101001001000000110000010011000101000
0010011000011111001111110101100001101000010111110101110100000111
0010000000101110000101011000010111101100110111001101101000100100
0010010011111000101101101010010001010101100111100101100010011100
0010011010101010001110111001100101100110010001010000100100001001
0000101110000000110000011001110101011110011110111010101010110101
0010010110000111000101011010100001000111010011100011100001010000
0010101110010111110001111011110101110001010100001100101010100110
0010001101111000001000110001100010100010011110101111110110110011
0010101110010111110001111011110101110001010100001100101010100110
0010010011001101101111000110010011111001101101010011000011000110
0010000101101110110100000101111101000010110110110111101110101100
0010010010110001111101001101000101010101101001011100111011010101
0010001100010100100111110000110010000100110111110110100101000000
0000001100001011001101011011010110011010100110010000000000111000
0010010100000110101010001111101001110100001010100001001010010010
0010011001101000100101111001110010100110101010110000010000100001
0010000001110000111100110001100110101100101111011100111010110000
0010010111000111001100011011110000110000011101000101000100101111
0010001000011010001110110101100011100010010001110110010011010100
0010010000110110111110010100110000000001010111010100101100010011
0010010000010100101110010011110011101001001011100000001110010010
0010001011111001111110001001011100001111101000110110100011110100
0010010000101110110110000010010011100001110001000101101010011110
0010011100001111010110111011110100100001010011011010110101000111
0010011011011110101010010010111101000100010010100010111100001111
0010010011000101101111110001110000011001001111100111001010000000
0010110000100000011100100101111000110100110010001000011000110010
0010011010011110111011001011100001100001100011000001111000100000
0010010000010110110011100110111011011111111111001101101100100011
0011111010010110101110010100110001101100010101110101110000110010
0010011110010101101110010010100000100010000011001111010001101001
0010010100000110101110000011101001100000101010100001001010010010
0010011010110100011100011111101010000000010010011001111011110000
0010010010111000111111111010000001100101100111100101100010011110
0010011000100011110001110111111111111010011001011110110000100000
0010010000000111110000111110010110100011010000111111110000001011
0010011100011100110111010011110011001001010010111000001010110010
0011001100110111010001011110110110101001110011001001010111001101
0010001100011101101111011100110011101110000010110001010000010010
0010011000011110110011110110110111011101101011000011111100110111
0010001010010111011010110101000011100111011110001101101010001000
0010111001011110001000010001001101101100001111000111101001110110
0010001000111000110110110001111100100110100111110101111010010011
0110010000111000011001111010000110110011101100000101101010010000
0010011001010110000101001011110011101001010011011101001100110011
0000001010000010100000011000110100111100001000011001000010100100
0010000101000000011100111001111010110110001011010010010010111110
0010100000000000011000000110011101100010000010000110000111001011
0010010000111100111010000110110101101000010001011001110001010110
0010011000011000110111010011100101001001111010111110011010110010
0010001011100100100111001000111001111101010010100111110010110111
0010011000010110111111010000000101101000010110010100111110010100
0010011011010111101010001011110110110111000101001100110000001010
0010110111110100010100100010110011101100111111001111011110111010
0010101110111110110100011110100011111001011111111100111101110101
0010111010010100100011011011000111000011010000011101100000001110
0011100001111110111000000011011100101110010100100110001000011110
0010010010011101101110010001101101001001011010110101011010110000
0010010100011110110011111100100011101101110011111001011100110011
0010011010101110000000001010010011101011100001000100110011101110
0010000000110000111101000101100101000110011000111100100100110111
0010110100111101111001000101110010010110101000001001111010000110
0010000010100011100101001010111011000010111100000000000100100010
0011101000101001110110101001011010000001001100001010010100111110
0010111001010001010100101000100100101100000011011101111110011110
0011001000010111110010110111000000000001111011110110001000101100
0010101011010101101101001110110000100000001000011101111110010001
0000110101110000011100100011111010000101101111001011011110100010
0010011000010110101010011011101001100000000010110001001011010010
0010001110010100111010010101001000101000010110110000001100110110
0010011010001100111000010000110100100011101101101100111010001001
0010110001011110001111000001110001001101110011001100101010100110
0011010010000011101101011001000100100111010000100010010010110000
0010011100000111100011011001100011110111010000100100111011010111
0010101011111011110110110110010000000101110101110000111110111110
0010010100001110001111111011101000100011000001100000100100010000
0010001001000010110111010001001111101101010011110001010000001000
0010001101110001010111100010011001001111000111100101010010101001
0100000111111100011011010110000111101101011001011111011010001000
0010001111111011110111011000100010000101011010000010100110100100
0011000000010110001110011010010011100001100111101000000000011010
0010010111001110011100110100111100101010110010100010101110110000
0010000101110101110110010000110011000100100000010100010110100001
0010010101100010000000100001110111010111011010001110101000000000
0010011011110000111100100011010111011000011010000001000111010101
0010000000011101001110000010110111000010000111101110010110011100
0010111010010101101110011100001100100100110110110100101000110101
0010111011010100111011110100001000000110110101100011000010011000
0010011000000000111110000100100100001100000010011111111011000110
0010010100010010110010111011100000100100011011111000011100010101
0010100010110001110111101001011011000010001100001111000110011100
0010111000001110000101111100101001010101010111000100101010100011
0010110010101110001001110110010101010001011111011100110000011111
0010010000011000011100011100110110111011111111000010000011001100
0010000100111011010110010000110011100101010011010111101010000011
0010010111101110000100101111111101111011011010000000010101101100
0010101001101111100100100100010001010001011110010111100001101100
0010001001000100110100100011000110100001000000011110011101001000
0011010000111010101101010001100101000101100001001000111011011000
0010011000011110110100011010000110111011100001100100000001101110
0010001111101100001110011010100110001001000011000101000011001101
0010010110010011100101010111010111100101011011011101011011101110
0011000101111100000101101000101001110101100011101111111010101100
0011001010100011001101111001110011001100010011010110010110100110
0010100000010110100000001111000000000101111110110000101110110010
0010010000000111101111100001100101100010001000010100101010000110
0010000110101010010010110110011001110010010100100100101100011111
0010101110001010110011011001001101111110011000110000100100111111
0010001010101101111110010000100100100000000011111100111111010100
0010100111101110110110001101011110001000010101000001110010100011
0010010010010110011011010101001011101100110110101110000011001010
0010001101101101110100110111010001000000110011010010010010100010
0010000111101100100101010010100011010011010111001110110110111010
0010011101111110010110110000000111101101110011011101101000110101
0010001100000110000110110010000001100000100010000000001010010010
0010010110010111101110010001101101101010000010110011011110110010
0010111010101110001101111100110100001000111111000111011100100110
0010000100110110111010010100000100110111110111000001011011100111
0010001101011001100100000001110011110010000001110010100011000110
0010001000011000110110110001111100100110100111110101111010010001
0010000111111100100110101001001001101111011110110000111000001100
0010001110111000111110001011010111001100001000100010010010101010
0010011000100110001001010111100101101001011011000111110000101111
0010101100111000100010011101001011101101010111110000111010010110
0010000100011100110100010001110100101110001100011100011100011001
0010010000001011100111110100111110100011111101110001010000011100
0010010100001011011000011110001111001011000110110011110111100110
0010001100000110000110110010000001100000100010000000001010010010
0010000100101101101100111010010100100000010111001100101100000011
0010001101001010010011111001010110000001111010101110101001101001
0010111001011001010101010010000101101110100110100101100110011101
0010110010010000101110111101011011001000010110000100011100010001
0010001011001100001011011011100000001000000001110101001010001111
0010011011111000100001111101000101010100110000001101101011010101
0010100000101110010100110110101101100011111000000100001101010110
0010010000110001011111100000010011111111101011011110101011111010
0010001110100110100000011111100011000101011101000111000100001001
0010111111110110010110001101111011101100011000000110110001000010
0010011001011110001100100011110001000101111110011101101100000101
0001010001010001001111000111101001111110100110001001000100101010
0010011010101100010111010111010011100100011111000101101101110110
0010111000111001111100110100100011001110111100110001010000101001
0010101011010101011100001101001100000110110001111100101001001010
0010011010000110110010010101000001001001110111001010111010110000
0010000100010110100000110001100110100010000111100011100000100001
0010000100010011101011010000101111000000010100101111110100001010
0010010111100001001111100011110000101010100110111001100110101011
0010101100000000100010111111001000100000001010100100100110001101
0010010011110100100100010010001010111001101110011111110010001010
0010000001101001111000101010000011011000011101000100111101100010
0010001000011100011000111100011000101100010100110000111100110101
0010011100001101010100000111110110111000101111001011000001001101
0010011111010110001011001101001011001011010010100101101011111111
0010010010000001100101010000000101110100110011110101110111011101
0010001110011111011011001100010001111111010010100110000011101100
0010101010011110000100010000110111100000011010011010011110110011
0011000000001010000110101010010000111101000001100011011111101001
0010000110101100010000101101010101010110010011001100100001100111
0010001010011110111110010111011111111100010110100111111000111011
0011101101101110110110100101001001110011101010110111100100111101
0010010110010011100111001010000000010100101011110010101000000100
0010011000011100101000110000110010100011000001010101101110001100
0010011010111110000010000101110000011001010110111100001101111101
0010111001010010100100010001011010100000001001011111111111110111
0010011011111000100001111101000101010100110000001101101011010101
0011001000001110010100000110111111101000100011011110001001010010
0010100110110010111010110001111011100110000110000110111000110011
0010111000111110000011011101110101011001010011111100001111111101
0010111100110111001101011111101111110100110011000000000100011101
0010010011100100001110101011100110101001100010011010100010000101
0010101010110001010101111101100010000001001100100111010111101010
0010011001101000101100110001000111101110001101000111101000110001
0010111110011100110010010101101111101010110000100100101000100110
0010011100001001100011010101101110000110110011101110111011110101
0010001011110101011110111001011000000000010111111110100010100100
0010111000110010001011001001010111101100011011000100011011100110
0010001101100010010101001010000010101111101000100010100111100010
0010000100111011000111010010010101100100100011010100010000010010
0010011110010011100000101000010011000010001000011111100000101000
0010000001111100100110001011011111111111101100101000011010000111
0010111000010100111010110101000100101000010110111110101010100111
0011100100000110011101000010100110101001000001100000010000111010
0010111100100111010111110000010000100101110100110110000010110110
0010011010101010100001011111100010111011100100110001110111001110
0010011011111110101010111110100011011101100000011001111000000000
0010001101001110010010000001010101101100010010010011100011111100
0010010001111100101010010101100111101110011111000110111000100110
0010011100100010010100001001000110011010010000100011010011011010
0011011000001110010100110111010110100011010010101011100000111110
0010001101011111010111101000010111101101010010000010100010100100
0010101010000000101110101000001101110110001010100111101001110001
0010011000100111111111010110010101001011011010110101100000101000
0111101011010010000100110001000010100111110100101001000101101001
0011001000000010100000011011100101001101001001100101001010111101
0010001000001011100000011011100100110011000001100011001011111000
0010000111011100010011010101001100110111010001001111010001110111
0010011010011001101101011101010111000100100111101000101100001101
0010010101011100110010011100100010101100101011011011111000000101
0010001000011100100110101110100011100000110011011110101100011100
0010010010010000011110110011001111010111001100100010110000000010
0010001000011110100110100010010111100100010001011100110000011101
0010010000111011011110010010100111001110100010000111110011011010
0010010100101110110001101000000111110101100111101100100011101100
0010111010000101100110111001001100100100110110110110111010110110
0010011010101010100001011111100010111011100100110001110111001110
0010010011111000101101101010010001010101100111100101100010011100
0010101110100001111001100011101100010011010101101000000110010100
0010111000110010001011011001011110110100011100010110111000111110
0000011110010111100111010011001101110110000001100010010011000010
0000010000101011011111100010100001101010100010001101100110110011
0010010001111110100101110000010010011100110111110000001001100001
0010011000011100101000110000110010100011000001010101101110001100
0010101101110001010111100010111000000111000111100011001101010001
0010011001001000111101110000111101100110101011111110001110100010
0011100101101010000010000001001001110010001011000010100000100011
0010010001011001111001100110100010111111111100001011000110000100
0010101100110000110111101000010011000010111010001100000100111101
0111000100000010001011010010000101000011101110000110011010101000
0010010010011011110110011001110011000111110011111000111110001010
0010101110011101110000101111000011101100010101001000101011101110
0010001100101010011101110100101110101010010010100101000101000000
0010010100001110111001010000100001010011110110010101100010010110
0010111010000101101011010101001101011101110010011100111000110111
0010011010010100100110101110110001100000010001011010011010111011
0010011010000100111010011100101111001001011011100101000010100110
0110101000101101001011010110110010011101011111000010010010111001
0010001100010100110111011001010101100101010011101100110111010101
0001010101100001000101110111110000101010100110011001100110101011
0010011001100110010010110001001011010000000010010101001111110101
0010001111100011100101101111000101000100110010001100101010001100
0010000100010111110100000001100100000011001011011111101110100100
0010101010011111011011010101110001011010001111001100110111000010
0011010110100110110110110011011111100111100111110001100111100001
0010011010010100110110010101001101101010010111101000011011011001
0011000000000001101001110100010100101011111010110111001001101111
0010010000110000100000110010110111011110110011100111101110100001
0010001111100001000111100100100100010111001011100111010100100000
0110000001001010111001010000100100101110100100101101111011110011
0010001100111110110101111111100010001000010101111011101110001000
0011011000000110111001111110010101100000010011111100100011010110
0010010101100010101010111001001101001001101101110001001100000000
0011100111101001111010001011100010100001010111100000000111100111
0010001001101010110100111000100000100111011011001110000011011010
0010111000101010011101000000110011101111010010110011010011001100
0010010100000010010110010001100111000011111001110011000110000000
0010111010010100101110011101001100100100010110110000110010110110
0010001110000100010111010000100010001000011001100100101101101010
0010010010011010111111000110010011100101110111000010110010111000
0010000100011001011110010100000000001100100000010101111000100010
0010001100100100111010010100110010001100011110001110011110010100
0010011000100010010111110011000100100000010010101101101001010101
0010101010111000001010011010100100111000110001011101000010010101
0001010011100001001111100011111000101010100110011001100110101011
0010100100110110011010110001001011100110101000101100001111100100
0010001001000100010001010010000101101000000111011100101110111110
0010111101101110110011001000010011011100010111010010000001101011
0010010100001011101111111011010101000010110000001100111011000100
0010011001111110010110000000010111101101000000000010000011111100
0010110010000001101100101110010001101100111101100101100110010100
0011000110011001000101110100100110000110011100101110000010010100
0010011000111010110101010001110111100111010011100010111000100101
0010001100000010100010110111110101100100010110101100101110111010
0010100100100100111111010111111101001000010100110000100000110111
0010010011101100111011001110010011110100000000000011110001000000
0010001010001011100000111111100101100000000001111000110000010000
0010110110000010110100000110100011100000001100101110111010101100
0010011000011111111000111001011101001000011001100010001101111010
0010010111010010011111110001000111100100110101100111011000011000
0010011000010110000101000000110001011101110111010101111010010101
0010001111001101100110001001111110100110010011100001110000000000
0010000101100000110010100011000110111000000110010001101100011001
0010010110111000101101010111110010011110100110100001000000011100
0010101100110000110010110010000101000010111010100010000001001100
0000010010000100100011110001101011101011110110001101100110101011
0010001110111010110111111100011010100101010111000010000001111001
0010001100111100111110101000010101100001110001100101111011011111
0010001100101110011101111000011111100111111000001111101101110010
0010000000010100101001010010110100010011011101010101001010100100
0010010110010000101011010101001001111001011010111101011110100111
1010111010000110101100110001001011100000101110100000101000010001
0010111011110100111100011000101010101000100110000111111100011011
0011000001000111001100101001001101011011010110100000001101101011
0010001011011000100101101010010010010101100101000101001111101010
0010011110101011011010110101110011101010100111000111101110001101
0010011010011000101101011011011011100101000011000011100000111100
0010011001110100110100011100010111000101110110110011101110010001
0010100000101010111010010000110101101110111010100100001000011111
0010011100011101010111111000010110000110010010000100000001001101
0010010000110010111111110001111011001100000110010101101110000001
0010001010001000011010111010110111100001010100001101101000011010
0010001010011000011100010001110101100100110011000101010110000001
0011010010110001101101100011000001010101110001010100001011010101
0010111010010110111000010001001011100100000110100010110010111110
0010001110011010010010001100000001000001000110110000010111110100
0010001110001011110011101010011001100111100000100101000010101100
0010001010010110101000111101001011100000011110110000011000010001
0010001100001110110011101010010001100001110011000001000000000000
1000110100101111010001110110010111111101010010000010010110110001
0010001011110111111001010000100000101010110100100110111111001101
0010001000001000001000110000110100001000000000101111100110000111
0010011000110110000011010101110001100001010011111000001011101101
0000000001111100101100011001110111000101100001101010111111011111
0010011000111111111000010010001001001111101010100011110000111100
0110010101101010010110101000100001110001101011011101111011100010
0011001100010111101110010001000011100111110111110010000011110101
0010100010000010100010001101000101000000111000010001111111011110
0010110000101011010111011000110011101001111000110100000011010110
0011000000010011001011101011110111100001010001001100111000100010
0010011100101100110111111111101101000011010010110001001000101010
0010101100111010010101001010111011000110010010101111010111001001
0010010011100000100100000001110011001110101111000110001001100000
0010010111100010110111001000100111100101111010001010011001111011
0010010010100001111111101100000101000011011101001110100111011100
0010010110010000101011010101001001111001011010111101011110100111
0010011010110000101110010101001001101100001110010111101001001001
0010011110000000110001011100001111001111110011110001100010110000
0011100101111001000101101000110111110110001100111101010111100101
0011011000010001001110101000011000000001011001011111010010000100
0010000110011101101010010100010111001110011011100111001001100001
0010011000111110110110111110100101100100110011001100111010010010
0010101111101000111010110011000101101001000110100101111100111101
0100000110001000001011110110000100101011011101011111011010001000
0010011101000011111111000101111100101110110011101011101111101001
0010001100011000010100010101110111000110110011100011101010101000
0010010000101010100100010010100101101111101110000101110011110010
0100000001110100110010000111001011111000010100010110111011011101
0010101001111010010111001101100011100011110011011011110111000010
0010100011001101111110010110111110011000011101000111011000110100
0010011000110010110000001000110011101111010111000001001101110010
0010001001100110101010010010110101111010001010100100001010010000
0011111000001011110111110110110111101011011000110101110000111110
0010010000010001100100100001010111000100010110111100000001100010
0010011010010000111100010101000101100101100110111100111000110100
0010011010000111100101100100010001100001010101000001000011011100
0010010011101000101100011001100110101111101000111000111001010100
0110100001111000110010010101001110101010000100001111111011011001
1000101010000010101000011000110101011110011000011000001010110100
0010011000110100110111001110100101000101011111001101100000101111
0010010001111110010101001010100001111100110111000100111010000110
0011001010101111000100001110000010101011100000000101010001011110
0010111001011010111000001101010001101000111110100010111100101110
0010111000000110100011101111110000100001011000011111010010000110
0010000101001110000111011110110010010010010111010001001001100100
0010000111001111111110000010000100010100110001010100100111011111
0010010001010010101000001011000011011100010011010010000111001100
0010001100010110110111010010110010100110000110100000011010110111
0000100010001100010111010111101111101100000110000000000011110110
0010111000010110001100010000011001100100010011100011111000110111
0001010000000010010000110111001010001111011101010011101011101010
0010111000000011011110011000110001101011110010110100100010111100
0010011101110010000111001000000011101101010101000010000010111100
0010011101111011011101010000110011101100110111010111110001010010
0010101010110111100100100110010111110000010100000010011011100100
0010011110000011010111000000111100000110100011101101010110110111
0011011110011000001111100010010101000000110011100100000010011110
0010001001010010010101101111110011000100010011001110110011010010
0010000101100000110010110011000110101000000100010001101101011000
0010010010000001101001011101101001100011110001111111100110100111
0011000100001000111010111001101110011010111110111101001111101011
0010010000011100111111011011110011000001110010101101001010100010
0010110100100110111100101011010101001010111010100100011100000010
0010010000111001101101011000101111000110111000001100111001100011
0010000110010101000110101010010011100111100001000010100101101010
0010010110010100111101010101001111101100010011110100110011010101
0111010000010010100101110100000011100001001111101100101100010011
0010111010111001111010000100000011001010010011001010010001110001
0010010110100000110000110001100001101010010011110101001011000101
0010011000011100111010010100010011101100111110010010100010101011
0010011001011000010111001101000001001100100111000111100010011100
0010001000110100001101001111111000110101001001111101110001001001
0010011011110000111000111100010011101000010010110000100001110100
0011010111000010111110100011001111011111000101000011100000101010
0010100101000110101110101000011001000011010101010010110111011111
0010000111000101000111010001100100101101110111011010100010000110
0010011011110011111101010101100000101110110111110000010111010100
0010111010010111111010011100110011101000010001110010001100111000
0010001000000101000101111100000110101100001110001110000100100100
0010110010011010101101111010110011101110100011001101100010111000
0010010000100101101110011100011111001110011000000101000110010001
0010011010000001011011010011011101111010001010000010100110001001
0010111000100010011110011100000001101001111000100011110011111001
0010001101100010000011000110010010000110000001111111110010010011
0010101001111100111111110000110001101101010010100010111011111111
0010011011011110110111001010010011101100010101100011111001100011
0011100100001111100011011000010001001000010001100110010111110110
0010010000010110101011100010001001110001110110110001110001011100
0010000000100010000001110010000101000011010111000100110010110100
0010000110010101100100100110000001101110001011001110101000100111
0010000000100111111111010010000111100001001011100110111011010110
0010010110010010000001001001011100110110110010100110000111001110
0010111001001010010111110000011011111110000000110100000110000000
0010001001100001011100101011000010101101000000110010000001001001
0010010001001011011110011110100111001001100010100100111010010010
0010010000001001111101110000110000011100100100110101101010011010
0010010110011010011111110000101101100110110011100111111111100010
0010011000111011011110010100100011101010100010000101111010010000
0010011001111010111100000000110011101100100011100110110000011010
0010110000101000111010100111010101111000011011110001001010101001
0010011001101100011111100110110101001000011111011101101101000011
0010010001011111110111010111010111110100010110001110110010001000
0010000110101011000001011010001101111010101000000010001101011010
0010011100011110110110110100000001101110000010010000011001011011
0010010010110000111101111001000001000000111100100101110010010100
0010100000000010001000110001101110000011011011100111010110001110
0010000101111100110101010001110010100110001000001011000010010001
0010101010100101010011101001010101000000011110001111010100100000
0010000001001011010110001011001011100000111011110001100001011011
0010011111101100000111111010010011000001111010000010000000001101
0010001000010010110100010100111110100111110101011001000111100000
0010101000001101110100110001000100001100110110110101110100110100
0010111010010110100011011001100101110001010111100101001110111111
0010101011001110110110011010010101011100001111000001111110100011
0010011001100001111111001110110111001101001000110110000010000111
0010100010010100110111011000000011101111110011110000000010111100
0010011010000111100011010011101000101001000000100111010010001110
0010101111110000011110011110010111101100000110000100011000111010
0010001110010000110110011011100100000000000001010101110001111011
0010001101101100100111100001010110100110110011100010110010100101
0010101110001000100111010101101101110001011010101101011010100010
0011001100101101100010111110100011100000000000010101101010000111
0011010000001010011100110111010100000010111010101001100101011101
0010101101011100010010010001010111101110101110010011111110110101
00
0010111000111011010110011100100011100001100010110101111110000110
0010011000101010011101010011110101100010100010101010111011010011
0010011001111110011000000000001101101111011111100110100101111010
0011100111101011001001011110000011001111001111101110000110101101
0011110000111001111111110110110111111001011011110000110101001101
0000010101001001011111010001100111101100000110010111101010000011
0010001001111100010111101000010011100101011000011111000000010110
0010000110110100100100000110000101100110110101001110000100001110
0010111110010101000110111010110111111010001000011111000011010011
0010011100110010000111001000101100100110111100100110100000110010
0010111000010000111100000000100101000100100011110100011100001111
0011001110100010010111001111000010101111000001001001110111010101
0010011010100010100000011011000001101001001101000011001001101001
0010010010001000110010111110101000100101100011110101010110000100
0010101010011010010011001111110011010001101001110010101100010101
0011011101100101101110111110110111100110111000100100110011101111
0010100100101100111100000111101111110011011001011111100101001110
0010001001001110110101000000010011001101110110001100101100101000
0010011110010011100001000001000101000010110111111000100000100100
0010100010000100101010001101011101111001000010001010001110110001
0010010100111011101000001010000001101110101011100110100001010110
0010000101011100000111110110000100101111111101001111011010001011
0001010101001100000000000110111010010101000011000011100001010111
0010010000101011011111010010100000111010100000000001111011010010
0010111010110100110010010010100100100000000101100011000011000010
0010101000010000110100010001000011101110000110111011110111010000
0011111100010110111010011000000100101100000000100110101000010111
0010000011001101001100010001011100100000011100001101110101100000
0100000001000001110101110110101011111110010000000001100011110110
0001001100110011010011011110110100000000100001001001101111000100
0010001100011110010000111011100000100000001000100011111100000011
0010010101011110110111011000010011110111110011000010000010111111
0010010101111100110010011000000011101101101011001010100011101001
0010111000010011011011011010011101010100001100100100001001101011
0010001110011101011100010010110111111000111111000110111101001111
0010011101101100101101101110101001100101101110101110110000111010
0010001101111001000100100010110010000110001111111100100100100000
0010010001010110100110010001100111101010110011110101101001010100
0010011110001100011010010010100100100000000111100001100011011110
0010010010110000100111001010010001000101000011101010100011111100
0010010010100000111101101001000111000111101100001100011001101000
0010001000010101111010010110010110010100010111010111000110100010
0010000000011010101100011000110101110101110011010001000001000001
0000010110001001111111010010000100000011000000000001100011000110
0010111110000010001111011010000011101001110001100100011010001100
0010010010101011110111100100000111110001111010110101000101101101
0010011101111000000100000001110000100110101011000110110000100011
0010010110111010101101101110000001110101100001100011100010111100
0010011000110100110100110000100000100100010110111000101101000001
0100010000111001111110011011100101010100100010000101111011010010
0010001111101100011010010010100100101000000101010101110100001001
0010111010000111110001010001001000100011010111100011001001001010
0010011001111000111101110000110011100010000011000101101100101011
0011011110100110011010110011101001110001000000100000101010011010
0010010001000100111011110100001111100100010111111100101110100010
0010011100100111000111110010000001000011010111100001000100010010
0010111010000010100101101000111000101111101010110001101010001000
0010001000111011010111011000100011100100110010000100100110001110
0110010110000011111101000110011011111111011000101101100011111100
0010100010001100011000100001111111100010001101001010000011111000
0010011000111111000111011000000000001001010011000100011111011111
0010011111111000100111001010010011000100000111100111110011000100
0010001000000110110000110110100001100000010001011110111111101001
0010001000110010001011010010100001000011101111100110011010001111
0010001101111000010101100000010111101101111010001010111000101000
0010001100100000100000100001100011010010001001000111000100101001
0010111000001111000000011010111101101011110001010100010001011100
0010110011100101011110100001010000101000110110001011110111111001
0010011000011000110111101100100111110110001100011010001010001010
0010010000101001101001111111000011011001101100001111110000101000
0010111010000100111000011101000001101010010010110011110000110000
0010110010000111111011010101001001001100010110100110110010111111
0010001110111011001100101010100000000001000000110100110000000000
0011100000111101110111010010110111101001011011110000101011110001
0010101100110001110110110000101001000101000110100101110010101111
0010010001111000100101101000000111101110101111101101101001111100
0011100011000111011101101100010100111101010000100110011010110110
0010010110110100111111011010011001100101110010101101111010111101
0010001101111001011101000000110010000110101111100111101101101001
0010101001111100001011110100010011101100010111100010110010011110
0010011001111011011111001010010001100100010011100100000010000100
0010001010010100111101001100110011011110010001000111001000001010
0010101110011010000100001011111111010110011010101111010111001100
0010001110000111100110010010010101100000010001000111111000000011
0010000110110000001101001010000001000001100011100111110010001000
0010010110010010001000011110111011100110100101100010000101101000
0010000111101000011110110010100100100111000101000010011001011000
0010000010110001111000111011000001000100001011111011100000000000
0010000011111011011111010010011101100100100010100100100000010100
0010011000011010000100011000111111010110011011101010010111010111
0010110010011010110100101101011011100010010011000001100100000001
0010011001101010110011001001010011111111110011100100111011100101
0010010010011000011011001110010001101101010111100001000010111100
0010001010111001010101010000110110101111000011110010000010000001
0010001001110111000010001000000001101100010011001010101000111111
0010101100010010010000000111101001000111011111100110000111011001
0011001000011111110100001010000110000100000001100010001001100000
0100010101010100111001010100110100010111000100101101110011111010
0010111000010011111100010100110001101010110011111101101010010010
0010010000011111100100100000000011100100000010011011101010011000
0010000100011100100100110100100111100110010000011111001100001010
0010010000111011011111000010110001101111110010000111000011011100
0010011110101101110111111010011111000011010001100101000000011010
0011010110100010001001101101000010111100111010001111000110101000
0010011100000110101110000011101001100000001010100001001010010010
0010011000101011111111100100010011101000111011000011110010110100
0010001010100100001001101001000011011100001110000111100000010100
0010001000101001110111110010000001001101000101000101010111111111
0010110010110000110101110101010000100100001101011010001001110110
0010001111100100001010101100010100101100000100110000011010010000
0011000000100001101111111001000101100011101001101011000011110110
0010001001111000011100110000100011101110000010110111110110110010
0010000101101001011010011010010110101010010110010000010110111001
0011011111010000011111010100001110101010011001111010101100000010
0010000100010110110101111100000010101111000000101110110000101111
0010001100000001100111101010110000000101100001101100000011111101
0101111111001101101111111000110100010000110001110101101000010111
0010011100010100110010011011000011101011000110101101111000011000
0010111010111011111010011001010011100101010010100100101010111000
0010001100101010101111100110010010101010001000100100001011110100
0010001000101000110101101010001010010100111101011001000100011100
0010001011001100010010000101010101101010000010110001111010110110
0011011000011111001111111110110001100000110001010010110000101011
0010101000011111101110110111110010100000010001010100110110101010
0010101110000011100010011011001011100001000000000010010111110110
0010011110111000010110100011000101101000000110110101100011111010
0010111001110110110100000000001100111101000011110000110110011110
0010011001011010011101011000110111101101110111110010000001111110
0010111010110100010110100000111100000001101000111100010110111101
0010011000001110110101010110000111101001100000100111010010001101
0010011011111110110110010010110001100100000111101111111010100001
0010011111110000000111110011110100100111010011000010010000100110
0010011110010101110111110100010110001001010001100100100111011001
0010011110111100110111111101010011010000000101101010000110011101
0010001000101100011101001110010101101001010011000110000001111100
0010011000010111111111101000110110011011100000011001100101101011
0010010000010010011010111110010101100100011011011101111110000010
0010101110100000111001011111100110111110001000111111101100011101
0010010000101011010111011011100101101100000011100001011110001011
0010000001000001101111000101010110000100001010110110101010100100
0010011010001110100011011101100101100001000011111101000110010100
0010101010000001110010101011111000011001100101100000100100101010
0011010000000101001001110011111100010000010011100110001000101001
0010100010110001110111101001011011000010001100001111000110011100
0010000111111110001100000100111101100010000000111100001111001011
0011011000010001110011110110010111000000011101101100100000100110
0010100111110111100111011011110001010100011001100011110011011100
0010011000110010101100110000011101000110110011100011100010000010
0010011010010100111011100011000001100100110110110100100110011110
0010011011010010110001010101011011001010010111111001100111101001
0010111011011110011111010001001111101100110011011110010111111001
0010011110010100111111010101001110000111010011011100111111010001
0010111010011101111111011101000100000100010111010001100000011101
0010101100111101100100000101110100011001110001011100100001000011
0010110110010010110110101010100000110011101111100011001000111101
0010010001111100110111011000100111101101101011001111111011010101
0011010001010011101000101011011111010111001001100001000000010001
0010111000111110110011111101100111001111000011101100001111101010
0000010001001011001000110001100101110000001011001101110010101010
0011001001011010110000101100100111011100000011010100100100001100
0010011111001010100110111011000111000100100111100011110011001011
0010101001101000011011101000110011100111011111000100100011110101
0010001101101110010110101000101101101010000111111101000100010101
0110010111100100010110011001110101001100001010101001010111001100
0010011010011000011110010010110001101110110111000101111010001100
0010111001010100110010010100100111001101010110011010110011111000
0010011000111010011111110110110011101000010100110100110010111110
0010101011110010111100100010111000110101000111100000010110110101
0010101111001100111100001100110100011011011111100001000001011110
0010001010100110010111000010010001101110010111101001111010010100
0010011110010000111110010001011110100111010111100010000110111101
0010000011001001110111111001011111000110001110001110000100001100
0010010110110110110100101000010010101001001100000011101100111111
0010101100110101111000000001001101110000010010001001011100111001
0010011111110001001001011110000000101100101111000100111111100101
0011100000110101111110110010010111000000010011111000101100010011
0010010000010100101011011000001011010101101101101000101000000010
0010101000000100110101001110010100101011010111110001100011011110
0010010101111100010100001100010010111101100011000001010011101100
0010010000001011001110000010110111100010100110000101100011101011
0010000110010000111011111011001001100011001100001111010010111010
0010010000111000101100000110000101100110100011000101101011010010
0010000010000110111110010101000110101000010000001010101010000010
0110010001111000001100010000100100101010100011000101101000010011
0010010000101011110111100101011011001010010100000101000001100010
0010011000100010000100011000110111011011001000010000000010110110
0000000001010100101010000010010100001100111001010001000010000100
0000010000101100001111111101110110000000011010010001111011010111
0010001100010001110111110000010000000111010101100110000000001010
0000101010000010100000011000110101100110011000011100000010111100
0010011000110110010110010000010001101100110011010111000101011010
0010000100010100110110011100010001001010000011001010101001001000
0010101100000010110011011000110101001111010011001000001010110100
0100010100000011001011110110000001101011101100001101111011001000
0010001101110001010111100010111010000111001111101100101101100000
0010010001001010011100010000100111101110110010101110101111100011
0010011110000100011000010101001100000100010010010111101001101110
0010011000111011110111001001010011001001011011001000110001000000
0010001110011110010000011000110001111110000011011010101101011101
0011001001000101101110000011110110000010101111101101001010101011
0010000101101001101101101000000100011101100011100101000010110101
0010010111101011011111010010000100111110100000000101111011010010
0010011110000110110111010100000001100100110111000000110011000011
0100000110001000001011110110000100101011011101011111011010001000
0010010001000000010001011011111001010101111010101000101011001100
0010010100111111010111101100000100100111110011010100111001010100
0010001101001011111111100110011000100101010001100010101010110101
0010011001000000110101010110110111101001000110101000100110101000
0010111000101000101101000001110010100110100011001111101000100001
0010000111111000000111001010010001010101100111001101000100011100
0010111010000101111011010000000101101000011010100101100001010110
0010111010111010110110010000000000000011000100001100010101101000
0010001100101111110111111010010101000110010110100000100011011110
0110000101010000010001010000100111011111111101001111100100110001
1001011110010101110111110100011110000011010101100000000000000110
0010010110000100000001110000101110100011101111101111000010101010
0010110111000000111001111010011111100001000111110110101110101011
0010001110101000110100011101110010101010101000111110100111010101
0011000100101111001001001110110011010001011001010010001110000011
0010101010110001110111101001011011100010001000000111000110011100
0010100110011011000111100000001011100011110111110011001111110101
0000011100110100110111010000000011000100100010000110100011101100
0011001100100010100000100111000001001001101011001101110000101100
0010100010110000110100101001011011100010000100000011110100111001
0010000100101010100100101001001100101110101001010011010000101010
0010100111010010110100011100100100111110110111001010100100001111
0011001101101111001100100011001011111011001111111010111001110000
0011101100100001100001100100110000001100010010001010100011111110
0010111010011010111111010100100101101000110111110101101011111001
0010110110110101100010000000010101100100011111000010101000101001
0010001101001000111101011001110000001000000011111101001110011011
0010001110111101111000011010010010001000010010100011111001101111
0000010010110101111111101001001001100010100110011110101000101111
0010010100001110001001110000001001100110101111000101000000011010
0010010100111111010111010000110000100110000011000011011010001011
0010111000000010101000111000110100011110011000011000001000011101
0010111100010111100000010100010100100110010111011000110010000011
0100011000101111010111010000100101101100110010000101101011010000
0010001110010110000100101100110011101000010001000010001111101011
0010001010000100001011110101000001101001011111010110111110011101
0010101000001110100100110000000100001001100110100111101010010101
0010010001111000100100000010000111011111101111000111100011101000
0010011001111000001100100000110011110110100011110111110000100000
0010110101010100110111000010110010101111010111100011000011001101
0010010101110111001000010111100111011001001100101110111001100011
0100011111110010111101010010100100110101000101110001110110100100
0010000100011000110111101001010010001010101100111001000110111100
0010000011111000110111101000010011000101100111000101000011111100
0010011010111001111110110000010010110100100101000000101011010001
0011010010100001000111101001000101000110111101000111111011110100
0010000001111100110101011100010011101101101110001010100110101010
0010001100110000110110001010000101000100111011001100101100011100
0010111010010101111011010110000001100010100110100000100000011101
0010101010010001110010101001110011000110011100100011101010111001
0010001010101000101101001101110101000111100011101100111011100100
0010001100101000110110110000010111101111111010100010001011101010
0010011101111111110111001001010011100011110011001111000110010000
0010010010110001100100001001010111100110101001001110101001100001
0011111010111010000001101001110010111100000111010100101101110000
0010011010000000001011010110001110100101001001010001111011000111
0010010000111100110000010000100001101110110011101000111011010100
0010010110000000111110001101000011001110111001100100100010100001
0010100100010100111001011111110011001000101110111011111010100101
0010010100011010110001110000101111100111110011101111111010101011
0010111010011010101100011111011011100100100011100010001110101111
0010101100100011101001011001001111100100100001100010011111010000
0000001001000000111010010110000101110001101011101111110001010000
0010011111100110000110101101100010101010101101110111100000011010
0010001010001110000100101011010001100000110011001101001011111100
0010100010110001110111101001011011000010001100001101000110011110
0010111000001010101100010100101100001000111110000000110111000101
0010010011011100111111011000001000111101100010010011100010000100
0010110011001001111110000101010111101010010100010111110011010110
0010010000010100110100011101011011101100110110010110101000010100
0010001101110101110001001110110111000100110011110001100011001100
0100100110110110011010110001101011101110101001111101001111100100
0010010100110110010111100100011001101000000011001100000010000110
0010011110000110100000011001110001001100111011000111110100001001
0010011000011111110100011011010110101100010001100010001101101000
0010001000100011010101101110100100000111100110110101000100000011
0010001101010101001001110010110010000000101111100111110101000010
0010001000110001010001101101010010000001001111001111010110001000
0010010011110110110001000111010011110100001101001010101000100111
0010001110011111101110010101110010100000010111111010000000001110
0010001110011110010000000001111111101010001111110101011001100101
0000110011010101100001001000000000011101000110111011100011001100
0010001101110110010111001110000111100101100111100000001011000100
0010011010111100101000010000110101110000010010011110001110011101
0010100011000100011100101000110100011110010010101011100000000100
0010001110001111100011010011100001100000001101011111000011001000
0010001101111110010111001000010011101101110011000010001010000101
0010010001101000111101110010000100001011101111101101111000001001
0100101011000100100010011111001101011100101110100111111011100101
0010000111111000111100110000110011100111000111110101100000101000
0010010000101001111101010110110111111011111010000000010111001100
0010001110000111110001011010011011001010100011101011110011111100
0010011000010101110110100110011110001100010000110101010101111110
0010101010110100111111010101001001101001010110111111110001111101
0010101010110100111111000001010011101000010111111010010100111100
0010101101001011001000011100111101011110010010100100000100101001
0010001111001011100101001010010011110101100001100010000010111110
0010110000101010011100111000100100101011111100100011110101010110
0010101010000011101000011000110100000110110000111101001010110100
0010001101111110010111001000010011101101110011000010000011111100
1000110100000010110001111000110111111110010010001000001110110101
0010001101110100011000010001001001100110000110110011100011001001
0010001000011101110110001101010100101010010001100111001101101000
0010000010011011100100011011001011100101100010100011000000001000
0010011011010111100110010010100001101001010011000010111000100011
0010001100110010110101001010010011010001000011100000000101001000
0010010010011000101010010111010011000000000010111001101110001101
0011111010110100111011110001011010001000000111110010110110110100
0010011010111010010111111101010011101001001001000011100110011110
0010111111110101111100011011100100101100000011000001011101001011
0010010000001001101011011000001011100100010111011110101011110111
0010111010011111101110001101000000110000110101111111111011010101
0010010010101010000100011010100000101011101100100101110001001110
0010010011110110111100110011001001000010110111101000111110011010
0010001000101010010011010010000111101010110010000101101011111111
0010011100100010010101111010000101100001100011000110110001111111
0010011100100010010101111010000101100001100011000110110001111111
0010100110010011000010000110010101001100010000101101101011000101
0010101011111001010111100110010011001100011110000111000000001000
0010011010110110010011111001000011101101110111000011000010101101
0010000111000100000011001001010000100101110001001010101001100110
0010010100101111100111011011000100100011000001101101100011101110
0010011111011010011000000110100111011000000010010000011000111100
0010001001111111010111100100001011001101111100101000000011101100
0010110010100111110111101010010011100011001000100100110000101110
1011100110111011000101101000110111110110101100111101000010011110
0010010001110001100100000011100110001111101111110100101101101001
0010011000011111011110100010110001101000110011000100101010001000
0010111100111110001110101011010111101001110011000100001000000100
0010111000000101111010101011111001011000111100110001100110101101
0010111000010011111110011010010110101000001001100011011111101010
0010010010011000111010111110000000101100110111110110110000110100
0010110000111010110100101010010111011110000101100101100101011011
0010100000110011100001111110101010100100001001100000101001010001
0110000010101010101111101011110101111001000010001100001011110001
0010010011101100111101111010010001011100010100000111100010010010
0011111000000011100010110011010111100011111000111100100100101100
0010010011111100100100011000100010101111101011010111110010101001
0010011010111001111101001010100101001110100011110101100010011100
0010010101010100100110110110111101001000101111110010001101000001
0010100110110000100010011010100001110001110010100101110000101111
0010110000101110100101110000100101101010111100000111110001111001
0010000110100010000111101111000100111101111100101100010010011100
0010000100101000111111111101110101011100010011111101000010110111
0010100010011101111100110100011101001000011111000101100010110100
0010000110001101001010101101010101011100011100101101001000101101
0010011000010110001111101010110011100000010001001101001110111011
0011001100101110000101110110010011100011111001010100110001101110
0010010001100010011101110100000110101010011001000100100011010110
0010110010010100111000011101001001001000010110110110111110011111
0010100010111100001100000000111110100010101101000011000010000000
0010100010001101001001000000110000101011000101100010000011001101
0010011000010110001111101010110011100000010001001101001110111011
0010001001000111000100111101011110011011110011000111011111011101
0010001101111000100110100000100000100011000010111010010000011100
0011010010100011001001100011011100000000000010100111000010111011
0010001101111100010010110010000101101010110011111101101110011010
0010100110010110110100010000110101001110101000111011110010110100
0011001000011111001110101110110101100000110001011110000010111100
0010110100111001101101000100100100001110110000011111110011100010
0010001101111001001101111010100000001000111111000101111101010010
0010100101001011010001110111110010100011000001111101010001010011
0010011000001010000011011010100101100111000001101001010101010011
0010001101111010000101010000110011101110000011110011111101010100
0010001101111111011111110000000010101011110011111110111000011100
0011110011011011101100001110001011011101100010000010000000111000
0010110000111000101100111111010111101110110110000110111111100111
0010000101111000111111001110010011101101000011001011010000111100
0000000110101011000001000001110110011010100110100101001010111011
0010010000011000010100011011010011101100001011001001100100000010
0010010100010010001111011101110101110100000011001111101101100111
0010010010111010111100000000100101100100100111000111100001010110
0010101110100010101000011011111001001111000110010101010011001000
0010010001111000101101000010000111001111100111000101100010111000
0010111010010110111110010101111011101110010110110000110011111100
0010111110110101100100101100110010100111100011001100110000010111
0010101111110110010010101101011001101100000011100100111010000100
0010010111001101110000010011100100101100100101010001010011011111
0010010010100000000110111001100011000011111101100011101101010110
0010011011100001011101011011110000101110000110011001000000101010
0000101010000011101000011000110101011101011000011000001010110100
0011011011011111101110111100110011011001110100100101111111100011
0010001111110000011001000110110101101010001010100010100100100010
0010101100001001011000010111101011011000011010110101110010100111
0010000000010001001100100011111100000111000111100101100000101100
0010111110000010111101010110100010101001000100110000010011101000
0010001000101011000110101110010010100000111000011110101110111101
0010001100110100110100110001000010101110000010111010010000001001
0010100010110001110111101001011011000010001100001111000110011100
0010001101100111000111011011111000000011011101100101000111001000
0010001000011111111110011010010110001100010100100111101011100101
0010010010001010100101100010010000000101111111110101100100011000
0010110000010110011100010011001101101011011001010100010001111010
0010010101000100111110110101111000011100011111101011100011110100
0010011100011100100110101001011010001001011101000000101011011100
0010111010101010010000111110101100011000000110100011001110100110
0010010110001010011100000100100101111001100001000111001111101100
0010010000110011001110001010100000000110110010100101111011010111
0010100101011011011011000100111110101110110111110001100111111101
0010110111010000011111111011000010001011000000010101110010111110
0010111000001111111101000001001001100110001011010011011001111010
0010100011011001001110110111010010010010001001110100111110111000
0010101011011011111100111010110111001110011100000000111010100000
0010011001111010110110110000100010101100000001000110001100101000
0010101000111011110111001010011111100100000000100010001111000000
0010101001000010100111010000111101100110000110100111101100000010
0010100101100110110110011110000111101000010110101010010100101100
0010111000011111110111010010010111101001011011110000001101100000
0011010011010011100100101101000101000011010000001100111010110100
0010001110010110010100011001101100110110100011110111000010001011
0010101010001011110100101001110101101100010011000011000011001010
0000101010000011101000011010110111011010011000110000101010110100
0010011100100001101111101111100000100001001101010011010010001101
0010011010100010000100100001110010001000100110001001000100001010
0010111010010110101100010110100111101000010101000000101100100101
0100000001111011010111010000100011101110100010000010000011111100
0010000101111000010000111010100110100000101110001101111110000011
