0011110110111111011000010010001110001100101000100011010111111111
0010000101110110110100001000011110100100010011001101100011100011
0010011001101100100000010000100111011110001101000111101000101000
0010001010100100110100111101000111010110011100000110011110100111
0010100000110111100101011001010011011001000001000011101000001110
0010001000111100011110110010000001001000110110000000010011111100
0011001000111100000110000001110011100001000111100110100010110101
0010001000100100111100101010110001101000011011001000010101001010
0011001111001100110111101000011011000100010111000000010111110100
0010010100101011000100111000110001010110100011001110101001010010
0000011110000100110100001101110000101010000100010000001110000001
0010001000011101111010100101010001011000011101011110010110111110
0010000100111010110101011000000011101101110011110001110111000010
0010001000001000000000011101010001101000010110011111110110110010
0010011101101011000100011000000111111101100010010011110000001010
0101110011111100000110111010100111110010101010001111011110010010
0000010000110111000111110010110000111010101111001101101100110001
0011010100111001110110000111000110011111101101101101110111010111
0010000010000110001011010011000010111000010000010010101110111101
0010111001011110110000011110000111101110110111100011110010110000
0010111000010101100110010101010000101100011101100011101000100011
0010100101111100000110001100010001100100010111101111111000110101
0010101011011000010100010111010101100111001100011101111000011000
0010101101110001010111100010000111000011101111000011010011100100
0010000100101000010111101000011011100111001001001110001100001101
0100000100011000000011010100100011111001000000011110000110101000
0010100110101010100000111000010001100100000100011111110111110110
0010001100111111000110100110010001100111000011000110101110010111
0010101001010011110001011101111111101011110011110000001101100101
0010101101110010010101101010110011100100110011000100110011010110
0010001100111100110111101111011111100100010101000000001110111001
0010000001000101001101100000111100111111101100001011000000101010
0011101000100000111110001010111111011100101010111010100110100100
0010111100110000010000000000000001101111110111000011010101011100
0010000001000101001101100000111100111111101100001011000000101010
0010001110010000110010110101101110100000010010010111111010110111
0010001000111100010110101010010011100101110111101100101100001110
0010010101011100000001000001111001101001111011000110100010100100
0010000000111011000111111010010011000000010111001110001010010010
0010001101111110010111001000010011101101110011000010000011111100
0010111100000100110001001000010110000111101000101110101011100111
0010011101010000110110001001000110110111001000110011010110011101
0010101100110011100001011010001011100100100000100000001011000001
0011001000001101000110110010100001101000000100000101111000000111
0010000000011001011011100111010011101011110101001110101101111011
0010000100111101101100111100100111101000101010011000011010001001
0010010100111100110010110101100111101111100011011011110000100101
0010101101000101110101100000111111111001111001110100010001000100
0010101000011101011110110110100001111000010100100101111000010111
0011101000000110100011010010111010000100101110000101111111000111
0010001001101000111110010100110111100100001111111111000110111100
0010011100110110110000101000100010100001000111001011000110110101
0010010101111001011101110010110100101110101110111010101100010010
0011011000100010100000100011000111011111001101000000000110010000
0010000010011001001110101110110011100010010100011101111101001011
0000101100110111011000110010001001101100110011000000000011111101
0010101001100010100111110001110010001111101111001011100110111011
0011001001011111001100110000100000100110000011011010011000010001
0010101000000001011010011011011001001000011100100010100010101101
0010000001010000000100100110110110000110000010001101010000100000
0000100001111011001010101011000010010101101010011000000001010011
0010110011000100001010001000010000010111000011010100110001110110
0010001101111100000100001111001010010001011100100010111101000011
0010000101001010011001011010010010011101110001000100000011110111
0010001110111000000010111110000111001000100111001110011001011010
0010100000011100101000000001110100100011101101000011110100000001
0010000101111101110010011101000111000101011101001001110011100111
0010001111110111110001111001100010010010110101001101011110101010
0010100010110000110110111101000011101110000110001001110100110011
0010100000011110110110111100000010101010010101101010011011110001
0010001101110100001110010010101010000101110010010011010010010101
0010010001010000100000100111001001100000000011010100010010110000
0010101010111100111110101011010001100101010011100111100111101111
0010001001011100100010010100100010100000001111001101101000101001
0010001000110010001010110111011001100100000001010100011100000010
0010011000001100110011110111001111101000010110100110110111110111
0010011110001010101001010000111000100010010110101010110011011111
0010010000011110100001000000110011000010011001011101101110100101
0010101110101000111100010101101110011010010111100100111100011000
0110010101011100111111011101111100000001111100011011110010100011
0011001100010110000010011110100001001011100000110101101010000101
0010001000111100110110000010110011100100000011010111110110011111
0010001000010000011111100110111001000110010011011111011010100100
0010000100001001000000001011111000010000101001100110110100001101
0010000000011110000100000110010010000000011111110001111101100010
0010000101011101111111001001110111000110110101101100010010011000
0010001110011110110011001100110001101001010110111110110001110101
0010000111001111000111111001010111101100000010010111010110000000
0010101110110011100001011101011111101100110000100000011011000010
0010011000011110011110000100110001101000010111001111101110100101
0010001100110001100101111010110011111100000010010100110011010011
0010011001011100111100010101110111100110000001010011101010000001
0101110011011011111000101011111101011111110011010001110110011001
0011101100101001110010101011011111001100011011100010000010101010
0010101010011101111110111111110110001000010100100010011111000011
0010111010111110010010001101001001101001010010000101110111101011
0010011100111111110111001100010111100100010111001010011101101100
0010011000101010100110000110000011101101000101000011110100010011
0010001000000101101110111110101001101111100110011001111100010011
0010011100110000000110101011010011111111000001000101011100111000
0010010100001000010000100001110010001001100000011110100011001101
0010000101111110010111001000010111101101110011000010000011111100
0010101100110110000001011001001011100100110010100010010011010101
0010101000010101011000101101110001010000010000011100111010101010
0011011010101011110001011111011111100111000100000000100010100000
0010001000011100110001101111011110010010110011010110110100111000
0010111000010111110000100011000000011010010101001111011100011001
0010110000111100010110100000110111100011011101000110110111110110
0100110100011110111011011010100110010001101001011100100110101101
0010010100001100001000011110010001100001000001001110111010000101
0111100000000110100011101011100011000010001011111001101011001110
0010100010011100100010000101001101001100011110111111111011101100
0010011000010110110010100111101001000010010001110001111011111010
0010110010100110000110000010011011100010001001101011000100010010
0011001000111011111111101111110111000001010001000010111010100010
0010001000011101011010110000010001101000010111100010111010110011
0010001000011101011010110000000011101000010111000010111010110011
0010010101111100111100010001100111100110001011011011101010100001
0100010101111100111010011101100111110101001000011011111010000111
00
0010101010010101110110101000010010101100010011000010000100110110
0010101100110000100101011001101010110100110001001000101000000010
0010100010011110011111010011010111001101000000001101110011111111
0110010101001100100010101111100011110101011000111011111010010110
0011110011101101110011101100011110001110011011010001110000001111
0011001100111000100001101011011110010100010001101111001110000011
0010001101111110001110101010110001101001110011011000110000010000
0010011000010100100100100001010010011001010111000100010010010011
0010001111011110011100000100110011101100010001011111101111001100
0000111110000010001001010100111000101001000001010110010000110111
0010000101111100111010001000110101100101001010000010100100000100
0011010010110001001111100001111001000010100110001111000110101100
0010010100110100111100110000010010101110000111111011101111110001
0010000001011110010011001111000011100001011101100010110101010110
0010100110001011011100101000100100001011011100010001101001100101
0010101100011100000110101100110010101100010001010101101111100011
0010011011010111100000101011100011110001110001011111110010100111
0011101100111000100000101110011011010110010111101011011000000001
0010001110010100000110101100010011100001010110011111110110010111
0010001100110011010100111010110000100001010111000111110111001111
0011100010001110011000101110001101100010000011100001010100101010
0010111010001011100110001000110110011000000010100101001010001011
0010010100110000100100011100000010100111101011001011010011011000
0010011000011101111110001010000110101000010001100010001111100000
0010111110010101111100000110111000100110001010101001010010100000
0010001000101100110001101110010011111111010101001110001110010000
0011011101110000101010011100010011111011111110000011110011001001
0011010011101001000110100110011111111001001110101000000011110010
0010100010110001110111101001011011000010001100001111000110011100
0010001000111110000111101110010111100100010101010111001101101110
0010001101110100110001010101011001101000110110111010011110110001
0010010100010101100000011100010110010110010110010101011010011110
0010001000011111001100100110110001000010110011010010110010110010
0010001111111010011100011110110011101100110111000111100111100010
0011011000001010001010000110110001100000010100100010100010000000
0100101001011101110011011000100111100101001001011110000011110100
0110001111101111100011011000001011001001111110000011100011101101
0011001000111110010101100111011111101001011111010100011001101010
0011001100101000000101110100110001100111100010101110101000000101
0010101000100011100100101001001010100100000010100000000000000011
0010101101110001010111101000011011000111000111001111010110111100
0010001000010110001110110101100001101100010111011111111100100011
0010001100100000110100110001100010100010000111000101110011011111
0010001000111111010111101000010011100000010001001110111010010010
0010001110110100010100101101111010001110000001100000001111001010
0010011110110100100010001101011011101000010001000000001011111111
0010000110100100100110101110010011100001000101100010001010111011
0011000100011101100111101110011001110010001101001000000110010100
0010110010111100110000001111011111001000010110010101111010000101
0010001110111000010101000010011001100111011110001100000111000000
0011011110000111101011110111010100100101001101100010011110100000
0010000001010100100100111101000110100100100110111011110010000101
0110010101111101000110010101110001100000110010011110101110000110
0110000000110000001110110011100010100101000101110010010010111001
0010000001111101000010110110110011011101110111000100100001100001
0011000100110100100100111100000010101110100110111000011110001111
0101101011001101110011101010001111101000110111000101101010110101
0010001101111111010101101011010010001001010010000110000010110111
0011100110010100110100111001000011000000101100000001100000010011
0010001000010111110110101010011011110100001000011110000011101001
0010001101111000010100010000100011101110100011000010000000111010
0011001111011111010111101000110011001100110011000100110001111101
0010010101111010110000100000111001010100001101100000101110011001
0010011001000011101110011010010111101110000011100111101101100000
0010011000011110110110001100110110101100010101110010111000101000
0010001001011100111001101110001011111010010101000010110100000111
0010000001111110011111001000110101101110110011000111001011100000
0010000000111000010111111110111110101000010111100101111000110011
0011101000110001000000001110110111001000100000110001000001100011
0010111110110100100000111101111011001000010101100110011111011101
0010000000011100000110000100110101100010010101000111110010010010
0010100110110100110110110010100010001010101110011010000011011011
0001001100111001101110110100000010101110010110100101010110100010
0001001100111001101110110100000010101110010110100101010110100010
0010011011001011011100000000001111010110011110110111001110010100
0100011001001111010000001010010011000100110101010010001110011010
0011011000011111001110000010010000101100010000000010101001001101
0010001100110110110110101111010010101101110001000000001011000011
0010001100111101001000011111001001000000011110001010100101010001
0011000000111001101110101001110011000001011001001010011010010011
0010001000111101100110100010110011110000010000101101111001010010
0011101000000000010010001100010001101110101100111000001010100011
0011001011111101100011010001001110000101001111010110101101001101
0010000000111001110110101001010011000010001111001111110000111011
1111100100111001110100110100011011101011111000111111011011111001
0010011000100010011011000011100011101111100110100101111111010010
0101011001011100101010011101100011110001000100110011111000000111
0010001001110100010110111011010010000110000011000110000110101110
0010001000010001101010111000110001101010000111011010011011000001
0010111010010100001110011111000101010000101011000000110010010011
0010011000111000010100110010011111100110100010100001101000000011
0110011100101001000001011001110000000101111011000110100010100011
0010011001111010011110100001110010111100010010100000000001100000
0010001101111110010011011000000011100101000010000011111010000011
0010000101000101100000110000100010001100100010011101111010101110
0010000000000010110001110101100011101001101001101110011100111100
0010000100111101100100010001000111100110100111111110101010100110
0011001000101100011111101111011111001001110111001110100011100110
0010001101111010010111001000110111100101100011001010101110110100
0010011010101010011011010101011001101010010110100110111011110110
0011001000000110000111000011110000100001000100101110001100111011
0010110100100101111001100110011110101000100011110000101111101011
0011001001010111111010100010111101100000011100010001011001110010
0010111000101100000110010001101000101000010110100000100000110110
0010001001111000100100000000000011101100101110111111100000100000
0011110000011100010010100111010011100000010100010111001110110101
0010100000110010000000001110011010010100010111111111111000000001
0010001001111111001110010000010010100010010001011000011000101010
0010001000011100110110000010011011110111000110110011111111101111
0010101010010101011110001101001101111101010111110001110100111110
0010000011001100110111001010010111101101000001000110110011000100
0010001101011001001110110110110000100100000001110001001111111011
1100001001011110001110101011101111110101011010011110011111011000
0010100010110001110111101011111011000010001100000100011101000100
0010111011010100110000110011011111010110100100010101111010001100
0110001000010011100011011110110110101100011011010001000110101000
0010111000010010111000011100001111101001111011000001010001110110
0010001000101110110101101010001110101101011111001100111111010011
0010101000001010000000010110110110100000011101100111010110111111
0111010101111111000110000000011010000001010001000110000010110110
0010001001101000010100110011110010000100000011100111100000101100
0010001011111100110110111001101011100110101110011011100011111000
0010010110101001000000010001011111000101010001011010110100101100
0010010100010100110101010101100111111100000010000010110110000101
0010011101111100011110011001110111100100000011000011100010110101
0010011010100111001011110111111000111000000100101100101111010100
0010001001011111110110001010010110101100010001100010001101111100
0010001000111111010111101000010011100000010001000010000010011100
0011001100111000010111101110011001100100010011001100101000001011
0010011001010001100110111001001110001000000110111010010000110101
0010001001011100010010001100110011011000101101010010100010110001
0010001000001000110000011111011111100100010001100110001100010010
0010011000011111110110001010010110101100010001100011001101101000
0000000101111110111011011000000011110101000010011111111111011111
0011011001001000000001001011011110111000101101100101110101111110
0010001000011111000110101100110011100100110101000101111010010000
0011001011101001110001001110011111100001110100000100000010010100
0010011100110101100000011100010010111001111010000000110110001101
0010001000011110011010000100110011100011010100011111111011011110
0010011000100101110101010001111000001010100111110010111111010110
0010001101110100100111001010111101100101100111000111100000101011
0010101101011101010010010001010101001100011011001111110101100110
0010000000110101001000001100110101101001101011000100100100001100
0010010101111100100000011000100111100100101000001011101010000001
0011000010101100110110101010010011100001000101100010001010111001
0010101100000101010110100011000010111001000010110011110001110100
0010101000011100100010010000001011101110100010010010100001111100
0011011110000100011010011001000011101100000111110010111111110101
0010101001001110010100100010000110111000110111010010110100110100
0010001000111100110000110101110111110110001101110011010001000001
0010010001111011010111100010110010101110110110001111111111101011
0010001000011000110110010011010111101000010101100100111011110010
0010011101000101010111001001010111101000001111000110111100100110
0010010011010000101100011101011111101101001011001011101010100001
0010001101111000011110011000010010100100010011100010010000111100
0010111000100111000111110011110001100000011011000011101101011010
0010100111111100011000011000111101011101110001101011010111111010
0010100000001100011000011001111100110011101101100101111110110010
0010101100110000100100111010111010100111100111111111010100101101
0000000000100011000101100010000100110011001001110101111011100111
0100011111111110111100001000110011111101010010100010011100100111
0010101000111101101110111000010011100100010010001111101110001110
0010000010000010000111101000001001000101010001010010101010110100
0010011000111100110111010001111011011100010101100000011110100001
0010001100101100110100111001011111100111010111100100100100001101
0010100110001100110111011100001101100111010100001111110000000010
0011100001011011111000001011000111111001110011110011101111110111
0010101000010000011010010001111001101000000010110000110110111100
0010001000101100010111101010010111100101010011001100100011001001
0010101000011100110000101001010011011110110101000111011100011001
0010001110000100101010001101011011001000010100000000010010011000
0101011100001111100000001010010101000111110100011101100110011010
0010011101011111111110011000000101101100010011100010111111110000
0010001010000110111001010101101111101000001001100110001111111100
0010100001010101101010100010110111000110100001000001011001000000
0010001100100101100100011101000111100100000010110010110101100111
0010011000000111001110100110110111011000011100011001111000100011
0010110001111010111100010000100111101110111111100011101101100000
0010001101011101110110101110010110001100010101000110001101101010
0010100110001101010111110110010111101000011100111110110000111110
0010101001110101000100011110000111011101111000000100010010101010
0011001010001100111111010010001111100001000111010110001011111011
0010000100010100110100001010010001101100000000110110000111010001
0011010000111100111111100010011111001111001011101110101010100100
0011001000111100110100101100010011101110110111001100011010011101
0011001100100001100001101011110111111111100000111111111101101010
0010001001111110110000011100010000001001010010000100101011110101
0010101110011100010100000011110000101110000001100111001001010001
0010010001000011110010001010001101101101010010000001000001100011
0010011001110000011100110101011010101110100011100111101111011011
0011000100111100000100100100110100101100110111010110010010111100
1110101000011011010011100100001001101111010000010000110011110001
0110110011101111101011010000111110010010011000000101110100010110
0010000110010101100010101001111111100000011011001100100100000000
0011001000001000010010011010110011100001000100101110100110110100
0010011000100000110011000011000001101000000110110000111101100111
0011001000011100000110100110110101100100010001000110001100000001
1000110100101011010100101001101010011011011011101001110001001000
0011001001101100011110001000001011101100000010100001100110001111
0010000101010111101110010100110101111000000010010100001000010010
0010011000111100010111101011001011101100010001111011001001001000
0010011000111100010111101011001011101100010001111011001001001000
0010101010111010110100100101011011101000010001000000001011101011
0010000101111011011000110011000111100110010110000011111101010000
0011000100110100100100111100000010101110100110111000001010000001
0010101100011100001010100101110111100001010001101100001001110110
0010111010110111111100101101111010101000010001001101001111000010
0010101000111000101100111100110011101110001111000110101000101001
0101100000011011110001101111000111011111111000010100100011001101
0010000100110000100000110010001000000011011101100010111110111011
0010011010110100110110011101011011101000010001101110010010011110
0011001100110101100110111010110000100101010100010110000010110110
0010111111111010000000011100010011101100110111101110011111001011
0010011110011011111100000010000101111100000011100110001101111000
0010100010010001110110111001011011100010000100001111110010111011
0010100001111111000110000101010111001100011100101100010101000100
0010001100100010100100110010000111101100100000011111110011110010
0010111010011011101010110100110011101000000100010001100101010101
0011001000001000000010010011100001100001000100100101011000000100
0010000000011001101000000110010001000010010101001001010011000101
0010001101110000010111001010001011100000011100001010011011110000
0010101100111000100101101000110111101110001001101101111111000101
0010001100010000110001010100100010101110110111111011000111110110
0010000110101000110100100000010110101100001011000010011100101100
0100000100100101110010010001010011011110101110001111111010001110
0010000101011001110111100101010111011100011101000110001100011000
0100011001001100100100100100001100001000100010100111111100110000
0011001000111100010010111110110101100101010011000010101001110110
0010111000111100101000001000110111111001101010000011000010011111
0011100011100101110100100110001011100101001111000010110101000110
0010001100011000000000011100100010101001000100110111101011000111
0010001101101011110000010101010111000000001101101011110111101010
0111001000100001101110110010101111100110100001011010000011000111
0011001100110000100100111110000111101111101101000011110100011010
0011011101001100110100011011001001101101011100100000110110110100
0010111111101100000111011111110100100000110110010011111010100010
0010001101111100110111011100011111010111010011011011010110010100
0011000110100010000110101111000001100001000100110010101011101001
0011000000010101001101100111110101110001011101111100001011110110
0110010100000111011000010101000100110101101000011101010010010111
0010001000010111010110001111001001000001010100000100001111101011
0011000000001100001011101000000110101011001010101010010100110110
0010010011110101101010111101000010110111100101011011110010100101
0010001000010111000110000100000011101000010001000010011111001100
0010011010001101110001001010001011111111001010000101110010000000
0010001100101011010101100010100111110011011100000111111111000110
0011011000101111110110101100011110101101011111000110011010110100
0010000000111100011001001110010010101111100100001010000100011100
0010001110010100111011011001101010001110110101101001011010101010
0010001111111100111110110111110001111101000111000101111010001100
0010110100101100010110111101110111101101011100001110011111001100
0010000000011110111010011111101101010001001010010001111110001111
0010100010001110001010001000010010100011110101001101110111001000
0010001010011110000100000100110100100100010001011101111100000011
0010101100011101011110110100010011101011010001010010011010111100
0010101000001110110110100101011001000000001101001110110010010000
0010011100110100110100101101010010110101000011101000100110000101
0010011000000101111110100101000001101000010010110000110000110110
0010011100100101100100111001000101101100011110100110111000110101
0010111000001100011000001001111100101000111001100010001101101000
0010001100110100010101101000111010101101010111100100010010111111
0010001000010100100100110111110011000100011001010101101101010001
0011000100101100111010110001100011100001000110110001011100100101
0010001011100110110101110000101000100110001110001110110010100101
0100001000101011000001011111000110000111111101110100000110001001
0010001101111100100100111001100101001011001011010010110100010010
0010001101111101011100111010100010001000111110000110001010111101
0010000101111100101000010100000010101100000010010011111110000001
0010010100111000110010011100000111111001111000011011111010000010
0010001001101100100111101001000111100001000110001101111000000100
0010101011001101100011101011101111110001010000011111111000100011
0010001100101100110100111001011111100111010111100100100100001101
0011011000110110111110000110010010101000010001010001110110101001
0010111110010101110010111101000111111000011101110010111110110101
0010000011000110110111000000100111101101100011110011010110101001
0011110111100101000001110010010000011011001001011100110111000100
0011001000111110010111001110010011101101010111001110000111111100
0010010011010100100100010110001001100101000011000011100010100100
0010101110001100010110011001001001101100010110100101110110110110
0010011101100101010110010111100101101100110111000111101100111000
0010001000101100110110000011010111101100001111100100110100111001
0010001000011101000110100100010011100000010101010111011100010000
0011000100010101100100101111000001101100010010010111011010110101
0010011000100100100000101100001011100110010110011000000110101010
0100010101111100010000010001110010000011010101010111000010101101
0010011101111110110110011100000011101101001001001010100010110100
0010011000111010011110011011011110101100011001100111011101100100
0010111010001000010110001000010110100110011001110111100101100100
0010001100011000010110011001010011001110100101100110010111001100
0010010101110111111000111001100100010101001000011001111000000100
0010011011101010001111010001000111101010110100100001001011100011
0110001110110100101011000101100001100011001010011001101011000011
0010000100101101110000101010000110001001010101100011010001101111
0010101111001011100000010010010010100011000100011001110110011001
0010101011110100110111100000011011001110010111100100010010010100
0010110000100000010110100001110001101100000110011111110100101011
0010010010010110011110101100111001001000011101101000011011100110
0010100100011100100010111100000111111110100010010011001001000011
0010101000010100110010111101001011101100010110110100011000110110
0010011000001011010011101000010001101101010011110110110110010111
0010111100000100101100111011001010001101011101101011110100110001
0100000101111101111011011010000111111101001000010010100011000100
0010011001111000111100010000100111101110101011000111100000110001
0110010101111000111000010001100111100100101001010111100010100111
0100000101111101111011011010000111111101001000010010100011000100
0010101010101000010100101110111000000101011101100000100010001100
0011010010011111100110000110000010100000010000001001011010000011
0010001001001000011100010000110101100010000101000111110111110110
0010001101111100011000010111110110110100011110010011001111100001
0010111011011100110000010000101001101100011110001111101001100101
0010001001101010001101110000010001100110000011011110110100001011
0010011001111100101100110001100010101010001001111011111110110010
0010001000001100110100011001100101101100011010100011100100110001
0010110010110100111011001111111000101000010011111111111011111100
0011100000101010011000001010000111101001000000000101110001111001
0010001011110100110101101101011111000101010011011010010110011010
0010011100110000101000110001110111000110000011000110011010000010
0010001111011110111100000111000001101101011111000110111101101011
0011001010110000001010011101100101101110110100011001111011100011
0010111000000111000111011011011100101100000101000010001101011010
0011000100111001011100101011001010011001101011100110101111000010
0011100010100001110111101001000011000000001100001111110110111011
0010111000000111000111011011011100101100000101000010001101011010
0010011101111010011011001010010011101101010101001110010010111100
0010000100000110110010010101110111101010100000100010011111101001
0010001010100110110011001000011011101100010000001010001001111010
0010011000011011100110001011010111101101000101001110101101100010
0010100110011101110010101001010011001100011100001110010110011001
0010011000011011100110001011010111101101000101001110101101100010
0010111001111010110001001010000011111000110001010110100010111101
0010010001110101110111001110011110101101110111011010101110100000
0100010101111100111010011101100111110101001000011011111010000111
0010001000001100001010010110110001100010001011010010111011010001
0010101000010001111110101011010001000000011100001111001010110100
0011101000000000001110001010111001100101000000100001000011100100
0011010011011011111000101011000111111111110001010111100010100101
0010100100100000101010011011111110011001001000101110011010000001
0010000100011000100001101000111111110111001010111011111010000111
0011001001011000100001101011001110110001000001111101110111001110
0001110110100101111011101110010111100100010110010000101011100011
0010111111001111110000001110010110011000010011110010101100100011
0010001000001100111100111110111101100010010111001000011100101000
0010100111010101100101100010010000010110000011101111011001101010
0010010101010000100001101001010011011110110101000100000100110001
0010011000111111010100001001010111100100000101101110100100011010
0010101100110001010110101011010011010011000111000111010100111000
0010100001111111110110001100110010101100011100101100100101000110
0010001000011111101110001010110111100100010001011110101101001010
0010000100111100100110011101000111100000010111101100001010001101
0010000110111100100000111100110011101100000100011011110110110011
0010000101011101101110010101110101101110111111000001110101000001
0011011010000100100100001110001010101101001110011111110010100100
0010011010110100111010110111001001101000010110110000010000100110
0010011000101010011110001010110111101100100000100000111011011000
0010001100100110111110010000101011110110100110100010111010110000
0010001000101100111110111000001111101100010010000000100110100011
0010011111101100011011011111110111010000011010010001011011111011
0010100010110001110111101001011011000010001100001101100110101101
0011001000111100110110101110010011100100010111011110111100000011
0010001101111110010111001000010011101101110011000010000011111100
0010010001010011101010111011000111101101111101000101101000010110
0010110101100010000011011101010011101001111001000101101011101100
0010010001011011001000011111100000110000011101110101100001110000
0010101001011110010000110000011010101011010011100010101000000100
0010001101111110010111001000010011101101110011000010000011111100
0010101110111011011000010001011010011011000011111101111100101100
0011101000100110110101101010011011001101000010101011000110110100
0010010010010100100101001000001011101111100011111001110111100000
0010111011000001100110000001001111001000100000001111100010011111
0011001000111011001000101001000011011010011111110110011000100011
0011100100001001011000110011000010101001111100011111010010111000
0010101010011000010110000110011100000101010011001100000011001001
0010000101000101110101011000011100011101110011100100011011101111
0010000001011100111000001001110111110101101101000011011110000101
0010110110110001110100101001011011000010000001000001000110011101
0010001101111111110111100010110101100101001011000110101110010100
0000011101100001111100101011110110100110010111110011101110101011
0010001100100110111110000000101011110110100110100000111000110000
0010001000111000010111001001010011100001000100000110000011011100
0010100010001010001100111010000000100011000100100011100001001011
0011010100101100111100001001011011100101010011100110111110100011
0010100111111011101101010000110110110010001010111010010110111100
0010110101111010010111100010110010101001110111001111011110010000
0010000111010011110101100000111010101110000111111010000010101100
0010001110111011110000010001110001100000000110111111011110111001
0110010101011001000001000001111000000001111001000110100010100110
0110010101011001000001000001111000000001111001000110100010100110
0010111000010011001000001110111001011100010111101111111000000011
0100000101011101010111010000000111111101101000011010100011000100
0011001000111100110111101110010011111101010111000111110100101011
0010111100100001110000111001000101100010010001001110110000100001
0010001000010100110110100110011111100000010001001000111000100011
0010001000111110011100101000110010101001000000110011110010010010
0011100010100100100001001100001111101110001010010101111010100110
0010000000111000111010000011110001100110100001001010110101010011
0010001100101011110100111110110110011000000001100110111010100111
0010101011010110111000111010010011010010010011111011110111011100
0010011101011111100110001001010111101100001001100110001101101000
0010011101110111001101011001000111111000001011000110010000001000
0011001100100100000100101011011111011100011111000101100101000110
0010101100111010010101000000010011110101010011001111101111000101
0011001100011111100101100010100010100000010110011001111000101111
0010001101111110010111001000010011101101110011000010000011111100
0011100001111001111010001000010011110010101000101011111110000100
0010001001111000010110110010110001100111000111101110000000111000
0010011000110100111110011000110011100101000111111010101110110101
0011001010101110001101100101100010101000011111101101010010001000
0010001111001100011000010000000101100100000010010010101010000100
0010011100110110001110111110010111101110010001000111010011111011
0011001000111110111011101100010001101000010001111111101010011010
0010011110101100110100101101010110001100010011010010001111110101
0010000111101000001001010000100100100101101000010110101011000100
0110110010000110100001001010000011001010001001111001101010111000
0010011101010110101101000001100011011000010011100000110111110011
0011011001101111111011101001001110001011001001110010001101001000
0010000000010011101011000110101000011111000111010101001100100110
0110011001001111101010111011110111010010001100110111101110100100
0010011001011111110111001000010110101100010001000010001101101000
0011001110000110010110110011011010000110110011000000100011000010
0110001101101110111110001101000011111101011011100110110111111111
0011000101010100101100010100001000101010000110101010010000111011
0010001101111110010111001000010011101101110011000010000011111100
0010110000011110100010100100010010100000010000011011111010010001
0010101111011010111110011010010011100111110001100010001011101000
0010000101100110010011001010010101111101010011000110001110100101
0010111001111111000110000000110010111000000100100110001101101010
0010011100111100101000110100110010101110000110010001111001001101
0010001001010011010100110011110100011101111111111001011100010000
0011011101101100100110110000110001101111010011100011110011111110
0010011000100101001100111001110010101000011001000011110110000010
0010001101011100000110100101010111101100010101000000000110111000
0010101010111110010010101110010001100100110111000110111011000001
0010001110010110001101110101110011100000010101001100001011011100
0010010001110011101110010000100001101110101111100110100000101001
0010110011001111100010001011000111100010001000010001101010110111
0010100010110101110110111001011011101110000110001100011110101010
0010000111001010110001101001001001110110011011101101011011101011
0010011100110100000101010100011011001000110011011001100000111010
0010101111010010110001001000001011100101100000101010011011110001
0010011101111101110101011000100010101101111010000010000010110100
0010111101111111001111111000100010101000010110111110111100001000
0010001100101011011000011011001111011111000011100101011000111000
0110000101111100101000011000110110110011101100001101110011000101
0010101000010001111010001101110111011100100001100100100010110000
0010101100111100110100101101010011101110110101000011011111111011
0010001011011100001100000100110111101011011001010010010100010001
0010111010010110111010011100000001101001010111100011011011111101
0010101111111100100110101100010111101110011111000011001011110001
0010001000111100010100011001110011100110100111000100001001001000
0010101001111001010000011000110110100011010011000001110011101011
0010011101111100101110001101110011101000010001010001111110000011
0010001101111000110100111001000011100100001011100000110100101010
0011001100001010000000111001100001100001010111010101011100111001
0010000110111000100100011101011011100100000011001001101000000011
0010100100010001101110011101001111000101001000000011011010001011
0010011001011111110110001000010111101100010001100010001101101000
0010001100111100000100100100111011100100010011101100100101110011
0110010101011101100001000000111010100001111011000110100010100010
0010111000001011011010011000011100101100001101000111011101110110
0010100100100011101001111010000011001100101000001011101000000101
0010010001111110110100011000000111111100101111000111100100000011
0010010000101111010101010011001100000011010110101011001001001010
0010101100010010011000011101101101001000010111101111111001010101
0010001001011110010110001010010011100100110011000010000001111001
0010001101111101011100111010100010001000111110000101111101000010
0011011000011101000100100111110000001000010001001101011110000011
0010100101111000110001111001011010010011011100101111101110010001
0010110001101011011110110000100100101011110110100111101010101101
0010001111010100010011000100010010101100011110110011110001001100
0010001000101100110111110101010011101010010111001101111110101011
0010100011111011001000111101010011000000011101101110000010101010
0010000000110100100100110100000011101010110110001111000000000011
1000011111101110110100101011001110101110110110111011110000000111
0011010010010011001011110110110000110101010101101101001011101000
0011001000011100100100000010110001100000000011110011111010010001
0010000001101100010111001000010111100101011111001000010111110100
0010011000001011010100001000000111101101110001100111001101100010
0010001101111100111111110010010111001101010111000010000010111001
0010001100111001010010011100110011011101001111010000110100001011
0010000101011001110110100010011110101101010111101000000100101000
0011111000001000110010110111001011101001010100101110101011110101
0010000010110010110011100011011011111010100101111111100101000100
0011011000100010100000100011000111011111001101000010001101010111
0010000000110101000111110110100000100111010111000100111010001011
0010000000101100110111111100011111110110010111001110110110101100
0000010101100010000100011011100001100101000011000110011101111111
0010011000111111001110011100110001101101010001000100100001001110
0010111000000111000111011011011100101100000101000010001101011010
0010100111101001101101011101001110010011110001101010111110111000
0010000111111101010011101010011111010111001010110111000010000011
0010101100011100100110011000010111100101000001001111100110110101
0010111001010010110000111011011001100100001011000011101101011110
0010010100011100101100110111110010100101001101001011101010110001
0010001100101111001111001000010001101000110001011100111011000011
0010011101111100011101111011110011001100010111100111111100111000
0010001000110110010100101110010011100100110010011111011011111000
0010111101010011001111010000100110101010010100101111111101001110
0011001010000010001111011100001110101101110110000101111011001011
0010101011011110011110000101011111101100010111010010010111110000
0010011010010101100100000111100010110001000100001000110001000100
0010001101111110110100111000110010101101011011100011001101100100
0011011010001001010101110011101001100011000101000010101011001101
0010001101111100010101111000010110101100010101001110101110111001
0011001000101100100111111110110101100101010001001110101011000100
0010001101111100111000111001110011100110000011010011100110101001
0011000001101000001111100011010010101000110110111001100110101011
0011010011001000100000001010110001110001101001010011010001001011
0010001101111110011110111010000011101101110011000010000010011001
0011000100110100110110101000000110100110000110111000000111010111
0100100010011100101011010000000110101000101111001101111000101001
0010000101111000011100110001110010100110000011110001000000111010
0010000100011000110000011100011010011101100011111110010101001001
0010110010011000111000010001001010110100010000000000011100011001
0010100010001100001001001100111000000011101111101001010111001000
0011111101111111011110010000110010101000010111110110111110001110
0010011000000111101110000011010110101110001111001010111101001100
0010001000011100111010100101000001100000010000011001111010000110
0010011100110100100100011100010110101100000001000010011101001011
0010011101011111111110011111010010101100010010110110111111001100
0010001101111100011100110000100010101110101111000111101100100001
0010011010010100111110001101111001001010010111010000111100110111
0010101101111101011110100010010001100100010101000110101110110111
0010000111010010010000101011001000101110111011100011100010010000
0010111000101010110110111101110010001001111101101111101111011000
0010001100101100100110101111110010101100011101001001001011111101
0011001000001000000110111110100001100001000100101000011001110100
0011101111100010001110111101100001100001000100010010111111001101
0010101101111110010111010000010011101101110111000010101111111101
0010011000010110111110001100110110101100000001110001101001100110
0010010000110000100000000100011010000110001011000001001101010110
0010010010000101001101001111000101110101101101111010101100011010
0010001111100010111011010000001001111110100110100011000010101100
0010101110011110100110010100010011101000010001010110001111110010
0010000101111101100100010000100111000100100010011100100110001100
0011010100111111010101001100011000101101110101000110000110101100
0010011000011111101110011100010001101100010011000000111100100110
0010011000100011000101001010011111100111110111011100101111100011
0010011001011110111110011001010111101100010001000010001101100100
0010001000001101111010001010100101100001000000010011100110010111
0010000001010101000110100011100100011000001101010101110011110111
0010111000100100111100100100101010101100110110001111111000110010
0100010000001011001000111111100010010001001100110111100100000111
0010011010000010011011011000000000010011000110110011110110010101
0011001000010101110110111111010101100100010001000011011110010000
0010110100110000010110100110111011101011011100100110110011101100
0010010000001011001111110110000111101010110000100110111001011110
0100000001001101001001110010111001011100010000001101101100000010
0010001100101100111110101111110011100100010011110010001101000011
0011011000011010011101100110100010100000010000011110111010001111
0010111001011111110101001010010100101100011001100010000001101000
0010000100011100101010011010010110101111101110100110110011001001
0010001000011100110110011000010110100001001010000000110011010100
0001010111110000001110110011110000100110000010011001100110101011
0010010011000110010000001010001101000101011011101101111110100011
0010010011010001110011111000100111000111101000000100111011110011
0010101011001000010100011101001101001111011101100000010101111010
0010011001011111100101001010010100100100000001100010011101101010
0010011100110100100110001100110010101000010011000000011111001001
0010011011000100010110011001001110001011001100010001011000011010
0010100110010100110111011101011000001100001000001001011000000101
0010001010010100111010111101011011011001011011101101100111110000
0010111000001100011001100110011100100011111101001110011100000010
0010111110010010110000010110001110000011111011101000010001001100
0010001100111001001110010001110001101110100011000111101110000000
0010000101111100100100110000100010101110100111110111101010110001
0010100010111100010100111010011101101000010000100011000100110001
0011001110011101000100101101110010101000001000010010111010010000
0010001010110000110011110001101011001000010110100111010010110101
0010001100011110101010111000110001101000010101010110010101110111
0100010000010111011000000000110110101100001011100011001001110100
0010100000111111011100101101010101101100010001000101000100001010
0011101011001000100000101101010011011101111100110110110110111100
0010110111111110110101101010010111100100010011000111010010101100
0010011011010100100010110101101010101100010010010011110010110101
0010100110100111011000011001001001000101011010000010100100100100
0100010001111010111110010101100111101110100010010011111011000010
0010111000010111110110000100001110101100000011110111011000111100
0010011000010110111110011000010101101100010111100010101001110110
0010011001111100011100010000010011101100000011110011100010111001
0011101000010100011000100001111000001100001000110001100110101000
0010001101111111011111001001001111100111100010101010011010110000
0010001111111001011010110001110010101111010111111100001111001101
0010011000010100101110011100000001101100010111110000001010000001
0010010000101101100010110100100001101011100011011011110000100001
0010001000000011101111011110100001101000010111000111011000111111
0010011101101101001111100000100001000110001011001010010000110011
0011110110100111011011101010001010100100110111100010111111101011
0010001101101000011010011010011101011011000010100100011000110001
0111001000100001011000011011011110000100110011110000000001000101
0010110010010101111001010001001000100011000110111010101110011101
0010001000011110001110100110010001101000010011001011110010101111
0010011000001001001110110010000000101000110011101010100011110110
0010101010010011101100001010011001100100000001000100001101101000
0010001100001110111101111000110010000110111111101111111110110000
0010001101111111011111001000010010101101110011000010000011001100
0010111111100010110110011100101101001100110100100000110001011100
0010001101110000011111110010010011100101010011000010000010111010
0011000010011011010000101000010011111000111111100010001110110000
0010011000011110110110001000010111101100010001100010001101111100
0010110111100100011011101111100001000111100100110010100110111110
0010100110011100110110001101011101101100010011000110100010111101
0010010101111000111110010101100011101100000011011011110010010001
0011000000001110011100100110111100100111010111000110111111000001
0010100010010111101100101000111111101010111101000001110011110101
0010111010000110111010000001110011110000011110010110111011011000
0010101011110010111100101000011011011110000010111011000100010100
0010111010000000111100110111010011100100000010001011101000010000
0010000101010110110111011001010100010011011111011100101100100101
0010010101110000001001110001110010000110110111100111010100111101
0001100001100111000010001000010010010111100010000100000001110110
0010100010111000000000001010010110110110000001001101110111010001
0010001100010100100010010101010011101000010101100110011110011001
0010011001110100111000111101110111001001110111111000001111001000
0010111010000010011000111001010001000000010110001101111001110101
0010110111111110011001110100100010100010010100011111110101001100
0010100100010010011100110011010011100011010011100100110001001011
0010001111111101010100111000000010101101111010000011110001000000
0010011011011111111000110001100011101000110101011101101010100101
0010001000110000111010010101010011011010011101000000011111001000
0011001100001001111100101100011100100011010011011011101000000010
0010000000011101011010110010110010010000010101110110001100110001
0010100010010000111010111011011010001010011101101111000111101101
0010101110111100010100001100010001100001110111001111111011011001
0010011100110100111010011100010011101000110110000000010011011101
0010000101110100100010001100000011100110100011101000111010110110
0010001101111010110001011000010011101101110010001110010011010010
0010000010010101100100101000010000101000000010010000101010100000
0010111110011100101010101100111011010110110110110110111100101001
0010010000001011100110011000000110101110110001100010001101111000
0011001100100100100001111011011011010100110101100110011000100011
0010111001001111100011011000010111100100001101000111001101010100
0011001100110101100000110101001110001000111111110000010010110011
0010100111010011010000110000111010001011010100100011111000001100
0010100100100011100010000010000011100000000000100110011001100100
0010001101111000000000010000100011100110000111001111100010100001
0010101010011100011010010001000011100001010100100001011011111101
0010001010001101011000010100001011000010101110001111110011111000
0010011000011100111100010001010111101100000111100010101100110000
0010010100101010000100010010111001101111111000101111110000101001
0000011100100100101110111101000101100110010011001101111001101100
0010101111110001010110111000101011001011001111001111100110011000
0010001010100000101010111101011011010010010111000110011100011000
0011101010110100110010011001001101101011000010110001100110000111
0010000111101100111000011101111110110011001100011100101000000111
0010100110110100001000010011011001100001111100111111111010111101
0010001000100100110001001100111011000001010010101001111011100000
0010000100011011010111111011010110111100010110100111010101110000
0010011101011100110100000101110110101110100011101001101010100010
0010101010110101110011111001001011000010010100001111100011011100
0010011000011011111110001010010101101100000001100110101101101000
0010001000010110011101010010001000010000000110101110111011111010
0100101110110100011110011101000011111000001101100011110011101101
0010101000010100011010001001011001101000110010110000100110111100
0010001101111100110100101001110111100110000010110011110010110100
0011111000001110111110100111111101100000010101010110101010110101
0010001110010110100110000110110001110101000000010011011000100011
0010010101010100001010111110011001101110010101000111001001101000
0010111001000011001001010001111101101110000111100111111101010010
0010101000011100110010101101011011101100010111001111011110111101
0010000101111100011100111000100010101100101110110011100000000000
0010001000011100110110011000000111101110100111001001000011011110
0011001100100000000001010110110010100101010100001110001100001101
0010100001111001011110101011010011001000001100001111100111010110
0101110011011011111000101011000111111000110001010101100010110101
0010011000110111000110111011010010101100010001000010001101101000
0010001000011111110010011010010010110010010101100000001101101010
0010101000011111011110010010010010100100010001000010011110000001
0010111011011100110010010000001001101101010010000010100011111100
0010100110010001100010101001001000000010001000001011001101001000
0010000101111101110110010100000011101100100010011010011010100000
0011001100111100110100101110011111000101010111001110100111101011
0010100010000100100010001110001111110000010010100011011010110011
0010111011000000111010011001001010100000011110011001111001110110
0100001101101110111001101100010000011100010000111111101010001110
0010101101001001010111011010010010101110101100101111100010110100
0011001000011100001110100110110001100000010101000110111010010101
0010001100011110011110000101110001110100110001011101111110000111
0110110100001011000000110000111010101011111000100110101011000010
0010011001011011011111001000010110100100010001100010000011111010
0010110011111100110011111011010010101001001110010001110110010111
0010011000011110110100001010010111101100010001100011001101100000
0010001000111100011110101110110000000010110101001111110111000010
0010001111000001101010010101010011101000010010100010100000110110
0010111011010010111100000001111011101000110111001001110011111100
0010100111110100110110001101011100001100001000001001010010110110
0010000001110001100011101001111110010011001101101101000010110010
0010111010010100111010010101001001101000010110111111111011111101
0010101000011101001000100100110001100010110101000010111010010001
0010101000011110001010000000111101100100001001000010011111100100
0010001000011011100010100110010011100100010001000010110000111100
0000000000111110101111001000010111111001010011000101001000100100
0010011000011110111110010100010100101100010101111111011101111000
0000000000111110101111001000010111111001010011000101001000100100
1011100110111011000101101000110010111000000111010100101010110000
0010011100110001011010011110111001000001010010000101001010001110
0010100010110001110111101001011011000010001100001111000110011100
0010001100010110110100111101000010101110110110111100011100010010
0010001101111110010111001000010011101101110011000010000011111100
0010001101111110010111101001010011101101010011000100101011111100
0011101111111000100000101010100011011001100101101011110000011000
0010100010110000110111001001011011100010001100001111000111011100
0010001001000100100100010001111111011010110011000001111101101010
0010001110011000010000000010010011101000010011100111111010000011
0011001000110110101100101110110111110100010010011111010110000101
0010100110110111011001100001110010001111001000100101110110000010
0010011101111010010101110001011000100111011111100001101101010000
0010101100110100110110011000001001101100110110100010011010111101
0010000101110110110110011100100111000101000000011011111010011101
0010011001010101011101101111000110011101111000011001000101000011
0010110011111001111100110001111110111110111011010001110110100010
0011000110110001000101110010011010101000001101001010000010110111
0010001001010101110100011100011011110010101110011100101000001010
0010100010111000011101000001110110000010001111000111000010111100
0011001000001100100110110111011111100001010101000101101010110100
0010000101111100010010001101000111100101011000001010010010010101
0010111000110110010001001001110110001001000000100001100110111001
0010001100101100100101101100111110001000010001001101010011111011
0010010001111100100100001000000011101101101011001011100010100000
0011001001111011000101100111010111001000111110111100011000101010
0010111010000110110011001000001001101000110010100011110111011100
0010011000100100110111110100011001101001110110011100010110111001
0010001000111100110111010100011111101101010111001110101010100110
0100010010010101111000001011101100011000101000011011110010010011
0010100010011101110011100001110010011110011100000101011110011101
0010001110011110111100001111111011101101110110000101100001111100
0100111011001111100011110011101111111000000100000101101000011001
0110000110100110010010001001100111101001111000000110000010110001
0010011001011110110110001000010110101100010001000010001101101100
0010111010011100110010110100101001101100011000111110110001010101
0010000001111011101110110111110101100010000100110111100001001100
0011001001111000000100110110010111100100000111011111001010111000
0010011000011110011110001110010101100001010011010010111010010111
0010011001101101000101100010010011101111011111001110000110001010
0010101101110101010111000010110000001101000101100101010110111101
0010001101111010111011001100010010011101110110111111000111011101
0011001101101000100011101010100011100101110100100000010110001110
0010001011111100110000110001100011100010010111001111100011100000
0010100100011111101110110111000000101010010110100110010010000101
0011010000100000000110110011100000101011100110000111101011100101
0010011001011111111110011000010111101100000001100011101101100010
0011100111000000011000010011100011100001000100010100001100001010
0011011000001011100110100111010011100001001001001010001000010011
0100000100101001111010111101110110010100001000011101011010110100
0010000101111110110111001010111011100111000011111011110001111111
0011011010100100000110101101111100101000011001011000101000000011
0010010101111100111111001001110110100101000011110010100010100111
0010111001000000011100101101011100010100110010101001110000100110
0010011001011100100110100001001111111111100110001010011000011111
0010010000001011111010001010010111101100010001100111101010100101
0010111010010100110010010100001001101000010010110010101111111101
0010011001101100010111011001011111111110000001110101100111101110
0010010111100001110101101001010010001100010011000101010100001000
0011000101101000001000110011111001110110101010100011011000101010
0010101100111101110101111101111011001110100000011011110010011111
0010010100101011111101011111101101101101101000100011111011000011
0010101110011101110000010101010111001110110101000000110001011000
0010100110111101100111101000010111111100001001000011110100110011
0010011000011111010111001010010110101100010001100010001101101100
0010001000110001110111010001011011000110000010110011000110100001
0011011111100000000000011111010011010001010001101110110011110000
0010101101011100111010010101000001101010010111110011001011110110
0011011001111011100111101101010010001000011011011000010000101010
0010001000111000010110101001001010101100010011001110011011101101
0011001100001111010111101110011001100101110011000000110001011100
0010010000011000110111001001011111100100001000000010101111101100
0101111011011111101111111100110000110100110101110111111000010011
0010001111110110100100001000011001110110100010110111110000000011
0010000010011010101100111111011111100101010001001111100100000011
0110110101011010010001110000011100100100001101001111111100010100
0011101100111000011000001110010001011101010110100101010010000001
0010010011010101110101101001001011110000100110001111100010000100
0000011001100110000111010011100110111101000110011010100110011110
0010010000000101000110101011010010111000000011100110101011000001
0010001101000110011111010000000010101100000101100011010100110111
0010000110110000100110101010010010111110110011110111110010010011
0000010011111111010000001111010111010001001010011011111010100100
0011010010011000011100011111010011100101000011000110101111001110
0011000101101110010101001001001001111101011011100101110111001011
0010001111100011011001110010100011000111100111100101111011111111
0100001001111000001111101100011111101111110111110011000101100000
0010011100110100101111010011010001101100110110101110100111111101
0010000100111110010110111100010010101110100111001010100011101001
0010100000100001000011010101101010010111110010000100000110110000
0010101000010011011010110111111100011010101011100010100000101100
0010011101111110000101011000000011101100110011000110100000101001
0010111010110110010111010001011001101000010110001000110000011010
0010111000000100101110010001000101101100110110100110101001110110
0010010111111100000110010101010101001100011111001111101000100110
0010111001000010011001010001111001100110000011110111011101010110
0010000000010000001011010010110101110001001010111010101111010011
0010011001111111010111001010010010101100110011000010000111101000
0010000001011100011100010001111110100110000011001010011110100100
0010101101110010100001011000001011100100100000000010001011000100
0010011101111110010111001000000111100101101011000010010011001111
0010001000110011110110101000010010000110000010001010001010101110
0010011000010111110010000001010100101100010000100010011100101000
0011101000100001010110101011111000001001001011100011010110110101
0010100100110011000100110110110010111001111100001110100001100111
1010100110111110000101001000110111110111101000111101010110010101
0010001111110110110001011001011010110101110111000111110110111010
0010010000000011101011010010100101111100101010100110101011100010
0010101110111100011100010000000000100110100111000001100100101110
0010100111101100100011100111101111000111001001111111011001001110
