0010000001110101001101101010010100011101110000110100111110100111
0010101011011011011100110000110010100111011111110110001111011111
0010000010000111111100001100010000010101010001100110011010110111
0010110100011000101010010001101011011110001110101110111100111001
0010010101110010110100010001100110111100101010110011110010100110
0010011101000111011001000110100110011100000000011001110110000011
1010101010111011010011111001010011010010010011101000000011100001
0010001100010110110111110100101100010011010110010101111101110111
0000000000111110000110110001110011101110000001001011010011111111
0010000111000000001010101001011000110011110000010111000110000111
0010100010000010111010100011110110010010000111010100000110001100
0010010101100011001000011011001111001101000011100101101001100110
0010011101100000000101111011100110001100010011001111010001011110
0011000100111000010000111111000101011010111101010100101111110001
0000000001011111001100010011100110010010101111110111101010101010
0010011000011110010110001010010110101100110011101000001101101000
0010000001100001001101101001110100011100010010100110101010110011
0010010000010111110010011101010111011011010010110101101001110110
0010001000110110111101111011011011111100010110101100000111100110
0010110000101010011100111000100100101011111100100011110101010110
0010001101000101011110001001010001111101011010100110111110110000
0010011001100110000101001110000110110100000000010011000000110001
0010101000011001010010010001101011000110110010110110010111111100
0010001000011000010110111001010100110101101100010001111100101000
0010111110101011101000111111011100011010000011100011111000110010
0010001110010000110010000111010101011000000010110011111100111101
0010100111011101001000011101010011001000011110010110100010010100
0010010000001001101010011000101111010010101010011000110011101001
0010111000011110101100010000000010001110000111101101011100001101
0010101011100000111011110011100101011100001000110110101111010111
0010100000000101011000001101001001110000011010011110111111111111
0010010010110100111010010100001001101010100110100011111011110001
0010110111101011110000110011000011010001010000000011111011100111
0010100110001011110101110111100111010011000000110111101111101001
0010100100101101001110110001100100010001110011011111100001111011
0010011000001100111000111001101111101110111010110010100001100000
0010001101110001010111101100110000010101001100100101111011100101
0010000100000000100011000110101101010011110100010001111000110010
0010100010111001001101100101101100111010100100110101110000110110
0010011010110011110111001001001111001110111000111110011010011110
0010001111110000011000011111010101100101001000001001010011000110
0010001100001000000110000000000111101110100011000111111010010110
0010001010000111000101001100000001110000011110011100100101010000
0010011101011001010110000001110011111111100011001010001011110110
0010010101111010111000111010100111100100100011001011110110001011
0010001101010000111111111001101011110111101101001010100010100011
0010000110000011000010100001010000010001000010010001100001010111
0010000010110000100111101010000001100011100011000011110111111000
0010100010100000110101010101111111000000110001110010011111110100
0010010000100100100100010001101001111110101111000011100010100010
0010010000101010001100010001100000100111000000100111111001010111
0010000011000111011100110001011000010110010110010100111010101111
0011010101000101111101000000010100010101001100010000110011011011
0010000110001001100110010011000111011100111010001111000000001110
0000000000011001100010100011010010110011110001010110110001110100
0010100111000011110110010000010111010100111010000010010001110111
0010101110001011110000110001010111111011000010010011000011111111
0010100000001101111111110100010101111000010010110110011110110111
0010101000101011100001111000101010000011110010001011010101001100
0010110001101010011100001100010110101110111110110010010101000001
1010010001000011100011011101101011111111110000110101100000110010
0010010000111110110000011110101111111011101000011100110101100111
0010000010111001101100111001011011000000011011001111001010011010
0000000000111111000101101110111000010000110000000101111010100010
0010111000010000011110001001010001111000011110110000010010010101
0010001111111100001011001000000011101111010001010011111111011111
0010001001101100101010110000110011100110000011010101100110010001
0011000010001000010100000011010010000111110001000110010111001001
0010101010011111111110000101010001111010010010011111110000110111
0010010101110111110111110000010110011111010011101110010011110110
1001100000000111111000110000010001111010101011010110110101000101
0010010010000111111110001001000001111001011011010011011010011001
0010100000000100101010010111010011110010111011010010110101111101
0010001101110100111111100000110001011101010110100100111010100100
0010101010010100110010010001001111110110001101100111110001100000
0010101010010100110010010001001111110110001101100111110001100000
0010111011110100110100111000110010100111100000000011110010111000
0010001101111000000010111101100010111011011101110101011011101010
0010001111011011011111010101100110101111000000010010111101100110
0010111100011001100001000110101110111110111001011111110111101010
0010001100011001101000111000000011011110001011110010000100100010
0011011111111111110100101010100011110010100010010101100010010001
0010001100110111110001011010000011111010100111101101101011011100
0010011111010111110101001001000010101101110010011111110011101101
0011101110001101011010010001001001101000000110110010111011110111
0010100010011000100100000100010001010010010001000110000111110110
0010001101101101010110111010100010000001011101001110001010000011
0010111000010011110110001000011111101100001100000111001101001100
0010100100000110111000001010010011110000011001000011101110110001
0010000101010111110100001000010011110000010001000011100110011000
0010100001000001110001001101111110111011100011100100001101101101
0011011100111110001110111110100001100101000001011001111010000011
0010101100001010010001001000101000001001010001000001011000111000
0010000100000110010100010101001011011010111011111110101111101011
0010111100011110010011011110001011101100010101110010000011111000
0100100011011000101110101011100111100100100001011111100010010101
0010101111110000011010110110000100010010111000100011101111110011
0010101011011111100110000100110011101110110101000101000111000110
0010011001000011110000011100000000110001010000100010010010110000
0010001010000101011011100101000100101100001110110010010000100100
0011111000111110000011101110010001000001010001010001101111001000
0010100111100000010000101101010101101000000000001101110101011010
0010011001001011001011010001001101100100101001000111111101010110
0010110001001001001000100000100101010000000000010101111110010000
0010101000101100111010110100010011100010000010010101111100000010
0011000001111111010010001000010010011111110010000100000001110110
0010001101111111011011111110110011100101010001001010010010010010
0010000111100111011101101000010001111101011010100110001010110111
0010000011100111011101101000010101011101010010100110001010110111
0000011001011111110010001000010010101110010011100010011111011000
0010000101001010011001011001000011101100000011000011001110110110
0010011001111000110110010010000111101110101111011010111010110100
0010010010010001101101001101001101111000001100000001111000110110
0010000010100001100111000100011111000010001101100011000001111000
0010101010001001101010010001001111011010001010011100111000110100
0010010110100110001000100101011100011101000010110101100000000100
0010000111000011100100000010010000010011110111010011000010100111
0010100011001000110001100110011111100011110011010011011101111001
0110000100101010011010110001100110110110110010011010011011001111
0010110001111010110110010001000011100011110011010000101011110111
0010100100010001101100010000000001101010110100101010010011111100
0010010000111000111000011000101010101010001111101011001101110000
0010000000111001010010100100010100010011010100110110111111010110
0011100111101101111100000011010001111111110011001000010111111100
0010111001010011111110011001111111010100101100010001000101101000
0010010111110011100100000000010001101010100101000110111011110111
0010001101111011011101110000100010101000010110001100111100000110
0010101101000011100000010001010011110111110011000010000010111010
0010111011010110111010010101001011101110110011110010010001110110
0011100101011101111000101110010011001001001010010100100010110100
0010100110011011010101000110001011111100000000101000000011100100
0010011100100111001001100110101101001001011111101101011001101100
0010011000110100110010010001000011101100010111001111101011111101
0010111001010111111110011000011111010100101100111000010111000000
0011010000011000011010010111100001100101000000100111001011001100
0010001101001011100000010001101111001110110011010000110110111101
0010011011101110010011010111110111010000011010010011011011110100
0010110111110011100010110010010011011100011111100110100100110101
0010010011111100100000000110000010001100011101011101101010100001
0011100111000111010101000100010111111111010010101110110011100110
0010100111000111111010010110100110110000000000000010111110110111
0010011011000011011011101000011110001000100000011001100100111011
0010010101101111011100000010010001111101001001000101011000101000
0010001101111100111110110001100111110101000010010011100010110111
0010100110010011110000110000000000011010011011101010010100110010
0010101101110011110111001010011011100100010010000000100111111001
0010011000011011110110001000010110101100010001100000001101111010
0010010101100001001111110011110000101010100000010011101110101011
0100000101110000100100111000100011101101100010001011010110101000
0011100111100011100101000010010011110010111000001100000010010110
0010000101100011100001000010110111111011110001001010100011011110
0010101010110111110111111011011011100110001110001101101111000100
0010001000001110010001100110011100001011000010100100001011001010
0010001111110000000111110111000110100101100011000100011010000000
0010101101110011010111110100111000010010010111100100111001100010
0010100110010001111000000000000011100011110111000010000110110010
0010100101111001110110010001110011010100110011000010000001110001
0010011101001010000101001000010101100110111011000000010001101011
0011110011111011111100100011000111111000100101010111101010110101
0011001100000111000101011000010000100100110011011101101001010111
0010001100110111011110000100110001101100010011111110111100000010
0010000011100011000011000011111111111101111010001111000110001100
0000000111000110001100000000001010110001011001010011101101001001
0010010111000010101000110110000010111000101100010101000011100000
0010110011000100111010000011010001011010100001110010000111110100
0010010000000010101010000000111110110011001100000000010100001011
0010000000111000001111110111100000101010110010010100110010000000
0010011101111100110110011001100111100100000011011011100010110101
0011010011000001001111000011111000101011101000011001100010100011
0010010101110010101000011001100111100000000000000010001011000110
0010110000001110010100101110010011111000100101101000000111111110
0010000100101011011011111100010000000110100110111001011111111111
0011111010100101001101110101100100110000000101111010011010001111
0010000110001100111010011101010111101100111000000000001010100100
0010000110000110001100000010000010010011111010010011101011100010
0000000101010000010011100101110110010111000111011000001000011100
0010001010110011110011101001010010000000001000000001100011100001
0010001000010100110110000000010011101000110010010010110110110101
0010101010101001110111100000010011000110110011001111000111010100
0010011001010100110100011101001011101001100111100010100000100100
0010011011100100110101001000000011101101100010000010110010111000
0010001111000010000010010100000101100000011011011010101110110010
0010111011010111111110001010011111100100010011100010001111110101
0010110011110000111010010101011001011100101110110010000110111101
0010111010010100111010010101001001101000010110110010111011111101
0100101010001101110011010100001011001000111110000100110011001111
0010011001000011011010011010000111101100010011100000011111100010
0010100010110001110111101001011011000010001100001111000110011100
0010100010110001110111101001011011000010001100001111000110011100
0010010111100000000011100101010100011101000010101100110011000100
0011010111100010100100110010100011110011010111001011101010110001
0010101111011101011110010001111001101010010111110010110011110111
0000010000111000001111100000110000010010001111000111111001000000
0010011010110101110010011111100001010010100100010100110011110011
0100101101111100110110010000000111100100011100101111100111000110
0010011000100111110111101110000110111100100101110010111101101000
0010011011011111101110010110110011111001001100111001111110100111
0010000101111101001111101010100100010010010111011101111000100111
0010001111111000001100011011001010100001011010010011101110000110
0010111011000111000011000001011101100100001101101110100101010110
0010101010100100011010110000001001101001000110100010111010110110
0010010011111011000010100000000001001110100101000111101011010111
0010010111110000010011011101000111111101001000000111100110000101
0010011101111000011110110001010111101101110000011010111010101001
0010101011001001111110010001011001100110110001010010111011110110
0101010001111011111000101111110111011101111010011001111010001011
1011110110111000111110100111001010101001110011100011100100111011
0010001000101000001110110000100111101110100011001011101001111001
0110100000100101010111000110011010000111001100110101110101011000
0010001000111000101110010011110011101110000011110011100111101100
0010000010110111000110011110110001101001100010000101000010110110
0010100010110001110111101001011011000010001100001101101101001000
0011011011001011111100010111001111001001110000010010011101110110
0010000101111101110110001100100111101111111001101110100000101100
0010101011001111011100001001010111111100110010000110011010111111
0010110010101010111110010000000001101011110010000010110011110110
0010100010011100111000000100011011100010000010100010100101100101
0010010001111000111011010101000101111001110011010110111110010001
0010000000110110110010111110010010000001111111101101101101010010
0010111011011111101110010101110101101100110101111101111001111011
0010011111111001000110100111010101101000110100001101110100100000
0010001000001101111110111010100010000100111010001100100011111010
0010101010010101110010010001001011010010101100011111101011011100
0010010111000010100111010010000011100011110001100111000011011110
0100100111010110101000010011000001111001110011000010100011110101
0010100011010010101001011001011001010110001101100111111101100100
0010000111011001111111001001010000000100111101011110100100100110
0010001001001001111010010001100011001011001000011111000000110111
0010011001100110000001001001010101011000100010010111111010101110
0010011001111000110110111000010111110101101100010010111010010100
0011111011111111111111111100110010101100110101110110111011010010
0010010101111100111000011101100111100110001000011011101000000011
0010011001011111101110011011011101101100000100100111101101101100
0010010010010000101110010100100001101110000110001011001110100000
0010100101111000011101110000110011101100001110111010110110111101
0010001101111011110001010011000010000001000000100011111011010111
0100010100101100111011011101000011111001011000010011001100001110
0010000011111000000010111100011100011000110000100100001010111000
0010100010110001110111101001011011000010001100001101101101001000
0010101010000010101110001010010111110011101000001010100011110100
0011010101011001000001000101111000010100011000100110100011100110
0010011110001010100000011010010100110000101000010111110100110101
0010001100111110111111001100110110100110010010010001000011100100
1010110010000111100001100010000010010010011001011011011011000110
0010001100111111001111101000010001100000110001011101111110101011
0010101110110001110110001010010111000000001100000001100110110001
0010001010000010001001011000110001011110011000011000001011110100
0010100011100001001111101001011101101110010110001110000110100010
0010100011000101011000100001010100010110110010011101101011101000
0010001011001101001010000111110101100010000001110111111100000011
0010011100000000001111111011000111101110110100101110111001010111
0010011000011110110100001001011110101100010101100010001101100000
0010011110100010100011010111001001110001001000110110110010100011
0010110000010110000010001100001010100011000010000011010000110000
0011101101100010100111001000010011101111110011001010010011000110
0011001111000010001110011000110111101110110011000010100101110001
0010011101100100000110010010100010000100000010000001010010001101
0010010010000100000010001100001000110001001010010011110000101100
0010111000000001101010010001001111011110101010011010011100101011
0010000111100111010001000000000101111101111000100111010011110110
0010000100011011010110100100010101100010010000100101101100100010
0110011010000100011111001001111101100001111011011011001010000101
0010011001000010001011011000000101100110101111100111111001110011
0010000111001010110000001010010011111001110000000010100011100110
0010010100000001110000001010000110000111111011100000010110000000
0010010010010011011100011001001111001111110010010111100110001001
0010011010111100000010010101000001100000010010000110001100111101
0010000001110101011101111000110011100101000110101010001100100110
0010011100111110000110010010110001100100110011001111111000100001
0010100010000011000100110001111110010111111010111101100100100001
0011101111100101011011100110010001101001010010100110010110110111
0010101000010001101110010101101010101000011101111010100010110110
0010001110001011111000010011101111011110110110010011011000101100
0010011001011111110111011000010110101101110001101010101100101100
0010000111100101111011110101110001001000011010000100011110111100
0010001101111010001101010001111110100111000011100010010110110110
0010101010000011100011010001001011111010000100000001110010011101
0010101101111001111010011101100111110110001000100011100010100110
0011000001101001011110000010110011001101000000010010011110010010
0010001001011101111100011010110011001001111010000110000010110010
0010001101111100011100110000110011101110000011100011100010101011
0010010100001000010010011001100001110001001100000011010110101101
0110011000001011010110100101000111100101001001110110011100000000
0010011001011110011110001110000011010101110101000110111101100011
0010101101110000010111001010111001000111000100100100010100000000
0010010001001011111110001111000100001111010011010011010101001000
0011000110001001100010001000110011111010100011000111101001111100
0001011101111011100100001110001010111000111001110000110101111011
0010000100011000101110010000000011110101010011111010001010100101
0010001100101110101010101010000011000001001010000111101110011100
0010100111101101101010100111000111110001000000011011111100100011
0010010000111100100100011010100111101110101111001011001101101000
0010001000011111001111000100010001101101010001001111100101000110
0011001000101110111110110000010101110110101110010100111010010000
0010000100111100110110110000000101100100100010011100101110010100
0010000101111001011100001010110011011001111000000010000011000110
0011010000000010001010000000100101101100000110110011010010010001
0010110010001001011001000000101110100011101001001101110110110000
0010111011010011010100100010011001001111010110010010100110111101
0010011001001101001000010011101111110111001001000111011011000100
0010011001001101000010011010101011110111100010000111011111000101
0011001101100110101110010001100000111110110001000010000010110111
0010101101110001010111100010111000000111000111101100010100001001
0010011000001111011110010111100001100000110010000101111110000011
0010101011000110010000000001010010011001010010110110110010110111
0010010101010111111100011000111010101101001000001010110011111101
0010000101100001000010000100010001101110001010101000110110111001
0010100111001011110110000111010111011000011001010101100010110100
0010000101100001111100000010110011100110010011111010000111101101
0010000111110011000110110110010011100111000001010001000010101001
0010000000111000110100110001010111100110100100000011100010110001
0010000100011001111100010001101101001110010000101001100011010100
0011001111000011111010010111010011010011000010010000100111010111
0010111001110101101100011001000110010100000010111011100010000111
0010111000001110001001000110100011100010010011010110110011100101
0010001101111110011110010000000011101000110010000010001010010011
0010101101110011010111000010010011100111110011000010000011010100
0010111000000110110110010000010001101001110010000111111011011001
0010000011110111011100111110010101001100010010000110000010110011
0010110000001101110011010100101111110011101011011101011101111100
0010001100111000110111101000010101110111101111001010010011110100
0010001001011000011110010011110111100000100000110111110110000101
0010101101110001010111101000111011000111000111000110010011001100
0010011011001001111000011110001011011010100000100101100000010110
0010111001011111110110011000010010101111010101101010011100011000
0010011000010000111110110100001101111000010110111111111100110100
0010011011111000111000110001100011101010110011010101100010110101
0010001111101110010011001000010011101001010010010010011011110100
0110000001011001101010010001101111011000011000111101100010100111
0010011010000100100010000111000111011010001100110000011110110101
0010100101010101101110000000010011010011110101010010010010110100
0010000101011100111110011100110111100100000011011111110110000100
0010011000100011101100011011001010001000001011000101010000111010
0010101100100011010011010010010011010111110001000010110011110111
0010010101111000111100011001100010110111100000001010110010110110
0010010101110001101100011010100111100100111110000010001010001011
0010001110100011011000110101000001001011000001110100001111100110
0000101001110011000111101010010010010101100011001100100001110010
0010001111101011111001011001101011011010000010000101010000111011
0010011010010011001110011110110001101111000001000011010111110000
0011111000111011111010011001010010100101010010100100001110101000
0010010101111000101100010000100111101110000011111011101010110101
0011000100101110101010100110000001000101000010010100111110010000
0011001100011010011000100001110010001011011011101010000100010011
0011010001010111011010001000100100111111011110011111011100001100
0010011001011111111010001010110100101100011001000011011101011100
0010000000010101000011101111111111011010101000001001111000111101
0010011000011111110110001010010110101100010001100010001101101000
0010100011100001101010010100001011001010101110101100110010111011
0010001001101000001100010001100011100110101011011111100010100001
0010000000001111110110011010000110101000010001100010100001101000
0010010001000110111101001001110100010110000111010001001000000100
0010010001111100110100111000010111111111011000010111101010000111
0010011001111100111100010001100111100100001110110111101110100001
0011101111100111101111110010010001110101010001000010010011110100
0000100010000010101000011000100010010010011110100000110100100010
0010011000111111111100100101001001100110001011110101100010000100
0010001001101001011110010001110010110110001011010010111110110101
0010001101111100011100011000100010001000111010000001111001000010
0010110010011100111010010101001010111010110110111000111000111110
0010000001111100110100001000010011101110101011001011100010111000
0011001100111110011110011111000001100101000000100011001010010011
0010101100000001111000011011000111011111110011000010001011110010
0010110010010111100110101010110011000010011001011101111100010001
1010100010111011000101101001110011110110100000111101111111110101
0010010111011001000100001101011111000100000000001001100100000101
0011000111000001101100100001010111011000110001111001100011110111
0010101000000001100010010001100011011110001111011011101000100111
0011101100011001001100110000110111110110101000011101110011100101
0010001101101011011000111001001111001000101101100101111100010010
0010011001101100001100010001110010000110000010010000010000101110
0010001101111111011111001110110011101101010000001100111010110001
0010000101001111101110010110000111101100100100110110101011010010
0010011000010110111110011000010101101100010111100010101001110110
0010000111001100010011010111000110010001001100010010111010110111
0011001111111011011111111110000001000101000001000010011111110100
0010101100111011001111100110100101101000011111000111101100001001
0010101000110011100011001011001111001000100000101010110001000101
0010111100111111110111100000110010101000010110101110011101111100
0010011001010010000101001001011010100101001011000010110010110110
0010001100011001111110000011110001010011111010010110100011010110
0010001010100010111101101111000101111000100000110010111001011011
0010000111011100111100011010110111011000010010000100010110100101
0010001100101000111000010000100011111110110011010101100101100011
0010101001000111110000011001111110101000000001000100011101101100
0010101101110001010111100010111100000110000111100111100010100111
0010100000101000010101011101011111010010010100011011010011011110
0010101010100101100100100001110001010000000100101111101011011111
0011011010000001011011110000101001111010000111110111110011010000
0011100001000011100010000000010011010111100010000010000001110110
0010001111011010010111000001010010100011110111010110100000110100
0010000111100111011010010010000101100010000011000101001010111010
0010011001011110110010011000010110101100011001000010101101000100
0010010100011011110010010010010001001100011101100110111100101001
0010011000010111111110001000010111100101010000001011010111110010
0010101110111011011101101100100111101111101000100111111100110101
0010100111100010011010110011110001110011101001000010101111100110
0010001110101010010110010110000000010000000000001010111011111101
0010011000001011011100011000010110101110000001100011101101100010
0010111000001110001101000100011011100100110110010010000100100111
0010001000101011000101011000010001100011110011000001001101111001
0010000010000110110010000100111111100110111001010001000111010110
0010110000100011011011111010101111101010101000000111010110010100
0010001000010111101011100100010000111000010110110111111010111111
0010010010011000111010001110001001101001000111100110110010011100
0010000101110011111111111011100011000010111000100000110011100110
0010001101111110010111001000010011101101110011000010000011111100
0010001101000011010101100000110100010101000001010110111001010100
0010000111101001111001011001101101011010010111000101011000000010
0010001100101011010001110001110011000111110110101010010100101010
0010100010000011100000010010001001111011101011000110010100111010
0011000101010111001010101101010000110001111010010000101110001101
0010000111111110110001000000010111100101110001011111100010011100
0010000001011000101111100100110000010001010101110110011001110101
0010001101111010011111010000010010101110000011000010010000011001
0010001000010000100111011111001001100010000010010101110110110101
0010000100100100111110011010101101111010111010010111110011100011
0010100110100011010011101011001011011010001100001111010110111100
0010101011000101100100011001010001111101111110100111101101010110
0010001110010011110010010001010010100100110011100100101110101100
0010100010110001110101100001011011100010000101001110000110111100
0010101000001101111010010001001101111110010010111110011100011011
0010001000101010001011110001100010010001001110110010111111110111
0011001011101111010000001001010000101101111011000110000001111101
0010100111101101101000100101110101011000100000000001111100110011
0010100110111011010101101000010111001100011100000111100011001101
0000000100011010000110100001110010110011001101110110001010111100
0000100101000111110101010010011110011110011011101001001110100101
0010101010110100111010110000010001000101010111000100001101110001
0010001101010110010100111000000010001100111111000101111101000110
0010011000001111110110101000000100001101011001110001010101100100
0010010001001111110100011000010101100111010011000011101101100110
0010000101101111100101000100000111100100110011110101000010100110
0010010110110001000101100110011111100111111111101111010110010100
0010011000011001000101101010010010100000011000000101000100000000
0010100100010101111001011010000100010010010110100101111111001100
0011110110100111011101001100110101111110101110100101011110110111
0010001101011101010110011001010111001100001001000100001001111010
0010000110100100011100000001000000010101111000010010101000000010
0010111000011111000110011101110010101100010000000111011100101001
0010011110111111010111111100010110111101000011100010010111110100
0010011001000011110110001000011010111101000001101001001011001010
0010011001011111110100011000110110101110000101101011001101101000
0010101001010101011110000001100110101100010100011011000000010101
0010110110011111100110011010011011100010000011100010001111100000
0010001100011011110010000001010011000100100000000001000001110111
0010101000011110111010011000010111101000011111101011011111110100
0010101100101010011000011110011001100000111110101010000111001001
0010010010010001000110001001011111100100001101001111000111000000
0011111111100110001011111000000011100010011001111001111111011100
0011111111100110001011111000000011100010011001111001111111011100
0010111001110110101101011000110011110100110110100110011010110001
0010110011001001101100010000101100101111110000100010101011100000
0010100011100101110011101101000101110111000011000110001110100000
0010010110000000111100111111011100111001000010000101101110101101
0010000010001001111010000011001110101110111011100011101111001101
0010001100111111010111000001010010111101011010000010001000101001
0011111110011000100100001111001001100000000001101011110011001011
0011000101010011111110011100000001110111000001010000000011100100
0010011001010010010011001001010101101100010101000111101101100010
0010100110111011000000000000110111100011100011000110110011001110
0010111001011111111110010000000010101000010010110010010100101100
0010000000000111000101001010000000110111010111100010000010000000
0010001100111001011010010001101011001110111010011111110011101101
0010011000011111111110011010010110101100010001100110101111100000
0011010111000001100000011010010010110010111110000001010011100110
0010010000011110010010000000010000111100010001100011001101111100
0010011001000011101110011000010101101100000101100111101101100010
0010011001000011101110011000010101101100000101100111101101100010
0010010101101011011111010010100000101110000111101111011000101010
0010001001101011001101111000100001100000100010001101101111010010
1010000010101011000101010111101101101111011000000111011100000000
0010000101001000111110110001000011001000011100111010010000010101
0110010011111100001010110101010101010000101010000100100101011100
0010011000001011110110001010011101101110010001100010001101001001
0010011001001111000110001010010110101100000000100011001111101100
0010101000011010111000111011111001100100110000011001111110010001
0010011001111111101100111011110000111100011000000100001101001010
0010001111111000001000010001101101101110010011010001101010101000
0010011001111011111101001010010111101100010001100011100111100000
0010100011101011100101000110010111110100111010011011010010010011
0100000110111011011100101000010011110000110000010001100110111101
0010101101011000100100010000110011110110100011000010100000111011
0010010111000000000100000001010101110100010000000011100011010001
0010000101010111110110001010010110101110110011100010000101101001
0010001101011111010110000000010011101100011001000010001001101100
0010011001000111011000001001010100100100001001000011111101000100
0011010010001001110001001010101101101010100011000111100001001000
0010010111000111100101000101010100011111000010100101101110101011
0010100110110011110101101001010111110110001100101100110010110001
0011111011010011100100100000010011010000000001000011000011010010
0010011110001010110011010110011010010011010100101111000100001001
0010011010110111110111001100110100101110110101100110111100110000
0010000010110111110010000001101000011000011010010110101110101101
0010100001011001100011111011100010000000000101011001101110000101
0010001000011111110010011001010110011110010001000111001101101010
0010110000010111100011010100011000010111001111110000100101101001
0010100111111110111010110100111110101110010010001011100111000000
0010011000011111110010011110111010101100010000000010001101101001
0010000000010111111001011010100000001110000111100111111110100010
0010110111111011010001001000110111110111001100011001110010010101
0010011000000111111100111001001001001100011011010010101101101000
0010100111101111011110110110000011101001000000111000110100100101
0010000101110011010100101000010010100001110011000010000010001010
0010011000000110000110110000000101000010111101001110111000011000
0010000000011100000010100000110010010010011101110110011001100001
0010110111000111100100000111010100110110100001110011010000110111
0011000101111110000101101000110011110110101110101000010110111101
0010001000101100110000000100100010100100001000110110111110110100
0010011000011111110110001010010110101100010001100010001101101000
0010110010010000100101001101111011100011110000111011100001110101
0010100110111010001000110000111101000011011101000001011011001011
0010010000010011110111001000010111101100000101100111001111011000
0010111001011111110110001010010111101100011101100110011101111000
0010000101100011101111000001110111110011001000000111001011110010
0010101011010000010110100001111001100000010111010011110010100010
0011111101111111011111010000110010101111010110101111010001011110
0010011000011111110110001010010111101100110011100010001101101000
0110100010011000001001101111001110010010000000100101001100100000
0011100011101010111010111001110111111110111011110111110000010111
0010101000001001100010010100101111100100001101010011100111000100
0010000000001111001111110010001000011011001111110100100110100101
0010010101001011100000001000010110100101000011000010000111100100
0010101000001001101010010001101111011110101010011111100001100111
0010010001000011101010011000010101101100000011100110101001101010
0010011111101001100110001101010010001001001000000110110010000110
0010010001100100101100010001100101101100001101000111101010000011
0010100000110101111111111011010001010101010010100000001000110111
0010011000110011011010111010010010111001010100100010011101011100
0010100000010000111011101001011011100110001101000001101111110101
0010001110001100001011100000110101111111001110101100101000100100
0010001101111001010111101010010011100011000000000011000011010001
0010001101111100010100010001110010100110000011110011100010101011
0010000111111101000111011100110101001100111000001110000110011000
0010011000011111110110001010010111101100110011100010001001101000
0010011111101001110110110101000000111011010011010011110110100100
0010010000010001111101010011011011110010011111100000111000110110
0010101000011010110010100110010101100000011010101110011100101010
0010011000010111100100001110010110101101110011101010011110101010
0111100001010001111010101011000111010000001000010111000010010101
0010011001011111110110011000010100101100010001100010101101100000
0010011011001100111111110111000001111000110010010010110010110110
0010000100001001101010111001101111011111101110010000001010111111
0010011000000111100010001010010010100101000001100010001001111110
0010100010011011011111000101110101101010000100000000000011010000
0010010100100110010110110111000101100111001100001110010110011101
0001001000100000000001000001000001100001001010000000000100000010
0010010000001011101100111000010111101110011011110010000101000010
0010011100101110010111000010100001101101110011000110100011111101
0010010111110111101101011110111000111010101111100010110100101010
0010011001001000011001111001101111100110010101011111111100001101
0010111001000010001001011001011101100100001101000111111101010110
0010010001111100101100010001100110100110001010111011101010100001
0010101001000011001100111011111101000110011000101011010001011011
0010011000001011011001011011001110001110000011100111101100100010
0000011011010100110000010000100011100100101111011111101011110101
0010001101111101111100111010100000001000111110000100111001000000
0010101000001111001110110000110101000110100010011111101101111110
0010100010001001001000000000101100110011111101100011110111110010
0010011001100011110111111010110101101100011010101101111011101011
0010011001011111101110011000010111101100010101100011001101100010
0011111000011111011010110001010010101011010111110000000100101001
0000000001110110010010000110001110010001111111110100111000000011
0010011001011110111010011001010111100100001001000011111101000110
0010011001110111110110101010001010001100001101100010001000000011
0000011000111011010110101110010010111010000001100010100000101101
0010011101111100111010011101000011101101010010010010110010110110
0010011000011111110110001010010110101100010001100010001101101000
0010111010100110000000001101001101101010110100000001110101000001
0010000100111000110011101010100001101101111011100000000011111101
0010011110001011111000001111001001111111100011100101111000111010
0010011001110010001110001000111101100101001000100111111001000010
0010000101011100101010010000110111100101111001011010000011011111
0010100001001110100100001000010111100101110001000010000101101110
0010010000110001001011100010100011110011100101010111011011110101
0011001111101011011111111100010000111101010010111010111111110110
0010011000010110110010011001010011101100010101100010011101111110
0010000101111001011101111000000100011000110101000111111001100011
00
0010111011011010111100010101111111101110110111110010001101100000
0010010001101011011111010000100101101110100010000101101011110010
0010010001111100100100001000000010101101101011011011100010100000
0010111000001111010110111011011100101100000001000010001100011010
0110101110100010110100110000000010000110110011001111111111010100
1000101100001110001010011000001101111111111001111001001011100011
0010101101110101011111011000000001000101110011001101111001000001
0010011100100110000111110011111001100100010011010001001010010001
0010100010110001110111100000010011010011011100000110000010011100
0010011100111000111010011100100011111101101011011011011011110101
0110010111101010010111011000100011001001000010010011001010000111
0011111010011101101111110101100000111100010101110110111100010111
0010000111011111111111001001011111101100010100011010100001111000
0010001101111001010100111110100110101001001110000101100110000110
0010011100111100000101001101011100001101010011101110101011001100
0010101100100111100010110111001011001100011010000100110110011000
0000111010100111000111110011111000111000000100001000001100011011
0010101111001011110000101101001100001010010001011001001010101010
0010011101100100101010101000111001010111000010011011111000000011
0010011010011011100010001100010010001001011100011100010000000100
0011110011001101100000100000000111011000101000000101100000010001
0010001101111100111110110001110001011101010110100111000111101011
0010001101111010010101011000011011100101110011000011001001111100
0010001001110110000111111011010010101100010011000011011101101100
0010010000010000011110111000110000000001101101011110011000011001
00
0011100111100111110111001010010011100001110011000010000011110110
0010011000010100101000011110010000001010010110010000110110000100
0010111100110101101000111100000100001010011110110000110000010110
0010011010001010110100100000011110100000010000110000011001100000
0010010000111000100110100000100010001011011111000111011000100001
0010101010011011011110010000111101001100110101000010110001111010
0011011110111011111000011110001111111011101011100101010000101000
0000000000011010000101010000010010100011000011110010011100100000
0000111010000011000111110011110000101000000100000000001100001010
0010011001010011101010001011110101101101101010011100110011101100
0010011001100010011111011000010001010110101111001001011011111000
0010001100111110010110000000110001100100110011011110100110001100
0010111101000010000001011001011101101100001101000111111101111110
0010001111110000101010010010010011111011100100011010100010110001
0010111100111101011110111011110100001001010011000100011111100000
0010011001010111111110001000000100101100000001100110101101101000
0010100000010101110110001000010010000010010100100110001000111100
0010011000011011111000001010011101101100001001100110101101101000
0010001101111011111000001011001111111011110011111110101101101000
0110001111111010110100010100000011100111000100000000110010001000
0010001101100010100011001010010111010111111111001110011011110011
0010001001001000101000010001100111100110001011010011110000010010
0010011110010100010011101010001001101000011110110001011010001011
0010001111011101010010000111010101011000010010100110011010110111
0010011101100010001110010010100001100101000000000010000001011100
0010100010110001100111001001011011000110001100001111001010000100
0010011100101100111000011111010110101100010011010010011001111101
0010000000010101000101000110111110010010010111010101100010101100
0010001100010011000110001010010000100100000011100010101100101100
0010100110111101110111000100110101000110010100001111000110001100
0010011000011110100110001010010111101100011001100011101101101000
0010011110110110010111001001010011101100110011000010000011111011
0100101011001101100011010000101111010000001100000101111000011000
0010110010010101110110001101001011101000001110011111110010111100
0010100000000101011110010001000000101001111111010001010111110010
0010001001111110011111110101010101111110010010101110000001101110
0010010000000001010101001111001110111111100111111010101101101100
0010100110010010100110010100000001100001110001001010011011111000
0010111001111101111100101010100010001001111100000111110100010010
0010111010000100001010010001100001100001000100100101101001111101
0010001110111011111010010111000000010000000010110010111011111101
0010001101111110010111001000010011101101110011000010000011111100
0010001010001001010110000001100111100101100010100011011010000011
0011110011000001101101111001010011011011010100100001111100110110
0010110010001110110010010101101011101000010111100010011111111000
0010101110011000111010100001011001101110010111101110011111101010
0010001000011011001010111111100011010000011101111001010001110011
0010000110011000111100111000110011111000110111101010010010110101
0010101010000101100010000101011001101010110011010010000101100101
0100010100011010101011111111110110000111010001111100111100010011
0010011000011000101011111101111111011110101011110010010100100001
0010011001010111100110001010010110101100010001000011011101101000
0010000101011000011010010101010110101011111101011011011110011000
0010100011101110011111001000010011111101110011100110000011111101
0010010101001001101100010001111010100111110001001010100111100110
0010111110010111111111001100001001100101010010101110100011101111
0010010000010010000011111010001101010110010001000100111001001011
0010110011010000100011100010010001010011100001010010110001010110
0010111011011100001110000001010101001000010011010110110001111111
0010011000000111000010101110010110000100010001000100000101100100
0010011001011111011010011011010010101100010101100111101101111000
0010110100111101110000000001001000101001110001100011100011101011
0011001110111010000101101000110011110110100101101101010110110101
0010010001100011001101110001010101111100000110100111111011100111
0011001111101011011011110111000000010001000000010010111111110111
0111011111010101101001000100110011111110101000101001110010111011
0010011111101011011001111111100000100000100001110011011111001111
0010011101110101011111011010000001001101110011001110000010111001
0010111010010010111011000110001001111000010100110110101111011101
0010011010010010110001011001011011010011010011111101101101110001
0011111111010011110010000101000110000000011000010011101010011110
0010000010010110010110001101011011100000010010001011010011111101
0010001110000110110110011010010010000011100110101000111100111001
0010011000011111110110001110000100101100010011110010001100101001
0010110101010111100101000110000100110100111011110010010010101011
0011111001010100111000110100100001101000000111111011111111111101
1110000111111111000100000101001010101000010111000011001100011001
0010101110100111000011011000010001100101110010100101001011110011
0010000101111100011100110001110111100110000011110011101010100011
0010111111000100100100000010110100110000101000000111010000000011
0010111011010100100110010101000001001000000111010011111110110101
0010111110000011111010010101101110101010011100111111111111010101
0010101010110100110111001001011011101000010110001111000011111100
0010000101111101111100111001100010000000111100001111110110000110
0010011110110100111000011100011011111000110110100000110000111100
0011011110011010011010110110110000101111010001101001000111011000
0010001101111111110110000001110111100100101010000110110100011001
0000100100001111101000010001100011010101111010001111001101101111
0010101010010111111000011001001010100111100001101110000110001011
0010000001111001111101101011010110100111010000101010110010010000
0010100010010100110000010101011010111011010011110100101111100101
0010110111100101100010000110100100110101000010000111011010000011
0010110100011111100011011100010101001100010111010010011010011001
0010001010101111111101011001001101101011010110101110010001110000
0010111110010111111001010011100000111000110100101101000011001100
0100010101011101001001000101010000010001111000011110100110000111
0010011110110110001010011101000001100100010011000111111011111001
0010011111011100010110000001110010101010010011110111111110110011
1011100110111011000101101000110111110110101100111101010110010101
0011111010010110011011000110110000101001010100101111010011111101
0010001011111101010111111011110011000000011110000111011111010100
0011001101111101011111110000100001101000110110101100111000001000
0010011011011110110010111011000011101000110011110000110010110100
0010111000101011101010110001101001110010101110011101101011110101
0010111110010011101000110100010011100100000000001001010100111100
0010000111111101010111000010010001001101010111100111000010111100
0010111010000001100110001101010001111101101101100010101011110100
0010110000000001100100100010111011000011001100001101100000011100
0010101001011010111110010001111111101110110011010010000001100100
0010111010110100101000011110001111111010111110010011010011101101
0010001101011010011100010001101101001011010010110010100011100110
0010010101111100111010011101100011110101000001111011011110000011
0010010010010100000110000001001001000000011010111010011110101100
0010100101000011100110000010000010101100011011110010010000100011
0010101000110001010111110110111000101011000111100100110000101100
0011110110010110011000001011100001111001000111101111101000001100
0010010010011011001000111111100000000101010101110101001110100000
0010010000111000011000110011101010110100010101010001111011100011
0010111011101101000011010001010111001100001011001011101011100011
0010010111100111011010011111001101011010000011100100011000101010
0010010101110111010010001001001001011001000011100100011010111000
0110100101111000010001110000110110100111101100001111101110010001
0010011000011000000011000001111001100001010101000110100010100100
0010110110101011010001010111010001001001010110010110110110011000
0010101100111111011110001010110010001000000111100001011101111000
0011100010100000011110010100100111101100110000111111011011011101
0010100110001011100101001010010011110110101001111000010011010111
0010000111111011110010001001010111110000000000000011100010111100
0010010111111111111010001110011011011001000000101000001100111001
0010101001111000101100010000100010101010101111010111111110100001
0010011000011110111110011010010111100100000001000011011101101000
0010001101110110011001111110100000111010110101000001011010001011
0010011101000001111010011110011101101101101000000010000011000101
0010000000110110110000101001001111111010001110011000111101100010
0010100000111101010100010001000011101101110101110101000010111001
0010111001001101001000110000101000101011001110000110111001001010
0011101010110101001100001001000111000001111111111101101001101011
0010001101111100111111011000000001101000110011111111000011111101
0011000000011101001000000110110110110011011100101111000011001101
0010000010110011010111101000010011100111000100001111000111011100
0001010111110000001110111111100001100101000000011001111010101011
0010001101011001001000110100100011001000011010001000001010001010
0010011100111011100111011100010010101000111111001000000010110100
0100000101100000110100110001010111010111010011000111000110011100
0010010100111110110100110010010100110000101110110100000011010010
0100111111111100101110110110100011101001110011110101111111110011
0010110111111011110110000110010101111101010000101010010011101100
0010100010100110100000110000011011100011011010011000010110100101
0010001110101011111000011011001011011011100011100101011000101010
0011100000011110111111011100010011011101111111001001000010100011
0010000101111100110100010000110011100111100011000010000010110110
1101000111001111110010000101010110110001000000010011100011110111
0010010111011111100100001100011000111100100011100110000000101000
0010011001000011101110011000010101101100000101100111101101100010
0010101010001000001010001001100001100011001101001101111110101010
0000000100110000001110110000100010110011111101111101001001101100
0010010011000101001010000111011010010011111101101100111101110000
0010001101111100111110001000000111111101100011010011111011010111
0010001101111100111110001000000111111101100011010011111011010111
0101111011011111101111111100110000110100110101110111111000010011
0010100010001100001000000000111100100011101101001100101000100100
0011110011111110001000010000100011001101101111101111101001101101
0010110000011001100101010001110110101100110001100010001100101000
0010101110110100110110011001001001100001010110110111110000110111
0010101010110101110011111001001011000010010100001111100011011100
0010011111101010000100011011000100100011000010100010100001111110
0010000100110110110001110111100001000011111111001110111010000000
0010011101110000110110010000100010000100010101001111110110011101
0010001110001100001101001001001001111101011010000011101010101101
0010011001011110110100011000010110100100010001100110001101011000
0010001110101001111101110011001101011011010011101010001001011010
0011010010111000101100011111001011100101000001001011100000001111
0010010001011000100110010000100111101110100111000111101010100011
0010001101011000010011010001100010001110000111000111100010101011
0010111011101101111010011101110111011100011001011001111010001011
0110010101011100000010111110011011001110101101000100101101110000
0010100110000110101100000010010001010010111011100011001110101000
0010011001010111110110001000010110101110110001100110001101101010
0010001000100001000110010011001111001100000011100111000110100000
0010001000100011000010011011101110101100000011100111111100100000
0010011000010010110100010110000010101000101001001000100110111100
0010000101011111110011001000010110101100010001011010000100001101
0010001100111011110101101000010011110101100001000010101011110100
0010100111000010110000100001010111100010110011000010011111110111
0010010110110011110000000110001011011011101011100100100000101000
0011111111110001111000111110010010111010011011100000110011101001
0010011000000111110001011000011111100100000001000011001101111100
0010001001011101011101111000000001001100111011000111011101010000
0010010000011011011111000110000011110101100011100110100000110000
0010100101101011111000000001011001100010010010001101011000111100
0010001011111010010111110000010000010010101111100101011111010010
0010110010010110100100011011011011011011011010111111101110100011
0010000111110100101010010001011101101110000011111011100000100000
0010010101111100111100010001100111100110001011011011101010100001
0100010101001011000100001000111101100100010100000011011100111110
0010011000000100111010010001001001101000010011010110111111111101
0010111101111010010110111000100111100111000110100110110110111110
0010011101110000011011110110001100011100000010000001111110111001
1010010100011000110010111110100000101100111011111000011100010101
0010011000011110000001001001010100000110011011000010110001110110
0010100010011111010010101011101010101110100001101000001101101000
0010110101111110111100000001111000101111011100000010111110011101
0010000010010000110101101001011010000011000110001101101110100101
0010001011010011011101101001001001000011010101101111010111011001
0010001110110101010101111001000011000000111110000111110100001010
0010001111110111110001111001010011000010110101001111000110111010
0010100010010101100110000001011010010010001000111111001110110100
0010101101110001010110100000010011100111000011000011000010111100
0011110011011011111000001010100111111000110001000101100010110101
0010100111000011100100000010010110110010100011100010000010111110
0111100000001111011101010010010111100110000000011101110001010010
0000000000001110000000000100111100010011111101000100100111001100
0100100110101100001000110000101100101010101001110000001110101101
0010000101111100110101101000010111110110001010011111010010110110
0010010001111000111101010001000101011000110110110111110010111100
0010011000110110010011110100001001100001000011000000011110110100
0000000111011100100010010101010110010011001000111111111010100111
0010011001011110100100011000010111101100001101000111101101100000
0010011001100111000111001010111100110100000100000010001100001010
0010011011001010111001011101011001110101001111100111110100010110
0010100011110001110111101001001111000010001100001110000110011100
0011001111111011011011110111000000110101000000010010111111110100
0010001110110110010011001000110010101001010100101111000011111100
0010011000011001001010000001011111101110111010010001001100101001
0010011000011110110010001000010110101100010001100011001101111100
0010001100101101000010001010111001000101010010000010101010100010
0001110101111011011111110010100101101011000010110111100100011100
0000100110110110011010100001001011101110101001101110010011000100
0010001001101010110111101001010011001101010011000010010000011000
0010001101110110011011011000001001101100110111100010110010111000
0000101010000010100000010000101000101101001000000011101110000000
0010010000001010110010111001010111101111000001001101100001001110
0010100110110001100100101001011011000010010001001111000010110110
0010001110011011010110111000011110000111010010000001001010011110
0100010101111100111010011101100111110101001000011011111010000111
0010011000111100110110011001100111110111101101001011101010110100
0110100010100101100111001001011011010000001100000101001000110100
0010000001010110101000011011100010000000010111110100000010001010
0010010101000001101111110000000101101010100100101111101001000111
0010011010010110111010011110000001100100010100001101111011111001
0010111101011110011000011101111101100100001001001011111001010110
0010001111111110011100110000110111001100110110000010101110001010
0010101101001011100100000000010011110111110011000010000011111110
0010000101111110000100010000010011100110110011000010100010110000
0010010000010101011110000011011000101010010110110000000101101010
0010000100111110001110001100101111101100100011001001101011001101
0010001111110110110011011001000011101000110111001110100011111100
0000000000110101001111000011111000010010100111110101100010101001
0010000111010011000100100010000010100001111011000010000011000010
0010010001000010011011011001000101101110000101000111111001010010
0010100100100110101010110011000001000011001101010110000110010000
0010010010111010110000011010001011111011110010110101100110100011
0000000001110011111010110110110000111011001011000110100000101111
0000000101000110010100110000100010101000101110011010001010000011
0010111011010100111111010110010100010110001110001111110001110100
0010110100010000111100010011000111101110110111000110101001000111
0011001111101011011011110111000000010001000000010010111111110111
0010010000101011101110010000100101101010100010000111111011010011
0010011011010100100110001110001001110101000010010011110010100010
0010011000010111110110011110000110101100001001000010101111100100
0010011001101111001101111010010100101000010101000110111101001010
0010001101111000011100110001111010100100000101110011101110011001
0010101110001001101010001000101111111111101010011110110001100111
0010011000011111110110001010010110101100010001100010001101101000
0010101001110111111110001011110111100001100110000100010010111111
0010010100011101001010011110010101001100011001000110000100000000
0010111010000100111011011001011101100000010111110010111101110110
0100011001011111100111111101100100100100110111110101100110111010
0010001101101110000101001000010001100100110011000010000001101000
0010011000011111110110001010010110101100010001100010001101101000
0010011001011110111010011001010111100100001001000011111101000110
0010001110001101001011000110000101111010001010101111001001001001
0010101011000001110000010000100111010110110001110010110001010110
1010110101001011011101010111000010101100000010101010001011100101
0011100011001011100011000010110010111011110100000111000011001110
0100110000110100110000010000100111101000100110111111111110011101
0010000001010011000111001010110011010011110110010110000011110100
0010101000100110111001101000110000011111010000111011100110001010
0010001101111011010111010001101100000111000101110011111101110110
0010000101011000110000000000010011110011101000000111001110010111
0010011011000001011111010000101001000110011101011111110001011111
0010111001011110110100011000011110101100010001100010001101100000
0010011110110101100000101101000010111001001000110001100110001001
0010000000101001011111111000100111101010011100001101000010010110
0010100110001001011010001111001110000000001000011111010111110111
0010011111110010011111011000010001100101100011000011010011111000
0010111100000110000001111011011101010000101100001011011110011011
0001010111100101111010011010001111100000011111010011101011100011
0010000111001011100100010010010011110011110110001010000010100110
0010111000010101111010010001001111011100101110111111110011100101
0010111100010100111110010001000011101100110110101110111011011101
0010100010001010110000101101011101100010010000000001010111100110
0010100011010100100010001101101101111101011100011111110010000101
