0010101010011100100110110001101001101000110011010100110000010111
0010011110010010110010111111000010001011110111001110000110001101
0010111010010100111010110101001001101000010010110000110100110101
0000000010000110011111010010100000111010010010000101111001110010
0010100111101011100011101000100111011000000001110011110001100100
0010101100000010110000010010101011110000010110010010001101100110
0010101100000010110000010010101011110000010110010010001101100110
0011001101111010100010101100001010100100000010111000110111110010
0010001101011110110100110011111011000101101010111111001010110111
0011010010101110001001111101010111101100101001111010010110110000
0010001111101101110101000001010011100100001010000111110001110001
0010001001011011100010000110101010100101001000011011110000110011
0010110110000111110000010001000100011110010010110111111011100101
0010001001011101110010101011110001101010110100010100101100110000
0010110110000111110000010001000100011110010010110111111011100101
0010001010111111001110001110000101100100110000000101101101010000
0010100110001101000010000010000111111100001000010001100010101001
0010010011101110110110100100100110111001011010010011001110101111
0010001110010100010100110001101101101011101110000011100001011010
0011000011100111010101101000000001111101010000101110010001110111
0010110000010001001110010001101011111010100011100101010000100101
0010001111010101100100101001110011101010010011101010000010010110
0010101000011110010101001000110101001001111110101001010101000010
0010000011001101011110010011000011001011000000110110110010100011
0010001110011001110001110000011000010101100001010000111111010000
0011101111100101001111100011011010100011101100000010101011100110
0010100011011011011000000111110110010011011110011001010110000100
0010111110010101011000010100110001101000000111100010001011101111
0010000010110000110111101001011011101110101111001111010110011110
0010001011011000110100000111011010100000010010010011110100100001
0010010100101010010111000101000011011000001001000010000011011110
0011110011101110010001001010010010001000010000010001110110110101
0010010001100000001101110001000101100110011101010111110101010110
0010010100001110100010110100101000111101011111110100111010101101
0010111110001100111110010001000001111000101111100011110000110110
0010011010101101011110110110100101001000100100010111011111000011
0010011000001000111111000011110100101000110010001001110000010001
0010101100011001110011000010100001101110110000000100010001110000
0010111011110010011000111101111111110100010010100000010010100110
0010001111000100000110000001000011101001010110010011111110100100
0010001001101001001110110011101110000111000010011010000100110011
0010010011001010110111100011000111011000100000010011100011110011
0010101111101110011100100100011001100100010011110011110100011100
0010000101111011011000101010100110000011111011000001111001001100
0010001101011100100000111010010111010001101010100110110110101111
0010000101000101000001100101010101101101001000111110100101111110
0010000001100101110010000111101101101011110100011100111010101011
0010010100100010110101011101110010000100100011011001000100000101
0010001011110000110110111001000011100111000110111100110001100010
0010000110100010011111100010011001010110100010000101111111000110
0011111111001010011110010001100010100011101111110111011101101101
0011101101011101110110011001000111111101010011100111101010111100
0010101111111110010100111010110111100011110010000110010011100000
0010000011100001011101111000001101011011000000101101100110110001
0010000111111010011010010110100011100001000100010111111101110010
0010101001000001110101010010001111101000000001000111111010011011
0010111001011100111110111001000011101000000010010001110000110101
0010101010011000111010110111000111010100100010010011100000101001
0010011010111011011100110101101100101110000010100001111100010011
0010110000100110100111000011101110011110000100000110011110011000
0101110011001010000101001100010101011000111111100000110101001011
0010000101110001111010101001010111111100000001000000101010101111
0010000001111000111100110111001001100000000011110011111111110001
0010000101111000010100101001010011101101011111100110011001101101
0010000011110111011110001000000011111101101110100010100010000011
0010101111111001100100110010010011011101110111010001000111001000
0010001001110000111110011010110111001100001010001001111010101011
0010000011100001001100010010000101111110000010110111010011111011
0010000101101110111100110000110011100100010010100110111011111101
0010011001011001110110010110101111101101100110001110110011110100
0010101111110000110110110101110011000001000010010101110101100001
0010101011010111100110000110000011101000010001001001101011110110
0010101011110011010000011000000111101001000011000001010000011010
0010101111110111010000101011010111011000001100110111000110100101
0010001000110110111110010001000010100110010111110101111100010011
0010110010001100000110000010000100111000011110000111111000010011
0010111010010100100010010000101011101110100110110010111000100101
0010011001110011110110010000100111101110100010000111110010010011
0010101110100000111011001111010011010110100100001101100101100101
0100100010000111000000110101010010010100010110111001100100010001
0010010110111101001011010110010000111011111101000111011111001100
0110000101110100010111011000100011110111101011011111010100000010
0010000101011101111100111010100000000110100100000001110100010000
0010001101101011011111110111000000010101000000010010111011110101
0010101011101010010110010111010001100100100010010010110010100000
0011011011000101011110101001011000001100001100010011001001100001
0010000010100111111010011101001100110000000011110100010110101100
0010101101011110111100010100111011101111100011010010000011101100
0010101011000001111010100001100000010110101111010111010010100111
0010001101101010011111111110000010100101000110000010111101110010
0010001101101011011111010110000010011101000010010010110011110011
0010001110110010010111101000010011100101000001000001001011111000
0010010001101101100001000001000001111101100010001011111010100110
0010011000000010100100000110000111001001001101000010100001110000
0010001101101010011111110111000010010101000100010010110001110001
0011011100100011000001100011010010011101001000101011011011111001
0010000010001000000111111001010011000010001010101111010010111101
0010111000000101111010010100100011111010001000010011010010010101
0010100010000100110110010101001001100010010100000010110110010101
0010000100010101101011010001001101011110001000110101111011000011
0010010110000110100100011000010100001100010011100110000010101110
0010000101100100011100101010100000100001001010001011100101000000
0010011001110011110110011110000011101000001101001010100010110111
0010011001011010010110001000010110100111000011000010000001110100
0010101110001011010000111110111101101011010001100101011100010101
0010100011010110110000101010000111100000110000010111101111011001
0100100011110000110110000100101011000101100010110100100010101011
0010101011010100100100010110001011100011000010110101110001100111
0010001101111101011100110011110010100110010110110000010000010010
0010101001001000010111100000000111010100001110001111100100101111
0010100011110011110111111000011011001100011110000101110110001110
0010101111101000000100110001010100111110101111101111011011111011
0010111000101011000101101000010111010011000010101101000010010111
0010110010010000100110110100101011101010011111110010101110110100
0010011100011100111100110001100101001111101010001100101010000000
0010011001111100111110011001110011011101100011001001011000100011
0010000111100001011011110011000000110010000001010001110010111010
0010110001110001110000010010110111100011100010000111111010000011
0010000100111110110111001000011001111000011011000101000111001010
0010111000011000111010110101101001100000101110110111110101110010
0010101011110000100100100010010010100111100111011011111000110001
0010001101100001100111100001000111011000000010011010100000101100
0010011001111001000100010000110111101110101011010111110000100000
0010011000111010110110111010000101100101101110010111111011000001
0010101000001001101010010001101111011110101010011111100001100111
0100010011010101100100001100001010111101101010011011110010100000
0000000111110100100101000110110110110011100000001111110000011011
0010010111000101100100000111011100111011000010101011011110000000
0010010001010100100100010101100111101110000111110100101000100000
0010001110000111000110011000100011100100100010100111111111100111
0011100101000011100100001010010011110010111111000001010111101110
0011010101100110010111011001111101101110110111100010011111000100
0100101011111111110010110111010111101000101010010101111011010001
0010001001010110110110000010000001110101110011000010000011100010
0010001101111000011100100000100011100111001011110011010010001100
0010010001100011111111110000000101111000100010000100011001001001
0011101111001000110001000011000010110000000000000001100011111111
0011100111110011100100010000110011110010100010111010000110000111
0010011100000100111011100101110111111110000011100111110011110001
0010001101111101000111100110010010011101011110101100011010100111
0010001101101110010111101000011011001101011110000010100011110000
0010101111011111100000111010010011100001110100000101110000110111
0010010110100101000001000011110100001100110011100100101001101000
0010010111100101001111101000011110110000000100001101110110111001
0010010111111101011100110010011001110110110011101110000101111100
0010101111111000000000100100010011000100000010010000011010100110
0010100010100010010100100111101011001011111100001110111100001001
0010110000010011010111000010101011001110000110110101101110011101
0010110100110100101100111101110100100100000010110000101110001000
0110111011010101101010010000101010101000100110010001110010101111
0011100110000110011101011010110100101110000101100101001101100110
0010100110111011111111010010000111101100100000001001011111101101
0010101100111010011001011001110111011010100010000101011011100011
0010001011000000111010010111000011100001000010010111110000011111
0010110001111000011110010000100111101110110010110011111010010010
0010100001111111010111001010011001111101010101000010000111101000
0010111010010000111000010101111001101000110111110010111010100111
0010110110001000111000011101010101001010010001001111100011110010
0010011000101010010111111101000000010111010001010000101010000011
0010101101101010011111110011100011110101000010000010110110111011
0010110000100001000100100101011011101100001111001101011111011000
0010010011000000001001011011110111101011101000111001000111100011
0010110101111101111100111000100111100000110000000010110010000100
0010111001100010001001010001110101100110000110100111101001111101
0010010001110011101111010001101101100010001100000111110110111110
00
0010111010001110000101101010000011000110110011011001101101001110
0010001101111110010101001010100010001101111010000010000111100000
0110101000111001101010000000011111011110111110010010111000101100
0010001010110100110100101110001010101000000110000111111111010000
0010010100110111011110011000100001100110100011000011010001110010
0010101110111010100010111000010110110000110110111100110011100000
0010110110001100101010011001100111010000111000001111101000000111
0010000101011011110100100011000011110011010111100010010011110110
0010101010000011010110101010000011101000011110000000111000101011
0010111000010100011010011001001001101000110110110000110011111100
0010111011011011110110100010110111100111000100000010110010101000
0010001000001110110010000000101011111001110110110110100101100101
0010011001000011001011010000101101101010100110000101111011010110
0010001011011110100111010000100111100101001101000011000011110100
0010111000001011011101011001100001101010000011000100110011110010
0010011111111110001100001010001001100111010011100011000110011100
0100010000101011011111010010100101101010100010000101111011010010
0010001101111100011000011111110011000100011010010010011011110000
0010001100111110000111111100100101100100010001011111111000001011
0010000101111111100110110001000000101110010001101101011111110010
0011001000100000111100111110000111011000001000111011111001101101
0010101111110000111110110010000000100000010110110011111110110011
0010000011110100111101001001011011011000010100111111000010011100
1010111110110010101111101010000001100110110001001001111111111000
0110001011111100000010010001111010001000000010000111101110011101
0010010101001001100010110001100110000100111000111010000011101011
0010001111101011111010110010111010011101110010000001100010000101
0010000001110110011011001001110011111101011011100000001011110110
0100000001001001011001111011111000011101010000101001100111000110
0001110010101110110000110100010100010010000010100011101100110010
0010000111001010110010011010010010010000100010000010111100101111
0010111001000010001001011001011101100100001101000111111101010110
0010010111110001011111100011011010101101110111001001100000110011
0010010101101100101111111100110100001000000110110111010000101011
0010000111111100100000100101011100111110010110000011011110000100
0010101110000100011001001111110111001000010111100111111001100111
0010001111111100011101110001100000001010110110011010000011110111
0010000100101111101000100011000011101101000000110000100110010010
0010101010111000110110111000010101000010000111000011110100010101
0010101000001001101011010011111111011100001010010010011000001011
0010011010001100000100001111011010111000110110011011100001101100
0010001111101100101101000101001010111000110111100010110010111100
0000100011100001100000000111100011110010100010010011110011100011
0010010110101011011011010010000001101010100011000000111000110011
0010110000100010010000001001011001101111101011000111110111100000
0010001110101011111000011010001101011011100011100111101000101010
0010001000000001111011100010101111010010000010100101000010101000
0010110100000010101110010101100101001101000110100111111100000011
0010011111100110000111111000010000101101110111100111100001100111
0010101111000010110001001010101100000111101000111010000110100000
0010011110101110100100100010011100011110100010100011101000000110
0010001001011101000100100111110000100000000001010001100100100011
0010101101110000010111101010111000000111100011100011010110111101
0010010001001010010000011111000011010110011101010111100001110000
0010011000001100111000010110000010101010011001000001000010001101
00
0110001011111101001110110000100100011000010000000101111100011000
0010101011000100010100101000111011101101100001100011100101111011
0010111011001101101100100100100000110100110001010011111000000011
0100000101111100111111011000000111111101110001011010011010010100
0010011110110011000010011110000001010001000000110111111000100111
0010111001111010011100011000110111101111110111100010000101110100
0010100101111000011001011100111111001111110101101111101110111000
0010101101101011001101111010100110010000110100011101111111000011
0010001011011100110110010111010011101011100111111001000100100011
0010001111100010100101100010100000001110000100111000010000110001
0010011101000110011001001001010001101101001111000110110101110100
0010010000001010100000010010100011100011101101101110001101010001
0010001101111110010111001000010011101101110011000010000011111100
0010001101111110010111001000010011101101110011000010000011111100
0010000001100010000111010001111100111000001111000100110000111111
0010000100001101001101000100010110111000010011000100101011110101
0010101111000100010111000000110000011110010111001001001011001111
0010001001011010011111000111000001001101000110001111111110100010
0010011000110110110010101001000011111001010101000101100011010100
0010001001011100110000101111000110110000010111010011110011010101
00
0010000101110100010100111011101111001001010110001010000100000011
0010100010011011011000101100010100100010010000001100111111001000
0010011000111110100111001011000011010001011101100110010010011001
0011011000000000001010111100100111011110101000001001010101010000
0010001101111010111110011010010011101011100010000010110011010011
0010111110010100111000010101011101100010010111110000110110110111
0010001101111100011100011000100010001000111010000001111001000010
0010110001001100100100010100101110000001101010011011101001001011
0000111010010110101001011110001000011000010110110101111110111101
0010101110111110000111101010000011100001110011011001110011001000
0010011100010011100100010110100110100000001001001001100110110100
0010010100101010111010110111100101011010000010100011111110100110
0011001001101011100110110011110100010010010011101011001010110010
0010101011110110111100110001100001101001100011010101110001101000
0010011011111111000111010011001010111011010011000100100100100101
0010000101111110011100000000111011011100001010110010000111010100
0010010001111010110110011001100110001001101111000000110011101001
0010100010110001110111101001011011000010001100001111000110011100
0010110011011111111001100010000010111000110001001011000011100100
0010100111111011000100000000010011100110110011111110000010010101
0010101110110100011110011101001001001011001111000000110000110011
0010101101110001010111100010111000000111000111100101000110110101
0010001101111001011110110011000001011011011101000010000011011010
0010100010110101010111101001001010000110101010101011011110001000
0010011101110111010001101001110100000101000010010100100000001100
0010000000111010010111110000110000101111111111000010100001111100
0000100010111111011000101110100111000101100100010110101111111000
0010110111111001111000001111100111110001100001011001100110101111
0010001110101011110000010010010111011000100000100010111001111101
0010001101111110111010100100010011100101000010000110110111010000
0010101111101011011011110111100000000101000011111000001111110001
0010011110101010111110110010000100100101011010110011000010000101
0010100010110001110111101001011011000010001100001111000110011100
0010001010010111010110111000000000101011100111110101110101000010
00
0010010111000101000101010101111001111010001011000111011000110011
0010010001000001011101010010001001011011000100101100110000110001
0010010110001110111111111010001111010111110111111111111001111010
0011111011101111011001110101000000111000000001010001101010111111
0010000101111000110001110000110100100110101101101111101110110010
0001011010100011000011111100011011010001100001001001111010100100
0010011001010110001101101000110010101110001011100001100011100011
0010100110100000111110111111110111100000000011011101111110010011
0110011001100100110000010001001110011100000000011110011000110001
0010001100011000111011010101111011010101001110110000110010100101
0010111000000100101111011100000110111000000000000000000000111001
0011001111010110010101000000000011100111010011000101000000110100
0010111001100110011011010001011001101000000010000010111011110110
0001110000011010010001000111100010001001001101011111100101111011
0011111011111111101111111100010000111101010101110111111010110011
0010101101011001101010111011000011110000010110100001110101110111
0010110101000111100101000110000100110110101011110010010000101011
0010101101111100111010110101110111110110001010000011111000010111
0110101010010110110000101010001001011110100011001001100100110101
0010000001101101011101001001000001011111011011011100101110110011
0011001100100110111011001000110011011101000000010011011010001011
0010011011100010010111001001110001100110110011001101110010010010
0010100100111010100101110000101010111110101111011010111111000010
0011011110110010001110111110000001100101000001000001011011111000
0010000100111010110111000100110101101010110011001001101010110000
0010000011100011111111100111011000010111000000000011010111110100
0010101100110011100001011010001011100100100000100000001011000001
0010011001001001100010010101110110010110001000010110111010111111
0010001101111110011011011101000011110101000000010010111011110111
0010010011010101100101010101010110100110000011000011110010000110
0010001111110100000111001100010010111101111011000011100011110100
0011111111101111110111111100011100011111001010111100001011101111
0010100011100011011101100010100001001110100010100111111011100111
0010001001111100110110011111010010100101010110010110010110100100
0010000101010101000100100010010011111010110001000111100001010010
0010110111100101001100100000101011000110010100000101111110110011
0010011100110101111010110100010100111010110110110001110110001100
0010001110011101110110110011010001011110110110101010000011100110
0010111001101000110011011110000010111001101010010110100111100110
0010100000111101000101101100011110101111011011101110011000110011
0010111110101100111110010101000011101000001110110010101111110101
0010100001000000100101010100101111111110001100000010111100010010
0010110011111011111000101010001011111011010100110111000110010100
0010100101000000011100011011010010100010100110111111110000100001
0010011001100100101110111011101000110100111111001000011101010111
0111110111111010111001011011000111100000110111001100100011101101
1001011011000101010011101100011010001100011100010001110101001111
0010010101010010011100100001110110010111001010110000110100100011
0010111010011100111010010100101000101101010100100010100111000100
0010011001111000110100111000010111100110100111010001001110100001
0011011011111111101111111100010000100101110001000011011000011011
0010001111111110011111111111000001100101000010010010011011110100
0010001011101000100101110100000011110110100010001111100000110011
0010000001100111011110101100000101111000010010000001010011000011
0011000011101011011011110100000000010001000000011110111110100101
0010000110010101111111101100110100010110010110110100011000100101
0010011111100101110101110001110000001011011111110110100001000110
0010111010110001011100111101011010101011100110110011000111101101
0010000011001100101101010000111001101011100100111001101000011011
0010101110001100000110111000110100100110110110000111111110100111
0010000101111110111011111001010011100101001100011011111100100111
0110011000111100110111110000111001010101001110100100100011110111
0010101010001011000010101111010001110000101010010011110000000011
0010101101110101111010100101110011100010001010000101100001000111
0100000101110001111110011010000011110001000000001010110010110100
0010001110101001011101011011100001011001001100001100010000110001
0001010011100001001111100011111000101010100110011001100110101011
0111010101111000011010011011100011100001001000011011111101000101
0010101101110010010111001010110011100001100000000011000010110110
0110100010001101110001111010110111011011010001011001110000011000
0010100111101000101101010010110011100111100110100001100000111101
0010010001111101100000100001110010100010101011000111110001100001
0010001101111110010111001000010011101101110011000010000011111100
0010001100111110110011001000010011001001000010000010110010111100
0010000101111100110100100011110000111001000010100000000111111001
0000110000111001101010101001000111110001001000000101011000000110
0010000011000001011101011010001001111101000100101110110000100001
0010000010000001011101111011011001000010000100101111100000010000
0010000000110110010010111000011110100111110010100100101110111011
0010011101101110010011010101100111000001011010001011010011100100
0011101010011100011110010110000001100100000000010110110100000101
0010011010000100100100000111001101111100001011100011110000010011
0001000001011111001000101001000010010110011011010111000101110010
0010111010010000110100110111001111110011111011010110100001000101
0011100001010111000011011111000100011101000011000100101011010010
0010100111111000110001100000110010100011101110000111000110010100
0010000011001000100010011111101111101111100011110001100000100111
0010011110000010011101110011000010100110110001001101110001110000
0010001101001000010001010010000110000101101000010010100110001101
0010001001011100001100011010100111100110001011110011110011111000
0010011001111000110011110000011010100100000111110011100100100101
0111110010001010111010101011000111011010111001110001100111010100
0110000111000111010010101000100100000111111001110100000000101000
0010010101000011010001001001000101011110010001000111110000100011
0010100010110001110111101001011011000010001100001101101101001000
0010001111110111110011111001100010010010000100000000111010100111
0010001110111011011010001010010110100000010010110001010110000000
0010101101111001110000010100000111111011011000001011110001001111
0010100010100000100111001010010011100000000100001111010110111001
0010011001111110111100111010110010100110010111000011111110101001
0010001101111000111100110001110010100110000111110011100110101101
0010111001010101110110011100000111011000100110010011011000101111
0101010011011011111000101011111000011111110011011001110110001000
0010001111100000101000100000010000010100101011000111111010011000
0010011101111110110110011001110111101100101011011011101011100101
0100010101111100111010011101100111110101001000011011111010000111
0010011010100110100000011001000001100100110111000010100100110101
0010010101000111010000001000000000010100001010011010010010100010
0010010000010000100101000000101010010111001111101011101000010101
0011001110101011001011010010001011010001100000110010011111010011
0010000100000101001000011010100101010110001011100011010000000100
0010101001111000011010111011010001010011100110000001101001100101
1101010000011000111000110011001011010110100000100100101111110001
0010001101111100011100010001100011101100000111010110111000110101
0010000000010001000000100110110111010000010000011100111000100011
0011000000001011001010111101111001101011110111010000010000101000
0010101100111010010001010011100010100100000001110010001101101001
0010011011111100010100111000100111111000000011000001010000100011
0010001000101001010001010011010011010001000000001001110010100111
0011000000000000111010111001010011000010111000110110101010000111
0010111011010110110010001011011100011110010010111111100011110101
0010010101111100111110011000100111101101001011011011110010100100
0010000111011100101010010010010111111110110111000011000011101101
0011010101110101000011100101110011111000000010000101110101000101
0010110010111110110100101111110101101100011010100011101111110100
0010111011011100100010010100100011100000000110010001011110100001
0010001111100110110110011000100011101001110001000000010000111101
0010001111110111110101011001100011100110110101000101001010101010
0010100010010001001101111101010010100110100110011100111000101011
0010101000101100110110111010010001110101111100010110110111101000
0010001101111110010111001000010011101101110011000010000011111100
0101110111011011111000101011011101010011000111010000110110001000
0010001110000010100101110100011000010000111001101001010000010010
0010000101101111010000111010110010010010111011100001010010010010
0010100111111001011011110100000000010011001010110101100101010001
0010011010110010000010011101010000100100110010000001000100000101
0010000101100110011101011010001001011101100110101110010011010001
0010110011011001010101100001100111100010110100101010110010100101
0011111110011100001101110011000000001011101011000011110001000010
00
0000010010110100111010101010000001110110000000000101110010000010
0010111011010100110110111101000010101000000110110000110000110101
0011001000011110010110101011010011100100010101000100111001110111
0010001011111111100011101101100010010001001100010001010101110111
0010000001001100001000010000110100100111101101001111111110100011
0010001101000110010011111000010111100101010011001011111111111000
0010101010100001111011100011001100000110000010100101101010010111
0010010000001001101110011011001000100101101110010011010101110101
0011111111011111101011111100010000010001010100010010011100110011
0010111010110111100111111001010001100100110101000111110000011011
0010101101111001010111100000100010101110000111100101100100111001
0001000001011100100000001110101111110110001000111010111011101110
0100001111101011111011111110000011001010000000011101111011100010
0010011001100010001100110000100001100110100010100111101011000011
0010010000010010010001001111100101011000010111100101111001100001
0010011010000010001000011110011101101000000011000101111011111110
0010001111110001001000110000001010100010000100111101010000000010
0011011011101010000101011110000101011101011111101011011001001110
0010101101100011010100011101000100100001101111001110111110101100
0100010000101011011111010010100101101010100010000101111011010010
0010000010110011110001111001011010000010000100001111000111000100
0010011000011011000110011100000011101001010001000110000000011110
0010001010011000110010100000110010010010010101110110111010011100
0110000011011101000010010101011110011010001010000010000100101111
0010001101111011010011011010000011100101100000000010001011110100
0010001101111010001011100100010010100000010010010110110100111011
0110011100101100111110111011110011111100100010001101100011100110
0010111001010000111101001001010011011001000110100110110010110100
0010110010101001111111010011011100101010100000000001001110110010
0010010001110001100101010111000110111100101110011001111010100010
00
0100101011001101100010101010100111111000011100010101100010111000
0010111111011010111100010111110111111000100110000100100110101011
0011101010001001111010000111110011011011101110011011000100000101
0010001111111011011111110011010010100101000000010010111111110101
0010010000100011000101001001010001111111011010101110001011111011
0011110111111010011001100010110010101111111100001111000110001000
0010011010110100111101111011100010101111110110100001101011000010
0010100101110110010001010010001011001101111011001110001110000100
0010001001010000000111011100011011101100000110000010000011111100
0010001111101001000010100111010000010011000000110100110011001001
0010011101101011001111110010100001101111000111000010101010101011
0010101010110000101100011100101111101101100011000111000010111000
0100110110100101110111001101010000110110001100011010111111001010
0010101011000000010010111111111110101001100010010001111101110101
0010100010110000011010100001111011001010001100111111110100100111
0010100010110001110111101001011011000010001100001100110001110000
0100000001010001100101110100101011111110101110001010000100100010
0010001001011101001010001110101111110110011000111010110011100110
0010110100110011101110101011000101101001000001000101001010001000
0010010010011110111010110000000101101000100100110110111011110110
0010101001111001110110100010011110100011010101110101100110111000
0010111011110000110011010101001000111000010110110000100101101011
0010101100101111110001010000100100111000000010000111101010001010
0010011100110110000000100100000011100101101011000000010101111100
0010000001100001100111010010000011110110001100000110000000101011
0010100011100101011111101101110111110101010010000110011010100111
0010011101001100101110110101100111101100001010011011101000000011
0010011111101101110111110100100100011101111101010110100111101010
0010001101111101101101111000100101011110011110100010100010001111
0010101000000001011101101010011000000110000110001100000001000100
0100000101101000101101111000000100011000110001011110111011101111
0100001101101101110111000000110011001100101010000100100011111110
0010111101011010111110000001010001000100110010100000100110010000
0010000111010111010100101001010010011001111010010011001101111001
0010101110111110110011010100000001101100110111010010010010110110
0010101010001001000110111001110001100000000100100100001101101000
1011100110111111010101101000110111010110111100111101001110000101
0010111001011010001101111100110010101000110110110001011100100011
0100010000001000010011110011100010111001001000011101010111111001
0010000101111010010101010000110010101111100011000110000110011001
0010011011101101000101100010010100010110001001101101100111001000
0010011001111100110100010000000011101100100011011011100010111001
0010010101111100011100010001110110100110000010110011101010000011
0011110101111011010110101001010011001101010001100011010000011001
0010000000010001110110010111010010111000011100001000100111100100
0010010111011011111000001011110111010001000010010011100010001110
0010101011010001110010000011000110110000100010010101110011000011
0010001111101010001110110111110110100001000001011110011011110001
0010111001111000110110011001000011100100000111111111110010100101
0010101010001101100110111001011100100000110110110011110000110101
0010111010111100111001010000001001100110000110100010000100101111
0010001001111000110010110001010011110101000111110001110111100011
0010001101111001001110110000100001100100000001011101001010010000
0010101000011101100011010000100011100000100010011110110110000011
0010010001000011101100011000100100101100100110100111111101000010
0010010011000000100011000110000110011110000100001010010010110001
0010000000110110111110010100100111101110100000000011101011110011
0100000101101001101101111000000100011000110001111100011010010000
0010000101100111010101000010000011010001010010001010100011110110
0010011101110010010000110001110000100111001011110111101110000110
0010001101111110010111001000010011101101110011001100111001110010
0010001001011100110110001100000011101101100111000111110000101000
0010101111110100010110011100000011101001010110000110000011111100
0010001000101100000111101001011010101101110011000010010000111010
0010010100000010101100010010100111111110010011011010100001111100
0010010101000111011000111001100110010101011011110111011111100010
0010111001010110011111111101011011110011000110110000110001110010
0010011011101000110110111011110100110100100110010111110110110001
0010010011010110111111011000011110100110011000100110010010110110
1001011011000101010011100110000010010000000000010011111111100111
0010011100101010010111011111001001101101101000100010001001111100
0000100010111011010001101110010111000111101100000110000111011000
0010000011110101110111001000011011101101101010001011100011101000
0010010101000110111000100001110100110100101001010011101000101000
0010101111101100101100011001110010101111010111110110101110101010
0010101101110000010111000010010000000111000111100100010001001011
0010011000011111110110001010010110101100010001100010001101101000
0000010001100110100000001000000010110001000010000010010010101100
0010101001100010001000111001011101100110000001000111110101001110
0010101000110000110110100010000010111011010001000000010011110100
0010001101111100010110001001010011101001110011000010100011110100
0011011011101110011110110110000000100001000000000010011011110011
0010010001110000101100011000100010101110101010110011110110000000
0010100010001101101010000101100110111001011010011001011101100011
0010110010010000100101001101111011100011110000111011100001110101
0010000110110101100101011100000010011101100000011010100010111000
0010011011010001010011000110110010100111010100000111010110011100
0011110000001011100010101100000001001100001110000000111100001010
0010000011110001011111100001011010100010000001111000000100100000
0010101001000110110101001110111110111111100010100101001101100100
0010011000101010000101101000010010000100110011000010000001001110
0010111000110000111011101001010011111000011100101101010101111001
0010100001010100111110001100011001101100101110111011111001110011
0010011101111110110110011111011101111111000010001001101010110110
0010011101110000101100011100000011101100100011010011010010100000
0010000111100001011100111010010011001000011100101100000011110100
0110000010000001111101001111011001011001000010101100100001110001
0010010100111010001101111001110010100101000011110111001000010101
0010011010001000001011110110000000101111000101010010011010010000
0010001110011100000110001110110001110101011000110101110100000011
0010011001011000111011110110010000100011000010100001110101101101
0110101010000010111111111001010010010111010010110111011100001001
0010011001011100010100100001110010100000001011010011110101100001
0010101011001000111110000101010110001001001100010001010101000100
0010001111100000001010000110000011110011000000000011110010110011
0010101001011001111110010101111111101110100111010111110111100011
0010000010011001111001010110000010110011111011001111110000101101
0010101111100111011010110001100001111100011110111110100001111011
0010101010010000111010010111101010101000010101110001111010110111
0010100101001001100110000001110011010000011111010101110000000111
0010100000110101010110100011010001111110010010101000000110100100
0010011101110110001110011000010011101101110011000011000011111100
0010010101010101110100001000010010111101101011001010100011100100
0010101100011100011110011000001100101110110110100101111110110110
0010000100101100101110111101001101111110001011110000110000111010
0010101010011000101110011001000111001100101110000011110001110111
0010011001001000111111011101101111111011000010010011110101100111
0010101010001010010000101001011111100010000000000111101110110110
0010011000011011110101001001000111011011010001001011100000000011
0010001101000100001110101110100000111000110011001111000110001101
0010011000111001010011111110011111011011111000000000001000111100
0011011000011011010011010101111100101110001000011010001100011111
0010001001000010100000011100110011001000001101011111110010110100
0010101001011001011010000011111001001110100111100111101001100101
0010011010101011011100110001000010000110100010010011110001100100
0010010100000010101000011010010011010100101011110011100110010011
0010111110110011110111001000111010110110000101101001000110110110
0010000000111010000010010110000011100101010011010100111100001110
0010011001011111010010011011010111101100010001110011111100100101
0010001010100000110110010001110111111110100111010101110000110010
0010001101100110110101011010110011010101010010001000001010110110
0010111010011100100011010100101001001000000110000001111011001111
0010010010100001100011110001001100111110101111100100110111100111
0010110101000001001000010110001110111010101000001110000001100000
0010001111001100010000010111000010010000001110110011110010111000
0010010100011110100100111000001000111111010100001100111111000010
1100110011000111100000101010000111110000010001011001101010110101
0010011011111100100010011101000001100101101110001010110011000101
0010111010001000111010110111001001111000010110110010110000110011
0010101010110101101110001011100010100011101011010011100010111011
0010101100111100110100110000110011100110000010110110100010111100
0010001111010101001010110100010000111001110110011101110110100101
0010001110110100001010110100010000111001110010010101110111001101
0010000011000010100010101000010011101010000111111001101111110100
0010000001000110100110000110100010010011100010100110001100100001
0010000101100011001000110011110110000011001101011110001100010001
0010100100111010001000101010010010000001000100101001111110010001
0000110101011011111110110011001101111100111101010101100111001101
0010011111111010111110111110011101110110100000010011100100010001
0010000101111100101100010000110011111110110111101011100011100101
0010101011010000100100110100110011110111110110010010110000101010
0010101010110100110111101001011011101000010111100111111111111011
0010101100101010111000101111011111011101100010010001110011111001
0010111011011000111110010101011011101000010110110010110100110101
0010001101101100010100101000110000111101001010010011000011100000
0010111010110110110011101010001011000000000000100000110010110100
0011011010010000001010011111001001101001000000110011011011111101
0010000101101011011111110111000010011110000000000010111001000011
0010100011110101110110010001010011010111101111000000111000110110
0010100111011010111100001011110111110100100011000100100000000101
1010110010010100110010111110000001101000011011111000111110010101
0100000101011000010000110011100010000100101101100101101101110001
0010011011011101011010010100101001000010011101011101111100000001
0010100010110001110111101001011011000010001100001101111001000100
0010111011011000100100110100110010000101101100010111111000000001
0010001110111011110000011010010110110000000010100000000100100001
0011010001111101100100101001000111101101101010001011111000100011
0100010000101011011111010010100101101010100010000101111011010010
0000101011000100100010000010100111100100000000011011110010110111
1111001010100001111111110011000011100011100000010001001111110011
0010111011010000011101010010001001011101000110100110110010110001
0010101000011001111110010001110110101110100110000001111001000111
0010111101010000110110000001011110000100001111010111100000011001
0010011011000010011011010101111111111110000011100111101111010100
0100000011010001100100110100101011111110101110011010010100100000
0100010101111100111010011101100111110101001000011011111010000111
0010001101111110010111001000010011101101110011000010000011111100
0010111111010111111010000011000110110000001010010111111010000011
0010001101111110010111001000010011101101110011000010000011111100
0010110010010111111010000011000101001000110011010011100001010111
0010010110101111000101111000001100001110010011101100110110010110
0100001011011101010100011000000001100001010000101100110100001101
0010011001101011000101010001000011010011010110100011101100101010
0010001110011111100111110000100011011110111101111010110111010010
0011010000101000010110100110010010001000011110111100110001101000
0010100101011001101000010001101111110110101010011110001001100111
0010010110101000101111010001001010110011100000001001011100101001
0010100000011111111011000001100011011110000011010010111010010000
0000111011000101100011010110000010011000000100000011011010000011
0010101001001000101000010011100011100100101010011110110011010110
0010011011000000010000011001000001100100000111010011111110010101
0010010001011101100111000000101010000101011010100010011100101100
0010011011100011100101010011000100110011000110100011011001000011
0010000111001101001110010000000110010100011000001011111010000110
0011011101111010101001110101110111000100001100111011111010001010
0011101111101010010011110111100011110000000000010010111010100100
0010111011110000010110011100010101110100001101000000000010110110
0010000111110100111100110001111010100110010111110110101111100001
0010101000100010110011111010001010100111100010101001101110101001
0010101010010000100110011110111000101001000010010111110000100010
0010101000001000110110010001000011011111100010110111110001110101
0010110000111000110010100100000000110101101101011110100101100011
0010111101010011111111110011000110110100000010000011111110111011
0010111111010001100010000011000110110000000000000101111011001011
0000101011010111100010000010000110110000110000010111110011011011
0010001011011111010101011111011001011001000000101110111011100001
0010110101100001000101100001010100010101000011100101000110101001
0010011001101100101000101110100001111011001001010101000011001100
0010110011000011000001100101010110010000000001101001101111110111
0010010001101100111100111110100001110101100110011101011011000100
0010001101111010110101000000010111111100100010011010010111001100
0010001110111000110011101100110111011000111011001000011101111101
0010111100110001101110000110110111000010101110101101011011111101
0010011101111000001000010001110111100110001011011011101010110101
0010011001111000110110111011010101110111101100010000111010110100
0010111010010100111010010101001001101000010110110111111010111101
0010010110010111000100110001110101001100010001011000100101001001
0010010010011000110110011111011011100101100011001001010100110000
0010000101111000010111010010110010100111000100011110010100011000
0010110011110111101100001010001011110010000010110111100010010101
0100100011011101000010010000101110011000010101010111011000011101
0010111110011100011111111001011011101001010010111001010100010001
0010101010001101100110111001011100100000110110110011110100110110
0100000101011100000010110100100110111100001010011110000110001100
0110011101111101011101110000000000100111011011110010100100111001
0010110011110010110010110101000011110000001000010011011001111110
0010111111010001100010000011000110110000000000000101111011001011
0011101100000110110001010001001011101100000011110101100010111111
0010101000101001011000101011111110000101100010010111001101100001
0010001001110100110111100100101101100100010010111111111010100010
0010011000010000111110010001100001101000000110110111101010100011
0010011011100010011111000110000010111100000000000010011011110011
0010011011111100010110001100010010101101100010000011110011100000
0010100101111000011011000010100101000101011000000001001110010100
0010101010111001110111101111010011000000001100011111010110011100
0010101011100110110100010000100101100101000000000010010011011111
0010101011010110110110100010010011101001010110000010100011111100
0010101011001111110110101011010110101000110010110101110010110101
0010001101111100011010001001110111111101101000010010000110110101
0010001101100010011100110110010010101001110110000010000001010000
0011011010000001110000100000100000000100101011000111010011100110
0010101100010100100111100011001000100100000111001100010010011000
0010010111011100000101101010100011110101100011000010010010000001
0011011011000011111010100111000010111000000000010011011010110011
0010111011010100000010010110100011110001000000010111011000100010
0011100100101010011000100110110011000011010100000100111011001000
0010111011010101000110000100110011110000000000001111110000000011
0010001011111111011011101110000011000101100100010010101111111000
0010110111111010010011111010010000001001100010001001001111110011
0010111110000110101010100010001001100000010010110010111110110111
0010001001001000000001010000111010101110001111000111101011110101
0010101011110100110110010111011000101001100110010010110101100001
0010001011011100110110010111110111111101010010100000011110111101
0010010101000111010000001001010000110101101010010011001101100001
0010011111010101101001010000100001101101000111110111001001110111
0010101011010110110001001010100011101000100010100011100010111101
0010011101111110010101010000110011101110110011000111100010101001
0010111001111100100100010000100111100100001111111111100011110001
0010101001011000011110011011011001101100100011110000000111101100
0010110111111111011111001001100111100100100000010010100010101100
0110010111110000110111101101010111011111000000011001110011010010
0010011000000011011110101011001011000000100100000101111110100110
0111100101011010011011111100110010111101110100101011001110110001
0010000000111001001111010000100111011110101010100001101101101011
0010001111101000011011011111010010010001001000010001110111110101
0111111111101111001011111011101011010001111111010001111111111001
0010001111111110000111001000010001111101111011010011010001000110
0010110001000101100000001100000110010000000010001011110000100001
0010001101111110010111001010010011101111110011010010000011111100
0010110011100001000001100000110110001000000010100101101111101111
0011000100101110101001001110000001001100100010010110111110010100
0010011111101011010011110111000000110001000000010010111110110001
0011001001101010110011101101010111011111111100111000011010001111
0101101001001101100011001110101011001110111100000100110011001111
0110110010001010100011101010000011000000010001111001101111010100
0010101011000001100010110100111010101000100110010001101101000110
0010100000000010000001111100111101000110001011110010101000110000
0011000100111010001010111110000001000101000001010101011111111000
0010111010010110100010001000001011101000010010111011111011111100
0110011010010001111100001010001010111101101000011011111011100001
0010001111111100100010011010111001100111101110010111110010001000
0010010101011000010111110100011111100110000011101011000011110001
0010011010111011011101110111100001111111010000101111011011101000
0010010001010011101000110101100111101000100001010001101010110111
0010011011000100100110001010000001110101000000101111110000100001
0100100011011111111000101010100111001000100100010101101011111101
0110101011111100000010010001000111100100000010000111000101011101
0010011110001011101010010000000100011101001010010001111010010100
0010010001101011001101010010100010101000101101010100111101010000
0010001101111100111011001101110011100101001010010010110111110101
0010010000111000001110010000100001101110000111100111111010110000
0010110101001001101010110010000110100101111001000011000011100110
0010000000010101111100010000100111101010010100000001100111110000
0000100100110101011011001110111111100000000011101001101111110111
0011000110000110001001111110010011001100100011010111110011011110
0010101010010000111010011111001001101000100010010011110001110101
0100001000000110111011010100100111101110100010110110001001011110
0011100101101001011100110111110010111111001001011110001011001011
0010011111110110100001011011111001101100010011000010110000010000
0010010010010110100110001110000011100101000011001011111111011100
0010001101110000111011010100001001110110000011110010010100110110
0010001111001110100101010000010001111010111111100111100001011111
0010010011001001111101010010000110010010000000000011001011000010
0010110000010110011100010011001101101011011001011001011111101110
0010001101110110010111111000010011100101100011000010010110101000
0011011011101010011011110111010011010000000000010011011011110111
0010011110111000111010011001100101100100000010100011111010100101
0011011010000101101001001110001001001010011001001011010000111110
0010110011010011101000110001100111101000100011110111101011110101
0010011011000111010111110010010011010101100111000001110011010110
0010111010110100111110111100001001101000010110111111011011111101
0010100001011000111101011100010111111000110011111110111011011010
0010111011010100110100101011000000110000100000110111110010110001
0010011110011010110011011100011011101001110111110010100010111110
0100000101101110010111011000010111101111100011000111111011010010
0011001111101011011011110111000000010001000000010010111111110111
0010111100110010000100110010110110111111110110001011010101011011
0010110010010100100110101000010011000010011001110010101100011100
0010000101111000110111011001011011000111000110001011000110010110
0010001101111100011100110011110010001100010110101011001010111011
1000101010000110101010011000110101011110011000011000001010110100
0010001000011000111110000001111011101110100010011011001011110111
0010111011011000111010111101011011100001000010010001111111100101
0011011010011011011010110110000000110001010000000011111011111100
0010001000100010001101101010010000101111000010010001001100000100
0010101011000001100011010001111010101000100111000101111111101111
00
0001011010011101001111100011100000101011101011001001111000000010
0011010010100001101001100111000101010111011101001100110100101100
0010100100111011100100101000110111100100101100111100110111010101
0010010011110100111011101011100111001000010010110011111011111001
1000101010000010101000011000110101011110011000011000001010110100
0010110010010111111010000011000101001000110011010011100001010111
0010110011010011111110101010000110100010110100110101100111000101
0010101011000100100110111000000001101000000110110001111100110110
0010011001010010011111011100000101011100000101110111000000100110
0010000011000001101111010000100100010111100101101110010111101100
0010101010001101100110111001011100100000110110110011110100110110
0010011110011100110011110100010111001100101111011110111110010111
0010110011000101111001110100010111010110001111100000111110110101
0000110011010101100000100111000011110000101000001010110010101000
0010010011100100111110010001010010110100110101100110100010110100
0010011001111100100100010101000011101100101110111111111010101001
0110010110011001000001010001000000100001111001000110110000101111
0010010110110001011111101100000011110111001000001111011010101100
0010000111101111011110010101100001010101001000010111111110010101
0011001010111001011111100110011000010111000010011011101011001110
0010111000010011011010011000011001110100100100101011001001100110
0011011011001011001010100110000010110000000000010011111010110011
0010110111101010000011111111000101100010010111001010110010111000
0010101001111110010011001000010011100101010011000110000011111000
0010001110000101111010011011001001011000000110110010110000100001
0010011010100111000101011001000001100111110111100011010000001010
0010111011011010111100010101111111101110110111111101111001111010
0100010101011011010000110010001000000100011111110010010001111101
0010010101101110011010011101110111010101001010010011111010100111
0010011000110000100010100000010011101111000101100011010011010001
0010011001011110111010011010010101101100010101000110111101111100
0010111001011111110010001000010110101100010001000010001101100100
0000001001101100100100010000100111100100001101011111000010010001
0010100000000000101010111111111101101010011111010111111110010000
0010011001111101011110010000100001101000110110000101111011010010
0011001010001001000011010010100000101001000100100111001011001101
0010001111010100111010011101110011100001000100011111110100000111
0011000001110011011011100010000100000001000000100011111011110011
0010001000001101111100110110010110011100000001110111011001101010
0010101001111010010111001000010011101101110011000011100101101110
0011001111001100111000010110001010000010111110010010011111110011
0010101110010110101010010101000001101000100000011011100111110011
0010100110110010100101101000110111110111101000001110110010110111
0010001100000011011010110001100001011011001000100101110111000111
0010001000110101000000111001001011001010100010001011110010000011
0010111000000111101111011011110100111000000000101010001101111001
0010111010010001111110100110100100100010110100100110010111011001
0010001000011111110100101010000110101000010010000001011101000010
0010111011000101100110001000010110110100000001100010011000110000
0010001111101101011011011101011011011001010011000100010000011011
0010011000011011110010001010010101101100001001100110001101111010
0011001111100011001001011011001110011010110011101000011000101010
0010101111111011111100010001100111101011110011000010001011010110
0001110000011010010001000111100010001001001101011111100101111011
0010000010001001101110010111101010010011000000110110111010110001
0010001111101111011101111100100111110101110010000110110010110111
0100000111111110110101010101100011100101100010111111111111101101
0010011101111110111010011110000011101101001000011000100110100111
0010000101111000101011011010000001101101111110001111100010100101
0011000111101011000100001010010011100001110001000010000011110110
0010011000011011100010011010010110100100011101100111011101101010
0010011010111100011001111101010110110000000011010110011101100100
0010100011100011101010100111110011000011000110011010101111100001
0010010001101011011110010000100101101110100010100111101011110011
0010010001000111100110001000010110101110100010100110001001100010
0010001111111001010110110010110011000010000110001111111101110100
0010111110001101000101001001000010000100110111000000100000000110
0010100010110001110111101001011011000010001100001111000110011100
0010011011000111010110100110000010110101000000000010111010110010
0100000101001011000100011100111101001010011000001011110000110010
0010001101111110110110101110000010100101100010000101111111010000
0010011110110111010011010100000011101010000111100011001010010100
0010001110001011100011001000110001101001000110110010010101100011
0011011100111010000110101000000011101101010011000010010011111000
0010011000011111111110010000100010101010010111110110011011011100
0010001011110111011110110100000001111101010110100010011011110110
0010111001011110010110001001010101101100010101000111101001111100
0010010101000010000011001001000101001100011101000111110000100011
0010001111111111011110110110000001100101000010000010111010110110
0010001001011000110001010000100011100100100100001010000010000100
0010011000011110110110001000010111101100010001100010001101111100
0010101010100000111001101110011110100100111110101100101111111010
0010011001111010110110000010110011000100000101100000101101011000
0001110111100110110011101010011010100000001111110110001111100011
0010000010000101100111101000001111001010111111000101101101000011
0010011110011000001110111011010000111011101010011101110110000011
0010100010110001110111101001011011000010001100001111000110011100
0010001100110000100110110010000011110110100010010011111010000010
0010101010010000110011110101001001001000010110010000100010111000
1000110011000101100000000110000110110000000000001011011010100011
0010001101111101110101011001000011100111110111100000000000001010
0011001100101110101110100110000010000001000010010000111110010001
0011011100110101101100011010110110110011111110000011110100111011
0010010111010010001011101100011100010110110100010001010101101001
0010111111110110100011111100111100001000011011110000010101010011
0010101011011101100110100000100111110100110011010111100010000100
0010101011110100010001101010101100001100010101101011000010010100
0010001110110100011000001100011010111000001100011011110010110101
0011001011001101100100000101010111000100011100001010101111011011
0010001010101111011001001111001011010010001111101000110101011111
0010000110100011100001010010010110110011000000001011111111110011
0010111010110100110110111101001000101101100110100000110000110010
0010000101010110011100010110110100001110010011101010100011000100
0010101000011100110101010110100010100001000111100101111001001001
0010000110110000000011011000100110100110000001101110110101100110
