0010010010111011100101101010001011000101100001100101100000111100
0010000001110111111100011011010111010110010010111101100110100110
0010010000011001101010111101111101011110001010001011110100101111
0010000101110011010100100000000100011101010001100010100110110001
0010010101101010111101011000100011001010110011000010011001011010
0011011010100101110101110100101000001011001100111010110000010001
0010001101111101111110011001000011011100001110000010110000110110
0001010101101001000111100011011001101011100011011011101110101011
0010001101101100011110011110010011111100000000000010110001011100
0010011001001110101111111101100000000100110000110101011001110000
0010000101011001100110110100110101111100001111001010100110101101
0010011110101001010100011000110101100010100000011111110111101000
0010000000110101101111110101110010000000001111000011010010010100
0010000001000000100101110000100111101100101110011111100010100110
0010011000111011100000000111110011101000001001001001110110000000
0010001001110100110101100011100000011001000010101101011001101011
0010011001010111110111010000110001001000001010010110100001000001
0110010101010101011110010110010111111110111101110100100010010000
0010010100010100100100100101111000101010011000001110011100111101
0011011100101001000100111001000010001001111011000010010010011011
0010001010101001110101111101111000001010000010000100100000011101
1101001010100000101011100100100111011000100001010100110100100011
0010011001100100111011010001001010001111000010111010111001100001
0010000100111100111010110100100010011011111110110000110100110111
0010011111010111111111010000100001001100011110010010001000000011
0010110010110001110111101101010010001010111100000001101001011000
0010010101111111010101001000110010101100010001010110101100010100
0010111000001010001101000110111110010010111010011010101101000010
0010011000010010010101000000000111001110010110010011110111001010
0010001010100000001011111100000101110100000000100110110110011000
0011001111111000011101110100110100100111000110101010111101110010
0010001101100011010011110001010011010111000001011001101111010001
1010011010010110100100011001011011100110110011011101101011100011
0010100101101010011010111010111101001011011111100011010010000100
0011000110111001010011001110001110111011010011101111011110110010
0010100010110101111111111001111001110000001100111111000110010111
0010011000010110101110000001101001100000010111001100110000100010
0000000101011111011001110011000000001100010110010010101010100110
0010111000100101100110100001010011001011111100010101101110011100
0010011101011001101110010001101111111110001000110011110010110011
0010101100101100111010011001100111011101001000011011110010111111
0010110000101100001100001010001000100010001010000001111001010010
0010101100110011100001011010001011100100100000100000001011000001
0011100011101101011000000011011100101111111011011111011110110100
0010111000011011101010001011010110101100001001000010101101001010
0010111101101001011100110001100100011110101110101011110101100011
0011011010100100100000110110000111001111000110000011111000110001
0010000100111010100011111100010010001000100111111110011111010011
0010101101001111110000110001111111000001010110011111010111101010
00
0110000100101010011110011011100111101001000011000100011010010011
0010001000110010100101101110001010100101001011000100101001101001
0011100001010000011000010000010101101010101011001001111111011100
0010001110101101001000111110100110001011110100000011010010010011
0010111100001110111110010101110111100010011000111010001100101110
0010101011110011011100000100111101101111010111100010001110100101
0100010011010101100100001100001010111101101010011011110010100000
0010011101001000010110000010010110100111110010001110010001111010
0010100010110001110111101001011011000010001100001101101101001000
0010010000110011101110101011001001100101000001000000000000100010
0010011110100100100101111101100000101100001010111111111111000001
0011011110101000001101101100110000000011001001101101010010001001
0011110011010100010111101001001101110100111101001001111010111001
0010000111111011110111111011011001010001000010100011100000001100
0010000011110101110111001000011011101101101010001111110010001100
0010000000011111111001010110101100000110000110010111011111110011
0010110101101010100101100101000001000001001010000010000011110010
0010001001110100100111110101111011011101010110101000010010101101
0010001111111110111110011000001010101101100101100111000111001111
0100010101111001101101001100001101010111110100011001000111100000
0010001100110100101111111101110001011100010111000000111000010101
0010100010110001110111101001011011000010001100001101100100001000
0010001001100000010011100011111000001111001001100110100110111011
0010000000110000101111100101101101011010000011010111100111111011
0011110011010100010111101001001101110100111101001001111010111001
0011101010110101011111010111000100001010001011010001100100010111
0010110110011110111100011100000110110110000001010001111010000010
0010010001110010111111101100110011000110011100001001100011111001
0010010101111100000000111101100100110101111000011101101010100110
0010010001100111101010111000110001000011100101100100001010100001
0010000001111101011101101000000111001010101110001111101000011000
0010000011100101100101101100100010101111100110000000111000000011
0010101110110110011110111010010011101101110010000100101110001110
0010000011011000100111101100110010110010010101110111111000100011
00
0010011100100000011111010010100000001010100011000111111010111010
0010110010100010011101010100000101111000010010100101011011110011
0010001011000000110011001000000010000101101000111101101011110000
0011010011100001001111000011111000101110100110011001100110101101
0011000011101100011010011001110100100110100010111110111010010110
1101000011101010000011011100100101100000100000111110101110010010
0010011001001111111110001010000101101100000011100110001001101010
0010100111011101000110010101111101001100111111000000110001011010
0010001001110100110101100011100000011001000010101101011001101011
0011101110111001100101101110010000000110000011010110001100110111
0010101000100001101010010101111110011110001010011111100000000111
0010011001111100010111111000110011101111101100100110011111011001
0100000001011011011000101011000011111000110001010000000010110101
0010001100110110000100111100011010110001010110010100100100110100
0010010011110101110100111001101011001010001110001000101000000100
0011011100011010011110011100010011111101110100101011000111111100
0010001101110101111010110101000011010001000000000011111011110111
0010000100001001110110111010010100100000110001101011000111110110
0010000100010000001110000010000110101111001001000110101010111011
0010100010110001110111101001011011000010001100001111000110011100
0010100110110001110101111001001011000010101100001111001110011000
0010001101110101011111110001010010001010001110001110010011000110
0010000001110101011101100101100000011111010010100110011010010110
0010101010110101111110111001001011001000011110000110111101010010
1010000110011011110010001010101000000000001010011001101011101111
0010001001011011000101111011010111100110010111000101100011101110
0010000101010000010010000100100111101100000101001110000000011000
0010111010110100100101010001010011110000001101011010000110110101
0010001001101100010111001101100100100111101000100001001111011010
0010011011100100100111000110000010110110000000110011010000010011
0011001110010101110010110111000001100000010110110000110101110111
0010001000011010000110010001110111010011010110000110101011101000
0010000011111100111100000001000000111111101011111111000010110100
0010010100100110001101100000010000100101110011010010111101000110
0000000011101001001101111011110010001011001100011101011011110111
0101111011011111101110111100100011011101100000010001011000110011
0010101010001000101100000001111111001110111011000010011010010100
0011001001111100001100100011110010100000000001110101100100100011
0000101001111101100111000111001011111101100111000010001011111100
0010001100110100110110001010110011000000010111000101011010000000
0010111011000101101000010101000000101000000110111111111001110111
0100000101111100111110010100100111100100000010011010100110001100
0010001100111011111001001010001101011111100110100111001011111100
0010011100110110100101101010001011000101110010101101100010110101
0010000101111101111100111010101111101101110011001000000011010010
0010011001101010000111011000010001101101010011000000000011111110
0010001111101101100011010000100110000001100010000110101110101111
0010011110100010000101101100000010111101111111111001100010000111
0110000101101000011101010000110100101011100001001101100011010011
0010101001110101111111101000101000001101000111101111110000110010
0010011001101010000111011000010001101101010011000000000011111110
0010000100111011011101110010100010001001111100101110101100111000
0010000101111000010111001000110110101111111100001111110110000000
0010100001011000111100011111001111010111011000100001000100110001
0010000110100110100010001010100011100111001010110011111010000101
0010011101101111010111100111010101010010001000111101100111000010
0010010011111110010101110001111111001001110011101100111010011111
0111010100011001101100001111000111110101100100001101111010011111
0010000001011011011000111111100010001000011100110111110001110010
0000010011001011101111010000101001101110101110000101111011000110
0010001101111110010111001000010011101101110011000010000011111100
0010110000010010100001000001101110011011011110100001010011000110
0010000100011111011000110001111110001010000010100111111100111010
0010111111000111110010000000110110000000111001100001110001001110
0010011001011011111110011000010110101100000001100011101101101010
0010011101000010110101011001001001101010011011011010101010001001
0010101110000100111010010100000101011011010110100110111011111101
0010001111111001110011111101000010000010001000010001100111111110
0010010010010000101000000101001111101101000001000011100000110001
0010100011111000111000010000100111110011101011110101010010111111
0010000001010011001111110111100000111010100111101111100111101011
0010111001011011010110101001110110100111000010100110001011100001
0010010100000111111010111101111001001101000010100100111000010000
0010001010101110100010110111000111101010000111010010110000100001
0010001101111100011110111010100010101101111111000001010111000010
0010010010001011011111010010110101101110100110100101101011010000
0010010000100010101010111101000001101001010111001011111011111100
0010100100111010011111101000010111101101110010100011100111111110
0010000101011000101100010101100111101110100111000110101010111101
0010011010001110010010111100000010111000011111110011111011111101
0010101100001000010100010101001001110011111111010000100101001100
0010001100011010110100000000010011101100001011000000000011111100
0010101100101001100011011011000011001110101010011111000001000111
0010010001111100100100010000100111101110101111001111101000100001
0010010000100100100000101110001010000010000010001001111011011100
0010000101110001110101110000101010100110101110110111001100100100
0011001101100110011011101100010000011011010000010110101111111110
0010001111100100100011011000100001100100101011010111110000000011
0001010011100001001111100011111000101010100110011001100110101011
0010000110101101011110011110100110111110000000000111110011110010
0010001111100111011001101101010100010101010010010010110011111100
0010000001111000111111100000101111110110100110111110000010110101
0010011100011100011100111001111010001000000011100100111000010010
0010001100001111011011001000010101101101110010000110100011101000
0010001001001011011100010101010011111100011001000001010100101011
0010100100110101001011010001100010010010100110111101110001100110
0010001101111110010111001000010011101101110011000010000011111100
0010000111011111111100000100111011111111110011110110101111101110
0010101010111000111100111101001011101100000011110011110010111011
0010010110000100101011111000111111001100010011100110100010001100
0010011101111110010110011000000011101101111001000010100010100110
0011101100001000000101000111100010000100101110101111000000110011
0010001000010011001101100111010011100110000100000111111010110001
0010010000010110001111000000111000011001000111110101011000100111
0010111010110000101110100001011001101010000111110001100000010110
0010011001010011110111010010111111101111100011001111110100010110
0010011000101100100000101101010010111001010000011011111111001010
0011001100010000001010010111000001100101000100000110001011111101
0010001100110100111010101100111011011010010010100110101100010001
0010001101101101111101001000000011001100110011001110110010110000
0111100110000011101010101011010010100001010101110111101011101011
0010001000110110010110001000010001110111110101000011000101011110
0010110000001101100000001110100110100100110001011011011000000011
0010001101111101001010011111100111011101001000011111010000000011
0010011000011111110111001010010110101100010001100000000101101000
0010001111000010011101000110000011101111000100000010010110110111
0000101011001101100010000110100010100000000000001101111010000011
0010101001100010111100110000010100000010100010110111110000101111
0010011000100100011001011101100100110001000001011001001011000111
0010000100001110110010001011010010101101000001000100001100101010
0010101000001001101010110101011111011100110010010111100101100111
0010001101111100111110110111110010110100010110010000011000010101
0010000010011101100010001011000100010111100111110101100010100110
0010001000111001100100010101110111011100100011010111111000010101
0100101000101110111001101100010000111111010000111011101110001110
0010100011111001111111111011001011000011001100010011111101001111
0010001000101000111000111110000100001000110010010001001001100101
0010000000111000100011100000111100001110010000011111100010010011
0010001101111001011100110000110010101010000011101100010011100100
0010010100000000100001100010000101101111000010100111100110001000
0011011010111101001110111001100011110000101001001111111000100111
0010001000101001101010010101101110111111101010010010101111100010
0010100010001010110000101101011101100010010000000001001001110010
0010001101101001001000100000000110001111010010010000100000010001
0010101110001100101000010010101110000101110011011011100000000011
0010011100010010110111101010100101100111110011100011011111111001
0010000100101001010010111010110101011011110010000000010110001001
0010001011111010111010011110100011100001000101000011001000111100
0010010000010011101011100001001000011010000110000111110110011111
0010101110011101011100100000110000100101000111101010001000110101
0010011101000000111010011101011011101000001100111001111011110110
0010011100000101000101001000000000100100110011011001110001001111
0010101010100000100010010010101101101010001000000110010111001001
0010111010000110101000110101000000101010010111110010010101000101
0010011111000101110111100000101100100111011101110111100110101010
0010010001111010001100001000000011101101111011000111100000100100
0011001111101010011011110110000000010001000010010010111111101110
0011101100101101101101111101101000110000100011011011100000010100
0010101110000101000110111000001100101110010110100110110010110110
0010001011100010111011010110000001001100010110110010111010010110
0010001101010110011100000001110010011001000110010010010101110111
0010011111110000010110011000010011101101110011000011110000101000
0010001110010100011010110101000001101110000010110010100110111001
0010111101010100001111001101100010101111110111100111010110010101
0010001110101100110011110001000011010011010010111001101111111101
0010111011111001111010110001100111010011001000011011111010110111
0100110011001011110000110011100111011000111100000101110011101101
0010010011000111001011000000111101001101100011100010010011111110
0110010000110000000001101000101111101010101010010111111110000001
0010010011010001000100100010000001110010000001110010111100010010
0110010111000101100110001100001010111101001010011011110010001100
0010011011110101111010111101000100011000000001010011010111101111
0011111000000010011011001011101110011000101101011011100100110010
0010011100101010001101011110011010000111110000100110001101010110
0010000100010001001001000101000111110111100110000110101010101001
0010010110001110000011111000101100101100111011000100001011110001
0010001000111100101100111001001001100111100111110111101101111011
0010000101111100110111001001010011100101001000001010110011110100
0010011110000000110110000011000001100010111100100101100110110110
0010111101110101010110110011111000000111000011100101101010010111
0010001101110000010010110001010011001110001011101011100110111111
0011111111010011111010000011010110010100110001000001110011010001
0010001101001101100001110010100111000100101000011111111010000100
0011011010000001100110110100000010101110001000111001000111110111
0011001001111110010111100111010000000111010110100111001010100110
0010011010110000101100101111100011110100000100001000111011011101
0010001110111100001100100010111101000111111101001000111000000110
0010111101001001101110010001101111111110101010001101100001100111
0010010001011001011001110101100011100011011100101011101110011101
0010000100010111001111100001000001010000000000001110000010010011
0010001101110001110111110001100011110110001110101010011101101111
0010000100001110100011100010100010010111010100010010110100010010
0010011110010010101111000011100101001101100100101110111011011111
1010011101110011011110110111011010000011111001100110111011001000
0010011101111110111011101110010001010001000000100101110010101010
1000110011000101100000000110000111010010111111011000000111100001
0010011001111100010100110000110111100110001111000011100010001101
0010010110001000111100000001100111110111010110100000001001000101
0010100001100000110001010001011010001011101010000001100100101010
0010011000011001011010001111000010010001110100000111110011001100
0010010011001100001010010110100110111110010000000010011101011001
0010101110010111110010110000101100000110010111111101111011001101
0110010011111100000000010100011110111100101010001111101100010001
0010000111000101000100011000100011001000110011011110001011010100
0010101001100001010111110011100101101110000000110111001000110111
0011101110111011100000100111001111010101100010010110110010100001
0010011010011110011000110011111000000000010010100000100001010110
0101001111111001010101000001110101100101110100001011101110010011
0010011100101100000100110001100000100110100011000111100000111001
0010111100010101001100000010000000100010101000000001110011010111
0010100000010010111010000000101001101101000011010011010011111111
0011001111110100011111111001010101010101010010100010011011111101
0010000110100001110011101001010011000010001100001111000110011100
0010111111110111101000111101000010101000000000101011010010111011
0010001111001001000100100100010111110110000010011110100010001000
0010101000001001000010110001100110001010001010110011100100001111
0011001100111001000100110011000001100111101011101000000100000110
0000010001100011001111010001000110011110100010000101111001110010
0010011010000100100100001110111100110010000010010011010011100010
0011010010011111100000101100110011101111110100100011100100100011
0000111101000001001110111100001110100000010010010010110100001100
0010000011010100101010111101101011101000000110111011111111111101
0011101010000110001000010000110100011010000000111010001000110100
0010001001111001111110110001100011101110101010011110110111110011
0010010001111100010100010101010010101110000010000010000000111000
0010000010100101110111100001011110100100001010111101001101101111
0010000111011010110110010000000001000101000000011010101111011111
0010001100110101111001001001001111010111110000001010000111111000
0010011110110010111110110110101111101111010101000010011101101000
0010001000111100101110111101110010011010010011010001011100110100
1011001100100110001011101100010100111001111100010010111110101100
0010110000011111100010101010100111100000110001010001101110100000
0110010010101110010111011010000011101010110011000001101011011000
0100000111010001111010111100101111110101001100011000100011000100
0101110011011011111011000010111101011111010100000101110110011000
0010011101001011010110000111011000010110000110100110010010011101
0011000000010010101110100010101100001101000011001011110010111011
0010101110001100000010000110011100011010011100110010011110110101
0010001010000100001010010101011000010010000010111110100001010111
0010000110100111000011101110010111100101100010100101001101010101
0010101011110101010001111100000011110001000110010110101111110110
0101101001001101100011001110101011001110111100000100110011001111
0010011101111110110110011111010011011101010000001010111010110111
0010110011110100110110001001001011110001001100011011011010001111
0110000100010101001001001100000111111101100010000110100010111100
00
0100010110110011000100111110000011100101101000010011011011111000
0100010011010011010010101011110101111110000101101000100110010100
0011011011011110001110111100010011001001100000010001001001100010
0010001011011000011000110110110010001000011000000101011100100000
0010000001110100000111101101110011101110000111111110100110110101
0010010011010001010011010101110011000011010100101100101110011000
0010010001111100100100010000100111101110101111001111101000100001
0010010111110000011100100011010100000001110100011010011000011011
0010100000001000111000110000101101111111101000001000010111101101
0100110011010001111000001001000011111000110011010101110010110101
0010011011110110110011010101100011100000010101010011010011110100
0010011101111000011010010000010110000100110011100001010000011001
0110000100011001001011000110010111111101110100000110000010111101
0010011011011011111011110111100011110001000100010000110110110011
0010101111101101010111000000101010000101100110100101110011001111
0010101110111110111011111100110000001110011011101101000100100001
0010011101100010011000011100110111101111100010000001010001100110
0010001001011100110110001001100001011111101111100110100111011110
0010100000010000111010110011101000001001000010000011110010100111
0010001001011000001100110100100010100110100110010010110111000101
0010101010000100000010010110011001000010110110000111011010110110
0010101101110001010111100010111000000111000111100111010110111101
0010011100111110010111011000010001100100110011000011110011101010
0010001101110110010011011000010011100101110011100010001011110101
0010001100110100110101110110110001101101001100011000111101100110
0010110010010000110101000011011001000010001110001000011011001101
0010011000011111100111111010000100010111000111010010001011100110
0010001101101111111111111101000111010101000010011010111010110101
0010001110101100100010001010110001100010111011110010110110110000
0010011001111000111100110001110111101110000111110011101000101001
0011011000111001011011111011011010101011110010000000001110101000
0010010010010110011010010011001111111010100110100111110000100110
0010011000110110110011111111111001110000100101000101010101001001
0010011000011011000111011010010100101101010101000110001101101100
0010001011111111111010010001100111010000110010011111100011110101
0010111011000010110010010101001111010101010010110011011001011110
0010111011000101100010000101101110010100011010010011111010000000
0010111000101101111010011001110111011100101010010011110010001010
0011011001011101011100110011100000001110110111011110000000110111
0000000100110100111000011000100101010010000110011101001010000000
0100111011001001100011000010100111111100110001011111100010010101
0010010000001010101000111111101001000111000001110001100110110111
0010011001111000110110110001110111100110101111010011111010110001
0011001111100101000011000011100111000011101100001010001001011001
0110011011000010011111011001110101000001011000010011000100110000
0010011010100010100000101101000111101100111010000011110000101000
0010010001010011001010101011010000101110110101111001101010111111
0010101010111010111100110001000010101110110111111001100000010101
0010000000111001111111110011111101000011001100001101101010000010
0010011101111011110100010011110011111111110111101010100011100010
0010001101110010010110010000000010101001001111001101100100110010
0010110100111001100011110100110000010110010111001000011101110101
0010001010010100001100100101100101101100011010100010010110110100
0010011101111101100100111100010010011000010111000000001010010000
0010011010001100001010010001101000101000111110000111110011111011
0010111011110110110100000010000011111001001101010010101111110100
0010011011110100111100001011001011110111001000011011101001000011
0010001101111110011111111010010001101101010011000000001011111100
0010100111111001011100101000110110110100101100010101010111010001
0010101000111100011011001000011111011100110111001110100011111100
0011011100111001000101100010011111110111011111101000011110001110
0100000111100101001111100010100010001001111111000101110111011100
0010000001111101110100010101000010110001000000010011111010100011
0010011000111000111001110000000001110111010110101110111010101111
0100000101010100110101010100100011110110000100101100110100001111
0010011111100100100110000110111100010110000100010111011000000011
0010000000011110101010001010101111111110000111110000110000110111
0010000101110110010111001000011011000110101110000010000010111100
0000000000010111101001000010100101000001000010000111111111111011
0010101100010011101010010011100110110100111010011101111000010101
0010100010110001100110011101001011111100001000001111011010110100
0011111011010111101111011110100000111100110101110110101000010010
0010011001101111100000111110010111101000110000100011010100000010
0000010100000001100110111000100000001010001010001011111111100011
0010011100000101100011101101110100011010101001011110011110011101
0010001010111110110110111100100111110011000010001111001100100011
0010010001111100100100010000100010101110101011011011110000100001
0010010001001001001110011101111111011010001000100111110011100010
0010010110100010110110110011111101010111000011000001001001110010
0010001100110101010011100000100001100111101111100100111010110001
0010001001010001000001111010100111110110101101111000100100011000
0000010001001011011101100010000111011110110100011010000000010101
0010000000100101000011100001000010010011100110110101111110100010
0010010111100001011111100011111000101010000110001111100110101011
0010110100101001110001111101010000011000010000101011111110011010
0011000110100110000111101001000011101000100100111110111000000111
0000000111110101100110001110000111110101000010001011011010100011
0010001110100000000001011001010011101101010011000100100111110010
0010111001011011000110011000100011100100000010110110110110101000
0100010001111100110100000000100111111100100011011111100010100100
0011111111010001011000100111100100001011001101100110100011000101
0010001110100101001001011101000001111111011011100110100010001001
0011111010110100010101110001100000110010001101010110101100011011
0010111100100111110010111010101110000101110011101101010110010011
0010000100001000111000111000010110000100111100001101100111011001
0110000010010000101100100000111011101110101100001010000111110011
0010101100110011100001011010001011100100100000101101001001100100
0010100110101101110001111110101111000111110011011101001010110011
0010101000101001101101110001100100011000100001111111000001110111
0010111010111110110001111101110011111011110001100000111011001100
0110001101001001000011000001110000000001110001000110100011100110
0010101101101001011101110001101011010110000110001110100111110101
0010001111101100000000000101000001110000001011010111101110110101
0010100010110001110110010001011011000010001100000110000110011100
0011010010011110111000000110100010011100010000011101101100000100
0010001101101110110100111001101011100111000011111100110000011000
0010111111110001010110000010111100000111010111100111010010001000
0010000110100110001011010000000001101100110111000010111000101010
0010011011111100100000110000100011100110011011110011100110111001
0010011011111100100000110000100011100110011011110011100110111001
0100110101111101111010101101100111110000001000010111110010010101
0010111100000010111010010101001000001010000110110010110100010101
0010001101111111011011000100110011101111010010000111000111011100
0011001111111010011011110110110010100101000000010010111111111101
0011011010011010001010010110100001100101000100100111000111111100
0010011001110010100100000110010011001101001101000010100001110100
0011010011100001001110110001100000110100001101110011111110010111
0001011110010001111111110110110000110110010110110001011111001101
0010001100101100001100111001100000001001000111110011111100110101
0011000010001000001100110110001101101001000001000110110011110110
0010101001110101010100111011010010110010011100000001110011100010
0010001111101100101100010000100011100110101011011011001000100000
0010101101000001110111100011111001100111000100100101000000110001
0010001100100110001101110000000011111101010111000110001100101000
0010011010010101101101110101100001111100001101010111010010110101
0010101110110001000101111000101000101111101011101011111101001010
0010001101110010110010100010000111000111101110000010100011101000
0010001101001010001111010110000100101011011101010010011010011000
0010011111111010111110011001000011101101100000010011101011110111
0010000101101001010011100110100001010101000010010111010110101011
0010001111101100101111010110110101000101110000011110100000010010
0100100100100110101100110001100000001001110111111101101110011001
0010100010011011111111110100110010001101000110111111011101111010
0010010001111001000101011000111110111110100010001011100010110100
0010111001111101101110110001000011011010101010000011110000111111
0010000100010100001000110100100011001110101111001111101011101011
0010001101100100100100101000010011101111101010100110111000011001
0010100110010100101010111000000011100110010011111001111111110011
0011011100110010001010011110000001100101000000000001011010010001
0010111010100100100101110001100001100000000101001001101000101011
0010001101110100111111001110010011000110110001000011110100100010
0010001000010101101100010011010001010010000110110001101010100111
0010011101111111010111111000000010111011110011101100011110101100
0010001001101001011000111010101000001001111110000001111101000010
0010000010001010101000011111011001100101000010100011100000101000
1000000011110101100110000110001101110111101010111111110010100011
0010101011101100011111110000110101101001010001100010000010110111
0010011001100010101010000000100111111110101011101110101101100110
0010011001111110110100000000110011101100110011100010010011001000
0010000100110001110000011101011011001000111110000100101111010111
0010001111100100011010100001110110001001000011000001010010011000
0010101110001101110110110111110101111100010110100010110110101100
0010110000010100001100000010000011100001000001100001000010010001
0010011101100100001111011110000011111111000010010010100010010000
0011001110111011010110100000110001100001000001010010000010110100
0010000010101011011011010010100100100011100000000101111111010011
0010100000000010000001110011001000001011000011010101110110111001
0010101100100001100001011010011011100100000010101101000011111100
0011101010010000001011110011001000001001000010010010111011110111
0010101001111110111000011100010111101100010000111111100110100101
0010001001010010111101011011011111000100110011000111001101100000
0010101100110011110100011110111011100010101110100000010001000001
0010111110111100111100010001000000100000001010010000011011000101
0010011010010100000010010111000111110100000010111011000110011001
0000010111100110000100000110000010110001000001000011011011111010
0010010000111010101011100000010001000011010011011101001101101010
0010010011110100001100011011101011100110000011111001100010110001
0010111000001100001100010100001010100110110110011110100001001100
0010010001011100000000010100011110101000010010001110101000011100
0010111011010001111011100101110000100011000100001100111111100011
0010000101100101011100011100000111010011100011110110011110011101
0010010011011011010001111001010110011000010001000110000110011101
0010001001011011110111100110000011111111000110000010011011101010
0010001101110111101011001010010110101101101010100010010000011000
0100000100010001101001010011000111110111011000000100101010111111
0010001101111100011101101001111110001111000000100011111001000100
1010011101000110001001000000001100011011110001101101001111100010
0010000101100010001001010001010010110110001010100010010010100000
0010100100011000010101101010100001111111000011101011001100001110
0010011000010011100100010010000111101110001101001010100010100000
0010011010110010001011111100010001001101000011010001111011011110
0010101011110011110011100001010011000010001000001011000111111110
0000010011101000110001100111000110010101000000001011011010100111
0010111110010110101110000011101001101000010011000111111011010101
0010010110101000011010110110010110001011110101111001010010011000
0010011001101100010010010101010000011000110000000111010110011100
0010011001101011000011010110000010010001000000000010011010110111
0010101010101101101010011100110100000001110101001101111011100111
0010101011010001110110100010110111100111000100000011110110101000
0010001110100000001100110110010010100100110011010011010100111110
1110110010000100100010101010000011100010000000011001001011110011
0110000100010001001001100111000001110101000101000111001010111111
0010010001101010010011110110110011010111110010100111111010111000
0010001001101010010101011001010011100111010011100011000010111100
0010010010010001110011100111011001001010010100001111000110011100
0010011010110100110100111010101010001000010110000010010111110100
0010000001110110100101010100000111101111101111001010000000100000
0001010011101010011111100011111000100010000110011011100111101011
0010011001100000000101010011000010010111000110100001010000001010
0011011001111011000110110010011001110111011101011010011100000010
0010001110000100001010000000010100100111101011100011100000001000
0010001101111101010111111000010111100101011010010110000010101100
0010000110111100010100011001101111101001010001001010110010111111
0110001001100010000111011110000100111000100100111010111100010011
0010000010111011000100001010010110010001110000101100100001100110
0011011100111011001100100100000101011000010000110010011110111111
0101100101101110010001001010110111011000110000010101100010111101
0010000101000000100010010001100011100110000011000101010011111011
0010010000001011101011100000100011100011000010101101100110000011
0011001100101011011111011001100001110000100001110010001100110111
0010011110110000010100011010000111110101010010000110011110111011
0010001111001111000011100111010000010010000000010110100101101010
0010111010011111010110000101111011101000010101011110111010111000
0010010010010101100010001110001101110111001000101111011110000001
0011000101111000011001110011000111110001001000010010111000101111
0100000101101001101101111000000100011000110001111101000011110111
0010101110100010011100101001110100000000010000010100010110100101
0010011010111110100111000110110001110110100111100111000100111011
0010111000111011000110011000100011000001000000010111110110011010
0010011000111111100011111110010010001010111110110100110100011111
0010010000000001101110011111110101111001001000110011111100100110
0010011101011100101000110001100011100110000011100011101011111101
0010001101111110010110011000010011101101100011000011000011111000
0010111011011101100011010000100010101000100110000000101011001111
0010011011110100011111000001001001101000010111001010000011111101
0000010001001111111000010000100111000101001000011010110110100011
0011011100111101001000001110110110111011111110001101010111001101
0010010011000011001011110111000000010001000000001010111010100011
0010000001011000111100010101101011110110001011001011001110101010
0010111100000100001000111100110100100010111011011011111101111100
0010001101110100100100000000100011101100101111000111111000100111
0010101100011000110100111001010011100110101110100011101110111001
0100100111010111110000000011100110100100111001010100100111000100
0010110010101100111000110101111100101010010111100011101100100001
0010001111011100110110110101100000101110110111011001101100110101
0010111000010110110110010101001011101000010110000000100000110100
0011001111100010001000110001110101011011100011110010111100110011
0010011010011010000111000110100010111101100110001011011011111100
0010100000000100101010001011010111110001000000011011010000110111
0010010011010001010110111001010010111101001000010011001000110010
0010011110001111010111101100000101111111011011000110000011001000
0010001110100100000010011101000011100110100010011001111011111000
0010011110010101111111010001001001100110010110110000111101100101
0010011100110010010111011000010001101001110011000011101111011110
0010001111101001010011100111010010010010000000110110110011001001
0010001110101001100000011000110001100101000011111111110100010010
0010100010001010110000011000111101101010011000001000010011110100
0010011101111100011000111001100010100110110011000010110000001001
0010000001011001010000111000110001101100010001011010001101100000
0010000010110101011110101000001001111011001100000010100111100001
0010001100111110100100011000100110011111001111100010100011101111
0000000000000111101100011001000110011000001010010001101111000111
0010000001101000011001111001110000101100010011100111101010110011
0110011101111100111110001001010011101101100000011011001011110111
0010111111111000010111101000000001100010110011010010110001001000
0010001001101110010100010100010010101110101111010110011111000110
0010111000010101101101000000010001111000000111010011100000111101
0010011000101010011111010000100111101110110010000110111011010010
0010001101111101011100111010100010001000111110000101111101000010
0100001111111100110100010100000001100111010111001111001000110000
0010010111001100111100010011100011101101100010110110101010101000
0100010000110000000010010110001111110100010011010011110110010001
0010011011011100111100010001000011101100110011010111100010111101
0010000000010101110100000101011111100110111010101011010100110100
0000110111000111111010100100000011010011000010011101110000000000
0010001110010110011110001001011001101101110011001110111011011111
0011011111100001100111110111000000100001000000000011111111110101
0010011111000110010111011001110111000001011000000010000100110000
0010000101100000000101010011000010001110001110100011010000001010
0010000101000101111101010000101111100110001010011011011100100000
0010001100110100100111101000010011110111101011000011100000111000
0010111000101011010001010111001001011011011110101010111001101110
0010001111011100011000010000000001101100000010010010110000111000
0010100000001101011110010010110100100010101010001101110011011010
0010001101111010010111001000010011101101010011000100100011111010
0010001001011001010110110001000011010110100110000110100110111110
0010111001011101111011110100001000011100010110011111101000100110
0011100110100010001000101010000111110010110000101011110111101001
0011000000111000010101100111011111000010001010101111001100000010
0010001000101110011101000000100111001010110111001101110111100001
0010011101111101111010110001100111101101011010001110110100011011
0011001111110011011011110111000000110001000000010010111011110100
0010010000101011100110111000000010001001111011000010010001010010
0010010000100100001010011011011001011010101001110000100010101010
0010000110001010100000111101100101110011000000000100000111110111
0010010110000100101000000111011000100011100101100110111011011100
0010111000111100100100111010110101001100110011100111101000110011
0010111011101011011100110101100000111001000100010010111111110111
0010011101111011010100110000110010001010100011101000010011101110
0011001111100010000011100111110011011110010001101011010010001000
0010100010111111011010111001011010100110010100011110001101011000
0010100010101101010100100111011101100110011100101110101011101011
0010001000011101010000101010100111110111100000000111101110110011
0000000001111111010111001000000011101101100010001110010111011000
0010011110100010000111000100110000100100111011011101000011010111
0010100011110101111110001001111001110101001110100111101100010001
0010111111100100100100110100100011101010110101000110001000110101
0010101100010100101111010001100011011100110110110111000101100110
0010111110101110100010111010101111000111110011111101101110011011
0010000110100010110011111100011011000110011100010110111001101100
0010001100000100011001111000010111110111001010100110000111011000
0010101110100101110010111010101110000101100011001111010000010011
0010010101111100111110011100100111100101001001001011111010100101
0010001010111000011100010010100000011010000010000110111010110111
0010011100110010100010011101000001100100000001000011111010001011
0011011000101111011110000001010011000110101011100001100100101010
0010011101111000010101100010000011110101000011000010001101101110
0010111010101001001100110101101100111000101100110110001100110111
0010000000111001101100101000000000100000111000011111110100000010
0010011010000111000100101000000000111100100011011011110000100000
0011011110011101010011010101101100010111001011111111100110100001
0010011100111111001000110000110010010011001011101011111110011101
0010000110001100000010000111110100110010001100011111001000010000
0110011011110110110101001011010001100111110010111001000101010011
0100010001101011111101010000100101101010100011010000101011010010
0000010000000011101010010010100010000011001110000001111101110011
0010001101111110010111001000010011101101110011000010000011111100
0010101110000101110000001000110111001111000010000010100000000001
0010001000101010011100110000100000111011100000010010111111000100
0010010010010110011100010101011111110010010010101001001011010010
0010011011010010101110110000100001101101000000000011101011100000
0010101111111111110111001001000111101101101011000110110011100100
0011111000110000100100111000100011001010111110010010111100001011
0000101011001101100010010000110101001100011101011101000011110100
0010110011110100110100001001001011100000001110011010101011111000
0010011110110010000101110101100101001010101011110101000010001000
0100010011011011010010100011110101111110001101101001111000101010
0010001010111000011111000000011011101010101100001101100110000001
0011000001000110011011001001001001010011111000000101100011010001
0011000011111101001110100010110001100010010000011111000000000011
0000010011111111101100001111000110010100000000011011010000000110
0010011000100010100010101111000111100101001001000011100001000001
0010001001111100011111110000010001011101100110000011001011011110
0010011000100101011110010011101111011010101110011101101100101111
0010011001111111011100111000110010000101011110000001111000100010
0010001111111110010011011001000011110100110001001110100010101101
0010001101011001111000100011111011000101100110011101110000111001
0010101010001001100000010001001011101000011110111011101000110101
0010101111010101110010100101110111000010000100100010100010100000
0010001110001100000010000000010110100011001101000010010000010101
0010000101101110011011110110000001001101000011010011111111000110
0010101010100010001001110101111100001000010001001010011101111100
0010001010010000111111101011011011101110000000001001001000110011
0010101111111010011110000001111111000110010111110010010101100000
0010000100001110100010101110010011000101010000000110001110011000
0010000001111001100100101000111011011010111110110010011001110010
0010101000110100111111010101001001101001010111100000110000110100
0100100011100101100010000111100111100100001001001010010000100110
0010101001110001011011100001011001001000000000100111100110000100
0010010001111001010111010101100110100101111100100011101010010001
0001000100000001010100110100110001110100001010100011000011111110
0011001011010010011000011011001100101001100001000101011001101101
0010110001101010001000111111010010001000011001000001001100011101
1010110011010101100000000010100110110010000101001111101010100011
0010001101111100011110011000100011000010101100011101111111001011
0010011110110100110100101101111010001100010011000000101010010100
0011001111101011011011110111000000010001000000010010111111110111
0010011100101101000000100111111000000110100011000101010001111100
0010010111101101100010010110010010101100101001001111100000100111
0010111000010100101110000010101101001000010010111111110011011101
0010000011101001011100101010000010000000101010000001111111010011
0011101010101010010011010110110111010000100010011011111011111000
0010001110110010110110110101000001100101100011000111010010111101
0100001011011100100100010000111001101111101010101111110100000110
0010001000101001110010011001000101100110011000011110100010010001
0010101011110100100100011110101010110101000010111011011001010011
0011110000110010000100110100000111100100000011000110011000110001
0010001100010001001000100101000011101101000010100110111010011101
0010111101111100110111001010000001100001001110011010011011001111
0010010101110010110101001010010011101101000111001010000010110000
0010010000101000100100000010000111101110001101001111100000100001
0100000001011000011000111101100010110000011100111011101110010101
0010100000011100101100010001011011010010100011010011101100111011
0010000101111000010001010000110110101111101100001111101010000001
0010010100111101111011010011110000000100011001000000000111111011
0010001011111010011110110111110000011001010101110010111111110111
0010110100011001111111100000111001110100010100101010011111110001
0011001001111001011100101011110111001000111110110101011100000010
0010111010100110000100101001000000110000110001000010110010110011
0010011000100010100000011010010010001000001011000010000000011110
0010101010011010101100101101010011101000110001010011000110000001
0010000101111000110100110001100011100110100011011111100110101001
0110010001111000100000010101011110011000110010000110001000111000
0100010101111000011010010101100111110100000011010011101110010011
0010001001101101101010110011100111011110101010000110100010110110
0010010011111000001100010100100010101111000011001011100010101000
0011011111111000011100011011000001110011001010010010011111111111
0011011110100111000101001001000000111100000001110101100000101011
0011011111111110011011111100000001100101000001000011011011111101
0010010101111000111110010100100111110110000000011011110010000100
0010101110000110010001111000000000000101100001100010000100110000
0010001111110111110001011011100001100101100100001000001011000110
0010011000011111110110000010010100101100010001100010001101101000
0010000101000010111001111010100110001100010010111101000101011011
0010100011110101110100101011010011000000101100000110101001000111
0010011000011110110010100000000001101100111010011010001000011001
0010011101111110110110001100100111111111111010111110111011011110
0010011011110100111100111010000001100101000100101110001001011111
0010001101011101111111010011110111111100110010100000110111001111
0010010001111100110110011001100111100110001100001111101010000101
0010100100001010000011001010000011010000101010100110101101101110
0010011100110010110111111000010011001110010100000111010110000000
0010011000011100111010010101001111100100010110110010001110100110
0011111110110000011100100011010001101111000100010100011011111111
0010111000010000101101110001001000001110010110110010110000000100
0010001001000110000011010000100111101100001101000010101001111100
0010010010101000111001111100000010110000011100111000110110001111
0000000100000101101010010010001110010010000110010101001111000010
0010100010111110100100101100000010101101001011110011111110010001
0010101010011001110010000001000111001001010110100001000110101000
0010010001101111011000010000001011101101011111110101010100101110
0010010100101000001011001100000101111011111001010011110110110010
0011110010001100001000010101000000110100000001101110001100000111
0010110001000010100000110000000100100010100110111100111110011000
0000000100111001110101110000011011010010111011101000001110011110
0010011010110100101110010110100001100100010011011111111000100011
0010111010110100101100001011001011110011100001011010000111101000
0010010010000110010100101011000001100010110011001010111100001011
0010100010000010101000010001010101011110011010010000100000110100
0010101001110000110110101010011001100001000111000000100101001110
0011001101010111101001000011110100101111101100101001111101101110
0010001101100011100011010011110000000101101111001001111111101011
0010010001011111111101010010101101101110101011100111101010011010
0010110101001000000101010110000110110100000000001010011010000001
0010111111000100000100001011001110111100101000100011100011111110
0010000011010011001000100100000001101000010100001011110010100110
0010001001011000010110000000111111010110001010101011111001100101
0011010100110010111010110110000100010101001001010011011111100110
0010010001001100110000101001100111010011110100001011111000100001
0010101000000011011010000000100110001111110010011100011010011011
0010101000001001111000010101001100000010000001111110101101111111
0010111010010000111101010101111000111100010010101010100010010110
0010011001010010101001000011010000111111000100101001110110101100
0010001101110010000111001110110010001101000000000011010010111000
0010111010011110111000010101011111101000110110110011110011111100
0010010011111101001000111011100110000010111011101101000001000011
0010001011011101100011001000111010000010101110000111110011001111
0010001110010010011010110100000000101010010101011111111011001001
0000000101111110010010001100000011101101100010010010101011111100
0010110011000101101000100110000110111110000000100010011010100011
0010101000001101001110000000100101001000000010101011101010110111
0111110001100010101001111000000010100010001111101011111110010010
0010100111011101000100000001110101100101001101001010101000110111
0010110011110110000101011110000000110001001100101010001100100010
0010001000110000111100010001001011100110000111100111100110111001
0010111100010101100000001011011000001111111011101000011001010011
0010001001111100010000100110110001101010001001010111100100000111
0010101011110111001001100101100000101010100100100000001100100011
0010001111110100100011011110000101101101110010010110100000010000
0010001101111100010100110001110110101110100011000111101110110001
0010110101101101001111010100100010111011010000001010011010111000
0000000010000111001101000011011111010100001111110110000100000110
0010111010010000111000000101111101011000001110110010100010100011
0010010010101011111000101010000010100000100010001110101101000011
0010111000111011000110011101000001010101010010100111011101101011
0110111001111110001111111100010011011100110110000010010000100011
0010001010011111001110000101000001101000010011011101110000000011
0010001101011110011101001000010111101100110011010100000011001100
0010001100111000010111001000010010001001110011001010010010111101
0010011100111100100000101001100010000010000111000100101000001110
0010011110001010010010000001000111010100001010111001010011010101
0010010111010101000010100111010111010010001110111011111000000110
0010101100110001110100110010111101101010010110100011100110010100
0010001100000111001111111000000100110111110011011101101011110111
0010001101100001100111000111110100010010001101101110000010010011
0010100110000110111010100101010011101010010010000111101111111101
0010110000000000000010111001000000011110101011001100111010101011
0010001111111110010010000101010010000101000000010010110010010100
0010001111111100011100010010010110000101010011000011111010000100
0011001100001000011010011111100101110001000000010000111011110111
0010001101111100000110111011000001100000000010101010100010011100
0010001001111100011110110000110011100110010111001111101010111001
0010000011111001011001000010001100101011110110011111100010110101
0010010000111100101110010001100101011110001111011111001000100111
0010110011011011011000111110000011101101000011000101011010101101
0110010101111000110000010010101111000111100111100100101000000001
0101010000101110100000101011000111011111001100001011111001101100
0010101111111101111000100110000010110011001000010011011111100111
0010011100111010001101100110010010100100110011000001001001001100
0011101011001111101101111110110100010101110001100111011000110011
0010001101111101010101011000100010110100111000000000011011000000
0010001111110000110100111110000001000001100101100101000001111111
0010011000111000010100110010010010101110101111110001100101100110
0010001011111101110111101001010001011100000110100011100100101110
0010001100111110110011011011100011101101000000101001110001111101
0010011101101010011011010111000010010101000000010010111011010111
0010010000111011011111001000010011111101110000000111000011000100
0010101100110100110100010001110001101100110110111110001110111101
0010011001000111000110101001000010111100000010111010110000110101
0001001001011100101010001110101011110110011100110010110001111110
0010001101111000111100101101110011101011010011001110010110010000
0010001101101001010011010010100010010101010001011010111011001111
0011010011100011111011110100111101010110111101011100110001101000
0010000000111100101110110100000011100101000010010111111010111000
0011010001110000011100100001010111101110000001011011100011110001
0010001111100100101110010011001001001010111110100010110000110011
0010010101101110110011111001110111111101110100011000011010011111
0010010001100110001111011110000000101101001001001110110110111110
0010001100111100011100110000110110100110100011010000100001001110
0010001101111101011110110011110001001100011110001110010010011001
0010010000111011011011001010010001111111010101000010000011101100
0010001101110101010101110010100010001010101111001111011100110001
1001100100100010010010011100110010001001000011100011010010011000
0010000100001110010011001000111111100111110011001101111010111100
0100010101111100111110011100000011110101001000011011111010100100
1101110110000100001100101011100100111101010111000101011000100000
0010010001011111110110001000000111101110010101100111101001100001
0011001000101001101000110010100110000111000011000101011000010011
0010001000110101111111110011000101110100010110010001101010010101
0010001000100000110111111001101011010001100110100100111110100111
0010000110101000110110001010000111110110000111110101000101100110
0010010100100100111010011101100011001001110110000011100010111110
0010011000111010001111110110100011100100010001011010011100110001
0010001111100111000000111010100000000000100111000010100011001000
0010101010110001100101111111000010100000100100110011001100110101
0101100100111010000000001000100111001010100110001011111100010100
0000100010111111011000101110100111000101100100010110101111111000
1001110110001000001011100101100001000100110010100110000011010010
