0010100110011000111010000001011101111100011100011110000011001000
0010000110001010111010111000110101101000011111001101001000110111
0010101000000110100010001010100011000000010001110111110111011100
0010100011000001011110101100011001011010101001110010110000110100
0010010000100011011111010010100101101010100010100101111011110011
0011000100011000000110000010110011101000000011111101100110000100
0010001111011010110111011001110001100111000111110010110011100100
0010101001011100011110110100110101101101001010110000110111000010
0010100111000101000101000111100000010100000111100010100100010000
0010001001011101110100111010010110101000000110000111111101111010
0010010000100011011111010010100101101010100010100101111011110011
0010011101111110011110111000100101100111010001010111101111101001
0010011010000110111010010010000101101000110110100100110000110010
0010000100000100101101010001110010000100000011100001001110110010
0010011000100010100101010010110000010110101001011011010000000100
0010100011011101001111110100110011100000011001011101100101101010
0010101110111010111011111011110101101001010000111010000100100110
0010001010000011101111011001111101010010110011000001000010100110
0010001111011010010101001000000100100111010000000110011010111101
0010011000111111110111011011010010101000010101100110111100001010
0010001110000101101110111010100000000001000010100010110011010100
0010101010000010111100011000100100101100011000111110111100101100
0010000101100001100101111000001100010011010111100000010010111111
0000000000010000000000000000100010010010000101100100010001101001
0010111111011100011101000010110000001101000110100010000011111110
0010111100010000110001010010100111000110100000101001101110000010
0011001000011111001110100110110001100000010001011111101001000111
0100100110110110011011110001101000100111110010000110010010001011
0010100010110001110111101001011011000010001100001111000110011100
0010000100100000010011011001010011011101111011000010000011111101
1010000010101011000101010111101101101111011000000111011100000000
0010011001010100100100010101000011101100100111010011100000100000
0010100011011011111001110111111110001110110111101000001101100010
0010000010001111001010110110100000101011010101011111111010001011
0010001111111000110100111000100010100100001011100011000000111000
0010101100010111100111111100000111000110011011000100110000000110
0010000100111001000110100001010010101001010101100110100100101100
0010011000110111111101010000010001101010110110000011010011101100
0010101000011000111110010001110001110010000010110011011011010011
0010001101101100011010110100110111101110010011000100001100011001
0010110100001010001001111000000100101111110101100010110100001010
0010111010010100111010010100001101001010011011100000101000110100
0010101101011101000111000010011000000011000101100111000010001111
0010101000000110110110101011101001111001101110100010100010100001
0010010110100101100101011101001010110101110011001011110000100000
0010101110011000111100110000111111101011110010001101101000101000
1011100110111011000101101000110111110110101100111101010110010101
0010100000010011000100010110100011010011010000011110100110001001
0010010010000001000100000001100011011011100010011110110110001101
0010001100011100000101010111100110100111000101100111001000111010
0011000000111110010110000110001011010010111101111111101001001100
0010000111001000011011100001010000101001101011000111100001010000
0010001000011100111001011100111110101010100001010001101000110001
0010010111011000001011110001010011100100000100110011110110101100
0010100110101011110001101001011111010010001000000100100101100100
0010100010101000110110001010010111110010001000100000100010010100
0010010111111011100100100000010111010010001110000000100000100001
0010011110011000111000010101010001101110101110111011001000010001
0010011010011100111000010100100001101010011011000111100000110000
0010110000101010011101011010100100101011101000100011110111010010
0010110100000101001101011001001110010110001111110010001010001011
0010000101011001101010110101010010011000000010101110010101101000
0010100110111110011110010001100111101000101100000000101011011000
0010100010110001110111101001011011000010001100001101101101001000
0010001100001010110011011000000011101001111100100000000101010101
0010101110110110010001011000100010101001010100101110000111111110
0010010001011110111111010101010111000100001010001010111001001101
0010110101001001100101011111111101000000100101000101101110111010
0011110011000110001111100010111000101010010000010000100011010001
0010101100000011101111111111111001011001001101100011011010101110
0011011100011111011110111000110011101000110100101110110011111100
0010001110001100110010101100010000001001001010010111111001100000
0010100110110001110111010010110111011001011011001101000101001000
0100000000010110111100100000101111100010101101010110000000011000
0010101010010001110100110100010110110001000010010101111011110010
1000100000000111101011101001011011000100011000101111101101011101
0010000110001100010010101110110000011001011011011000000100111111
0010101111110110111101011000100000001001000010100010000111110100
0010010101011100010100010000111011100110100011001100111000111001
0011001100111100101010001101111011110011010000010111101001001110
0010101100111000111100011001100110100000100111100000010000010010
0010000010010111111100000100011111111100011011111111101110100010
0010100001011001010001001100110010111111110010100110101101101101
0010101100110110110010011001101011110001101000010010100010000111
0010001100011110110011111101101001111001001001000010001010110110
1000001100001001011100100011000000110111111100010010001101111111
0010101101011100001100010101110111100100011110010010010001001010
0010001100000101100011111001000000100101110000000010001010111100
0010001000011010110111101100010111101110010001000010100110111001
0010111000100110110001101010000011101010011000111111101111111100
0011001100100000101010110010110000000011010011101001001110011010
0010111000101010111100011000100111111011111000000011001101110010
0110011001101111001011110100100110010000011010110111111010000110
0010010100010011101011101101011000011110011001111100011100000010
0010011000000100100111010001100000100100110011000111010010110010
0010110010111000011000111100000111010001001000000110010110010110
0010011000100110010111010000100001101110100110001111011110011000
0010000000010110010110000000001010011001110011110100000001100110
0010110110001111100111001001010101000010110101000011011000011101
0010111100010101000001101000100100010101011011000111010011000010
0010001000011111011010100111010001001001011111011001100100010110
0010001100001100110001011011100001000000101001100010001111101000
0010010110101100010010110001010111101001011111011110111111010001
0010101000101110110101101001101101100011011010010101100100110001
0010001110000110000000011011110101001000010011100000001000100010
0010001100100110110101011010100011101001100000100010000100110110
0010001110001110101111000110100001101110100011101101101110010111
0010001111010111010001111100100000010011110111000011100010000101
0010111010011111111100111101001000001000100000001011010010110001
0010001111000100100011011011000000111010010011100000001110010010
0010011010000100100000011001000111101100011110001111100000100001
0100010010001000011011010100000101101010010110011111111010011010
0010010000010110011110010001010101100110110110100101110011111011
0010001001111100010110000101110010101110001111111100010000101001
0010011001000100000101110001100101000101101111010111110100100001
0010000001110001000111110000110000100110101110000110100000100000
0010010010011011011111010110110101101110110110100111001111000000
0010011000010110110100000100101111000110110010110100110000100110
0010010101001000110011110000110111100111111000001101101110001001
0010001001111000110100101110101010101110111101010010100110100010
0010001000011101100110100010100001100000010001111100110100110011
0010011010010011110001010110001111101110100010111010110000010110
0010110100011000111001110101100011011100000101100011101100100101
0010011101111000011110010000000010100100000011100011100110111001
0010101101100100100111110101100011101101000110101001001010010011
0010101111000011101011111110101001011001000101100011111010110110
0010001100011010110100011100100111100100011010101110111101010110
0010010010000000100010110111000100101010000001010101011110001000
0010010100111111011111010010110011101010110011001101011011010011
0001110110100101111011101010011110100000010111110010101111100011
0010001111001111010110000011010110100000010011011111010010011000
0010011010111100110111011010110101110001010001111001001101011000
0010101101100100101110101111100011011000000111100100100010010111
0010100111001111101111010110110101010000010001000001001001101000
0010001011110111111111110010100011101001110110111011000010111111
0010001111000010111001111101011000000000111000101110111101011011
0010111010000110000011001000000011000001011001110101101100001110
0010001001111000010100110000100010101110000011000101101010001101
0010011001111000010110111010010001110101101011011010010001010000
1101010111010111010111010011001101110111110011001000010011100111
0010010011111100110100010001100111101110101111001101101000101000
0010110100111011000001111100010000001000010111010010111010001011
0010000101111110010111010100110010101111010100001110000110011100
0010001101111101100100010100110110101100101010011011010010101000
0010101010010001110100110100010110110001000010010101111011110010
0010001000011100111110111100110101011000011011010100001100110000
0010010011100011001111100011000001011011110101100100010111101010
0010010100111001110110011010000011011100001011011111001000101101
0010011110110110101101111110111010001001110011000001110110110011
0010000101111101110110010110100011100100100010011110111110000010
0010010101100101111011100010110110000100000110011110111100000000
0010000000011001101000111100010100000000111101110000110110101101
0010011110000110100101110001110100111001000011010000001110110000
0010101100110010111101110001100100101000001000100011001001010110
0010000011110001110111001000010010100110000110001111000110000100
0010010001011011100101001010010110101100100101100111101101101000
0010010110001100000000011010101100101001100101000000010100101101
0010011110110100100110011001100001100001000010110111110010001111
0010101110011110100011001111000001100000010001110010100000010100
0010001011001110010000101101110001101000011011000111000100111100
0010001001011000111100111001001111101110111110111111100111111110
0010100101010010101111111110011001001101110000011010101001111110
0010010000010010010010001010000101111100010101100110101101100000
0010011000011100011010011000110101101000010101100101101000100100
0010010100100111000101101100111100000001011111000010000111010110
0010001110111100110110011100110011011110011011100000011000000101
0010010100101010111010110000100010000001010010000111001000110010
0010111010110111000110010101101011101000011110011110101000111011
0010111100010110101011001001100001100000001011110101110000000100
0110011110101001011010011100100010011001011111010110111000010010
0010001001000100010101110000010000000100000110000110101001000101
0010010100101101101010011101100111100011000001100011001010110000
0010000101001010100100001011001100111010000111101111101100001010
0010011100001100111010111000110111010001001011000010001000110010
0010111011010101100000101001000111110000000010111011110010110111
0010001011010100111100100000110100100101010000000110010011111010
0010111000101110011010010101101111110000010110011011011011010100
0010111100101110110001001101010110101101010111011111110000101000
0010010001101010101011110111011011000010111001001111100101101000
0010001100111100010000010001111011101111100011010010101011001010
0010011100111111100011011111000111100100000000110000011000000011
0010011010100110001101110110110100001001011111100101101100100010
0010111110001111110000101001110011100110010000100010011010110010
0010011001111010010101000100110111101110110111101110001001101000
0000011010010101000000010111000001110111010111011111111011000101
0010011000001010011011010011110101100000000100100101011001000000
0010011001111000000100100001110010001111000111100111000000111001
0010101111110100100100111110000011100001001111110011111000100011
0010001110000100000011010111100000100000000000100000000001101000
0010010111110100101001010001010000001011100101001011110110111111
0010110010111101110111001010010011001100010001000011100001101111
0010010101010110110011111001110111100100101011011011100010110100
0010010000101101101100100110010110001100011101001001010011010001
0010001010000111111101111110010111100100010101010110100000111110
0010011101111110111101011001110111101100110111000010011011001100
0010011000001011110010011001010101110010000001000001110010111100
0010011011000001011111010101101011100100101100100101111111000111
0010100001101011101011110101100010000000111001101110101101001110
0011101001010100001000110001001011100110110100100111110110000010
0000010001111110100001011000100111101110000000000111000000000010
0000010001111011101011110110000011011101011101000111010111010000
0010011111010100100010010001000110111100000110010001100100111010
0010100000001000011111101000100100001010011011110101000000010111
0010001000011110111101101100000011100100111010001110111101011011
0010000001011101100110100101010011101100011011101111111110010111
0010001000110111101111100100100011100100111000011100101101001011
0010101000011111111110001100010101101100011001001110101101000110
0010001000100010010001111010000111100101100001111000001000011100
0010001101111100011110110000010011101111110111001011100010101001
0010011111000111100001011110100100100110100100011110000000110101
0010101000111111000011000100010110000110011101000101100010001110
0010000110100010111011101011110001111001001011100011001000010010
0010001001010010101100110001010010101110001000100010110101111101
0000100011001100111110010001001110111101000100010111110000111010
0010011110001111000111010110100010001000011010100011011011010000
0010101000111100011101101111011110100111010010011000111001010100
0010101010110101110110001010010010000000010100001111001110111000
0010011110010110000111010110110001100001010011000001001011110100
0010001010000111111101111110010111100100010101010110100000111110
1000100001010011101111110101011001001100111000101110111101001111
0010101111101110100101010100110110101100111111111010010110011011
0010111000000010101000100001100011001111111100110011000110010101
0010100101110101100100011000000111100100100010001100100010000000
0110000000111001011111010010110111100010010110001111000010110110
0000010011110001111101110100101011111000111110001011100011100100
0011100010101000111010010010110111011001011011111101000101101100
0010011101101110010111111100100000110111111111101011110101101001
0010000101111010011110001000010011101110110111100010010010101101
0010001101011010110001111001011101100101010111100101000001101001
0010011000100011001101111000110000101000001111000001011000001100
0010010001011100100010011101110101100000000001001000010001010010
0010110000000011111100001100010110100000110001010100111010000100
0110010110000111000010001000000011000000010001110100100001011100
0010101100011110010111111001110011100101010011101101011000110110
0010001101001011110010101110111101001000100010000101111101001100
0010001110010111100010011100110110100000010001100100011001011001
0010101101101011001111111001010001010000101010101110110000100101
0010101010011000101101110101111001101110110001100010011110010110
0010101010001010101010111100011100100010111100001011111111101011
0010111000100111110010110110000000100010000010101011011011111010
0010011000010111111000010101010011111001011011000001100000110100
0010011011011100100000010111010111011100011111000111000001001011
0010100101010011111111110011011001000100010000101110110101001001
0010110011011010101100100010001111101110110111110111100010110101
0010111011011110111111011100010001101000110111100110100011111101
0010011010101100110000010101100101111100001111001111001000100101
0010001110001011110111010001100001100111001000100110101110111001
0010011000101011100110101001010010001001010011100011001001100000
0010010100000101001000010110101110100110010011101011010010010110
0010001100111100111000110001100111101110001011000111100000100001
0010010110000111101101111101001111011101011101111010101010110101
0010011110011100111100010101101001101010000011110011101110111101
0010001101111100000101010000110010101111000011110011101000110010
0010010100000101000010111011010010101001011011001111100010001001
0010111011001110100110000110111100100110000011101011111000110011
0010011010011110111010011100010001110000001010110011110001110101
0010011001000111101000011000011111101100000011100011011000111010
0010001100100100100101010001110100000010001011001111101110110110
0010000100010000000001110110110011010000010010101000010011000101
0010000000010111000100110111010101110001010111010011000001000010
0010000111011000110001111000110011101101101011001010110010010111
0010101010001011110000110001110000000110001100010010000001010110
0010011001111100001100110000110110101110001111001111110000000001
0011011101100111011111101001000001000101111010000000010001100011
0010111011010010101111111010100000000001100110100001001000010010
0010011101011101101010011000000110100101001001100001001101000110
0010011110111011111011010100100100001001110011000101111010011010
0010111010011000111100010001110111101110100110010111101111110001
0010010000011011111111110011111111000010100111000111001101110010
0010100101111010010111100100100010111110101110111100101011001101
0010010000100100100111110110000100001000011010101000101010111011
0000000101010110100010001000010111110111000111010001001000111011
0010011100010101001011100101011101100100110011001100111000000110
0010010011010011011111010001101101100110100010100100011011100011
0010000001011110110100010001100111100110110011001101100100000110
0010000111100111001111010010001100011101010111101010010100011101
0010001110000100100101110101100100110010000011010001001000110100
0000010010101001001111100010100000101010100110011101101110001010
0011001110010010011010010111010011101001010000010011001011111100
0010101000111010111110110101010001001000111010101111111101011111
0010001101111101011101111000000011001000110110110100011001101010
0010111100101100101010011001101001101001000001110011000110010000
0010100011011110000010001010000011110100000010111011000000001111
0010011101111010011110010000110011101111000011000011000011111000
0010001101111100011100010000110111101110000011000011101000111001
0010010101000011100001010001100001101111000011000101101000000110
0010011000001110111100010101110111001110011011000010101000110001
0010011110000110101110011111111011101101001101111010110101001011
0010011100100110100011011001100011100101000001000010111011010101
0010001000111111011100111010110001101000110011000101111101000010
0010100100100011010101100100101000100111111111000100011111010001
0010011111001110111000111111100101010001011011010001111100010000
0010011101011100010011010000110111101010110010100010111110110000
0010001101111000101110010000110010101110001011100111101100100101
0010101001101110001011001000010110001000011011010010110110011111
0010010001111000011000010001110110100111101011100011100110110001
0010101001000101000101100010111100100100011111000010010100000100
0010001111010110111000011100000011101010010111111100001011101100
0010001000111100110110101000110101110110101101000011000010110000
0010001011101100110011010111100011010111001100001011110110010000
0010100000001111001101010001110101100000000000000101100000100010
0010101011111000110111101001010011100000100110000010000010111100
0010010000000011101101010010000001100001001001001000101000010010
0010001000011011011010001010011111111001110011100100110101101000
0011011000010000101100110011001000000000011101100000100010100011
0010001101101011101011011111000001000101101000100100100010001110
0010001001000000110001000101011110111011000011100110011001111001
0010011000100010000101101010000010111101000110000100101000111000
0010011101111100000110010000110001100111000011110111100110001000
0010101111011011111110011100010100001100011101100010011001101111
0010000000001010101011011000100100011000110001010111101011110101
0010101000001100010010001100101101010001101011000111001100111101
0010111110010010111111100110000111110000001101110111111111001001
0010010100000101001111011111100000100000000001100011101100010110
0010101010000100111001010101011001011110010001101000010000110110
0010011110000111100011011011100000100001000001100010111010011010
0010001100101110011001110101100101101011111010100110001000100001
0001100110000101001111101010011011100100011011111110010110001011
0010011001000110110010000000101001100001101001110011001100000110
0010000010011110010001100001010100100010110011010100101110100000
0010000101111000101101010001100110000011001110101111011100100000
0010001010010111100111101001010000010000000111001100100000100000
0101011111011111101011011100100000110101110101110111111000010010
0011010011111011110001101011100111011010110101000101100011100100
0111001101110110010011110011000000110101110100111010000001110111
0010100001100111000010010000110010100111100010000100100001110110
0000000010001010100000111001110101100010010000010100111110010010
0010001000000100011010011011110101011000101010100100100000101100
0010001110000100111011110010110101100011001011100001001100010011
0010011010010100111010110000001001101001110101110001110000110111
0010010110010100011011001101000011111101110100110010100110111100
0011010110010111010011010011110000110111110101101100000111001111
0010100111111011000101111001110010110000000111010110111010010010
0010001110011100100000010100110000001000001001100011001000110100
0010000001010101010100010010011111101110000110110111100011101010
0010001101111101010101111010100010000000011110000111010100000110
0010101100010000110010110000100100000011011000101011010011100101
0010000100000111100010111100010101101000011001101010111101101011
0010011101100110001111001010100101001110110000001010011011011010
0010101111000011101111011101110101000011111000101000110000001111
0010101011011110110010010101110101101010110011100011111001010110
0010001001110100011110100000000011101100010111011110100000000100
0010001101010111111111001010010110101100010001000111000001101100
0010111000100100111110101000011101110010101101110010000110000010
0010011101111110000111011001110010100110000011100011101100111001
0000000001101111100110001000010110001100110001100110001001101010
0010000101011110010001011100110011000000010011110011000010001111
0010111100001101111110110101111111101011001111100001001000110010
0010000101111100110110011101110010101100111011011011110010111101
0011011100101110011100001000111111100011111000010011100001010110
0010001001010111101111011101011001001100111000100110111111001101
0010011100000111101101001010010001000000000001000010000110110110
0010010111001110000001110000001001110111100110100011001101111111
0100011000100010011001111000110111001111011101101101100100000110
0110000101001100011010011011001000111101110101100110010000111011
0010110010001100101101001101000101110101001101011010101000101111
0010010101000011010000101001110101001100011010010011111000000000
0010111110000101100011111011000000100000010011100010111111110111
0010001100011000100011000010000000000000001010110110101110000100
0011101101010011111110110010001101000011111011100100010011011110
0010000111011110000000110011111111101010111011101011111110101001
0010011000100110100010010011100101101010000111000111101001110000
0010010000111010101100011111000011101101000011000011000010100000
0010001100111110110001001100010100001101101010001011010010000110
0001010010100001001011100010111110100010010111111000101110101011
0010001101110100100110001110110010000111100100000111010000010001
0010100110101100101010100000110010111011111111111011001011011010
0010001001101110100000000100110111101110010111000001000000101000
0010011100100110010001011011100000100000000001100011000000011011
0010001001101110011101111100100011100100001111011111100100110101
0010011000111000111110111000110101111110101101010010010100010000
0010001000000110110000110011100000100010000101100011000010010010
0010011000001110100000011010100001111000001000000001000000111111
0010011000011100111110011110010011101000110001100001011101111100
0100100111010011101000110110001101010100011111011101001011000000
1001100001010011100101110111011001111101110110001110111000001101
0011101000101110110100101111000001100011001001100011000000011000
0010100011000101101111010000111111100110000010101111011100000011
0010111001001111100011011010111110100100000101100111011100111000
0010000001001100011100110000111101100110001011101010000100111001
0010010111011101010110010001000101111110111011001110010011100101
0010001101011010111110111111010010001000110110100010001011111011
0011101001001011101010001011011010101001010011110001110111101010
0010011110000100111011011001110000100001010011100101000100001010
0011001000001110000010100010100001100001010000101001011110000100
0000000010111110011011110001111011111101001010001010000101100100
0010011110000100011101100010110100000001000001100000101110011101
0010101011000000100010000101011011110010011100110010110110001100
0010111100010110111101010011001111100111010110000010100010011000
0010110011011000111111110100010011000000111110001111011110110111
0010000101100100100000001010010011100101000000000011010010100111
0000011011001110011111111100010000100000111001110011111000010010
0010011110001100111000011100110101001000011011000111101000110001
0010001111010000100100111100111011111101101010010110100000101010
0010111000000111000111011011111000101100000101100010001100111011
0010000110110100110110101101001010101110110110110011100100000100
0010011110111110000010011000100001110101110010110111110100001110
0100000101101001101101111000000100011000110001111101000011110111
0010101110110110111101011001010000101001000001100011000010011011
0010011000111010101011000000000011111000011111101100000000110100
0010011100001110100011111101000000101000000011100101011000011010
0011100010011000100001010100110011101000110101101010011100011000
0010011000011111110110001010010110101100010001100010001101101000
0010001000100110000010010011000011111101000111000110001001001101
0010011100110100001011011110110010101000010111001011010011011101
0010001101111110010111001000010011101101110011000010000011111100
0010001110110110110000001001101111010010110001001110000100000110
0010101110011010111001010000010100110110001110100100000000100101
0010001101111001110110011010010010111100001011111110000011110110
0010010010101011101101010000110100101000000010000101001010010000
0010000001001110010011011000010001101000110110001101000011101001
0011010100010110000010100111101001001001111111001111110100101011
0010001001011101010111001010110100101100001001100110111101000010
0010001100001000101001011001100100011001101011100000000100110100
0010001100000000110001111111010000010011001000110011001000110001
0010000010000100001010011100100100101000010111010100101000111100
0010011001011101100110010000110110101100001111000111101101101001
0010000100100000001100111011110101001001000010000000100100010100
0010011001111100111110010001000011101100010111110000100000110110
0011110000101110111100110101111101111010000000100011000001010010
0010101010010110110010111000001111111111010000010000001100110101
0010010011110101100100001000001011101110101110001111100010100000
0010011011011111101111010001100011100111100101110011111010110001
0010011101001001100111011010000111100011000001100101111001011011
0010000110001110110010101011101000111011110101100101000101011010
0101111011011111101111111100110011011001110100110001011100110011
0010001101111000100000101101110110011001110001010101101111001101
0010110101100001111100101001000110011101001010000010101110000110
0010100100110001110111100010011010000011001111001111010110001100
0010001111001101010111111010000010100001011001010010001110001010
0010001111111111110111111000110010110100110101000010000010011111
0010101100100110111100100010000101000010101010000110000101100001
0010111000000111100011011010101110100000000001100110011100111100
0010101000100010110101101000110000101111111110001000001111110100
0010011010000110100111011111100001100000111010100010111011011101
0010101111110000010110011110000011110001100110000000010110101000
0010110110010111100100110001001111110110100011010010000010110000
1000100001010011101111110101011001001100111000101110111101001111
0010011111110011000011010001100101110101110011010101110100101111
0010001011000011000100010100010110000001000110011001101011010100
0010010100010010100101110011001011110111000010101010101010011000
0010010000010011100111010010110101101010000101000111101100101000
0010010110000101101011011000000110001100000011100001001010010010
0010001101111100010010011000100011100101000000010110101010001100
0010011100111011000100000010110110001101000101000011111011111111
0010011101111110110010010011100111110101001000000011111011100100
0010001100001100010001111001110011100110010011110000100000100011
0010001101011100110100111001100111100100010010011010010110010110
0010010101011101101110001010110011101110010011110111111100101010
0010001010000100110110101101100111101111011100001011010010110110
0010100100110100110011001001110010000111001000011011010110011101
0010000011100110110101101000001001101100010111100010000001001100
0010010001000101101110011110001000001100111010000011110011000000
0010011110000100001001010001011001001000010011100100100000100010
0001010001111100100010000111000111011111001100001011111001001110
0010010100011010011110111000010000101000110101001100000011101100
0010100111011101000110000101010101001100011101001111000111010110
0010101111111101110111010001010011001000010111001100000011101100
0001110110000101101011101011011100100000010011100010101101000011
0010001100111111000100110100010010101100000111101100100110100110
0010110100101010111111001110100001001010101000000010110001011100
0010001111011010011111010100010111101111110111010010000010101000
0010101001010001011010001011101111010000101000110010111010101110
0010001011011011101111010101110101001000111011100100011000010110
0010011000010000111110010011000011101100010011110111010100101100
0010010001111011011111010000100101101110100010000111101011110010
0010011110111110011100101101101011101000010011000011010010111111
0010001000100110000101100010010100001001011011001100000011011100
0010011000011111010111010001110101101000010010011111001111100100
0010011010001101110010011011100010000001000000110010111010000110
0010001101111111000110100010110011100101010000011110110100001010
0010010110010001001000011111100001100001110111001111010101111111
0010111100010111010000001100010000101101110010000111000011001000
0100100001110001010111101000010100000010010111101111010010010010
0010001101111101110011011001100000101000110101100001001010010100
0010000101111000010111011000010011100101101011001111101110001010
0011011100111000110100110100000110001010111110101001111111111011
0010011001110110011111010100000011101100010110000010010011111101
0010011110110100001000011000010001101000110111000110110011101101
0010111011011001111100010101000001001100110111111110100001010111
0010011101111110010101010000110011101110110011000111100010101001
0010011101000110000001010010011111000111101001100110101101111010
0010101011111111001011110100100110010010010101110111111110001111
0010010100100101100011101010010010100001000111100010011011110011
0010011000111110010111010000000011101000110110001111111011110100
0100000101000001100101010100100011101100001010101010000100100010
0010100001110010111110110101011001000000101000101010111101001011
0010100110110101100111111100011100000110010100011111011100011010
0010011001110010111001111010101111101001000001000000100011001110
0010001111110101011101110010100010001000011110100101011100100010
0010011101010111100111011001100000100101000011010011111000101011
0010011100000110110000001101101111100010100001100100111000010110
0010011111011101100010010111110111101000011111000001010001011000
0010001001111000010100010001100011100101000011001111100010111100
0010010010001110111011011100011010101111101011100001110111010001
0011010100001111101101111001010110000100001100010110000000100111
0010011011110111100101011001000011101100100011101010010000100000
0010011100011111100011011000010000100101010011000010011011011101
0011010011011110100010011111100000110011010101101011010000111111
0010100110110100100111000010011001001100000001101010101011000011
0010001001111010000100100011000111001100111111000111001001101000
0010011110010110110011011001000001101001010011100010111011111101
0010011000000010000011011011011110101100010001000111101101100000
0010000100111011110111001000010011111010000110000110100010011000
0010101111110010110110100100110011110101110100010101110001111010
0010011100001110011000011000111100101100000010100111101001001000
0011011011011110100000011111011111100100010111100000011001110111
0010001001011001111101111000011111010101011101001101001101001100
0010000000000101100101010001110111101100001011101011001101100100
0010110011101101110111000110000011101100010001001111010011010001
0010111010010100111010010101001001101000010110111111111011111101
0010000100001000011010110001110010100010000100100100000010111001
0010010100011100000101000001100010111110100111100111110000100011
0010100101111010110111001001011011001101110010000010111001101110
0010100000001000011101000011011001011110111011100000110111000100
0010001111111110010001110001110010100110110111101111100010101101
0010110111011101100111000010110111001111000011000011010110100011
0010001101111100111110011000000001101000110110110000110000110110
0011010110101110101011111001100111110011001001100001001011101100
0010011100001110110110111111111000101001001001100011000110011011
0010011101010111001111110101111001101001111111100101110111000111
0010111010110111000110011011011001111000000000001011001010111001
0010000010110011100011111011001010000010010010011100101110011000
0110010101011111010111000010111000000001110011000110000010100111
0010001101101110010111001000010110001001000100101101010110011010
0010111011011110111000010101111011101100110111110010110100100100
0010100110000100011111100101000010111010011110101001101100000110
0010001111110100100110011000111001100111100010110111110000000011
0010001000010111101011010010101000100001000111110110011010011111
0010001111110110010111001000010011101100110011001011100011111100
0010011100010110001110110011010001100000010011001010010011100111
0010110110100101110011101001011011100000010111000110100110101011
0011100000000100110000110101111001111001000111101011111010100110
0010001110101011011000011011001111011011000011101011111010011111
0010001000001011010110100001110110101010010101100010001101010010
0010100010110001110111001001011011101010010100001111000111011100
0010001101110100111111110101010001101100010110100010010101111101
0010011100000101000111001101000100101101100111101010110111011001
0010011010001110010111110111110111001000011010001110011000110110
0010000000110110001100010011010100010110110111111111100010001011
0011000100001010011011001100010011111011111000101110000111101100
0010001000000011110111011011000011000001100100101101001001110000
0010111000001000001100110100001100100010110110011101110101010110
0100010011011111101111011100100111111001100100110001111010110011
0010010111010101110110000010001001110111110010001011010011100111
0010100101010111101010010011000010111100111001100011010000010011
0010110111111100110101010010000111111100100010111110011110101010
0010111010010000101010010101001011101100010111000010011110111100
0010111010000110000001000001010001100001110101100010100010110010
0010001000000101100011010011000000101110001101110010100100000110
0010101010010100111000010000000101111100011011001111000000110100
0010001000110111111101100110011110001000011101001100000011100000
0010110001000011101100010000100101101100100110100111101011100010
0010110011111100111111000100010011101100010111010011000011001100
0010111010110100101100010101100001101000000111111011101010110101
0100010000101100011010010000100101100011101000001101111011000011
0100111011010100111000111110000111111101010110011011110000100101
0010111011101100111100011100000011101100110110010111100101001110
0010111011011111110100000001100001111111011001011110110101100100
0011110111101110100100000001100111111011000111101100000001001100
0010011101011100111000010000100011100110001011101111000000101111
0010011100000111100111011101001110001100001110111010100001110110
0010001111011001010001110000110111000101010110111111100110001100
0010000000100001111111111001010011001010101100001111000111011101
0010010001110011010001001100010110110101111011001010010011111101
0010001111000111100001010011001001000010100001100010011000101001
0010011001011111110111001010010111101100011001100110011101111110
0010000101101000001000011010000001100101000101100111011010101101
0010000110111000001111110100110100101111010101011111011110011000
0010000001110011110110011010010110000110100011100101100011100111
0100010111010101010111010011101111100111110011001100010111100110
0010011001101011001110001000010111101101001011000110100111010110
0010111101010010000101011001010101101100100111000011101111111110
0010011100111111100010110000010011101101011111110110111000001001
0010000001111100110101011001100111100111001111001111100111000111
0010100110100010010110011110000011100001100110100100001100101011
0010100100101100011011000010010101100010110011000100101111111001
0010011011111000011000110011100010111001110101110000000010011110
0010100001111100111110110001100011101100001010111010010000101110
0010001100111001011110111010000000001000110000110100111011100110
0010101111011100111110010100110101101100011011100101101000000000
0010111010101100111100101110101001100011100101001110001000000000
0010001001111100000100110001010011100110010111100101110010100011
0011010000000111111011010110010001110111011000100110100000101110
0010011011100011001101011101000100001110010001000010010000101001
0011111111111011011100101001100010001000010011110010000010101101
0010110100000100101110110011000111101110110100101100000100001111
0010011101011111110111011100010110000111110011000000000011100111
0011010111001110111100010011110111101101001100100000100010110110
0010101110110000110010111111000001100000110010101100111010111111
0010101011011101010001100110000001111101010111011111100001000101
0010000010111011010111101001010011000010011100001111000111011100
0010101100110111000101101000010010101000000111110110011010110000
0010001111010011110001110000100010011010110101100010000111001110
0010101110001100101000111100001001100010110010010100100011001100
0010100001100101100100010000110110010111100011000100001000110010
0010011000010111101001011011011000001001010110100010111111011101
0010110011011011011110010101110101101110110111000000111001010010
0010010000011111110011001110010100111110010101100010000111001100
0010011011111100111000010001100010101110010111101111100110101101
0010111010011010111110010101101101101010110110110111111011110000
0010011110000110100110011001100000100001100010100001110000110010
0010011001100110000111100010101000000001000111101010001111010101
0010010001000100101110001011101001001000100000001001000010100010
0010100010110001110111101001011011000010001100001111000110011100
0010010100011010001111101000010000101001110101001100000011101110
0101010001101011101111111000100100111100110001110101111011010011
0010010010010101100000001100001000111101110010011111110010101000
0010011001010011101110011000010100101100000101100011101101100010
0000001001011100101010001110101011110010011100100010110011101110
0010001001111110111110110000000011100100100011000001000011101100
0010011001001011110110011000010111101100000101100110101101100010
0010011100110110000001011001110001101000110011000111110111011101
0010111011011110011110010101110101101100010111000000111001010010
0011001100011010111100111100010101010100111111001011011000010001
0010110000100000110000101001010111010010001000001011101000000101
0010110011110101100100111000100110101111101110011011110000100000
0010011111010100110110010001100001100110000011101011101010110001
0010011110000110001110111001110000101000010101000001000011111110
0010011110000100111010010001110000100000000011100101011000011101
0010100111111101110101100000100111110100110010011110100010001110
0010001101001010010111111000010011101001010111100011001011001110
0010000000111011001111110100010001100000010001101110111101000110
0010011001010011011110001010010101101100110001100010000011111000
0010011010101011011111010000100101101010100010110111111011000010
0010011010000010101011010010001001100111101101100110101100001001
0010101001111110010111101000010011001100010011000011000111111100
0010101010100110101101010010110101011001011001100000001010010010
0010010000011110010111000110100111101010100011100110101011110000
0010000000000010100111011000100010111011010000000011010000001101
0010101000100110110100101001101101100011101100100111000110000001
0010010101011001100101010111110101101010101111001101101000100011
0010011101100011101100011011010001011011010011100010000000110000
0010011000011111100110011011100001101100010001100111111000010011
0010010100100110010101011001000001001000011101000101011111101010
0010011101010111110010011001101101000110101010111110101100000010
0010100010001011101010111010010010100011010101100011101011010100
0000110001011011100011001001000111011000011101000101101000000111
0010011001111110010100011001010110100100000011100011101100101001
0010100110110000110010001001011011000011001000001111000110000100
0010100110001100011001000000100010011011111011101101100000001110
0010101000100100110101110100001010101001011011101001000010101111
0010110001000001110001001101111111111111100011100100001101101101
0011001110110101100111001010010110100000110111110110100100001010
0011101010110000001101000100000111110111100011000010100001101000
0010101010110101111110111001001011001000011110001101111101001000
0000010100111000111010111001010011100000010101001110110110001110
0010101001111100001000110100110101101110011110100100101000010010
0010001101101110011111011110010001101101010011100110110000111000
0010110010010010100111010010000001101100000001100000111011010011
1010110010010110101011110101001001001000011000111000111101011110
0010001010001111011101000110000100110100011000010011101111000100
0010011111110000011100111111011010000010111001101010010101111010
0010001101111100010101110001110010100101000011100001000000100001
0010001101111001101101011010000011101000100010100010101101100010
0010001110110111110111001001010011100001000001000011000010011100
0010101100110111111111000101011110101100011100100110010110001000
0010010001110111101110110111110101100010001100101111101001011100
0011010010011011011011000110110000111111010100101111000111001100
0101111011011111111111110100110101100110110101110111111000010010
0010001100101110010000000110110010001100010010101110000100000110
0011001100111110010011001010110010101101010000100011000011111100
0010101111011010001101010100111111011010110101110011101100111100
0010011101111100011100010001100010100110000011110000010000111010
0010010001111110110111001110010111110101001001000110110101101100
0010111010011100110110011101100000100001011000100000110010010110
0010000110111000001111110100110100100111010101011111011100011000
0010000010100101001001001100111001001110010101011010100010001011
0110100011000110001010110111001101101000010000011110000100000001
0010011100111000011110010000110101101110000011001101001011010000
0010001111011101010100000001110010001110000011000010111011101110
0010010010001000011101100001100111100110011011110011101111111101
0010011000011111011110001010010100101100010001100010001101000010
0010000011111001011110010000110111101110111010001011110011011000
1111101001010111111000001011110110111010000100001000000001010011
0010111010110110111100011001000011101110000011110011100110111001
0010101011010011111111110101110001101000110011110101111101001101
0010011100111110010110100000010010001000011101010011100111011011
0010111001011110110111001000011011101100010111100111001111111000
0011010010110001010011101110011011100010001100001111000110001100
0010101001101110001010110101100010111110001111101011001110011011
0010111101101011010101001000010011001100011101000111010110111111
0010100000100110110110111001001011100001001111101111111011101101
0010001101111000111100110000100011100110111011000011101111110000
0100000101111110111010011001100011110101001000011011010010001111
0010001111100111110001011001100001100001110011000010010000101000
0010001011111001110100101000110010000010001110001111110110000000
0100010000101011011111010010100101101010100010000101111011010010
0010001101111110011110100000110011100100010011011111100110000100
0011100100001100111010110010010000000000110010100000101101000100
0011101110100101111011011010110010100000000011110011100110110001
0010011001111000011100110000110011100110001111111011110100001000
0010001100110100110010011010010111101010111010001100010111011101
0011000000111100111100000000100110100100100110111110100111001100
0010010000011000000110101001111101000000111010010000111000100110
0010000110000110011101100101011010100110100010101101101011110010
0010101001011100000101000000010010001100001111011011111011111110
0010100110011100010101101100110010110011010011111110100100101011
0010111011001100011110000001011011101001100001000010010011010111
0010001110100110001111101010100000101001110111001101010000010000
0010101100111011110011001010111000000110001110011101000110101111
0011110110100101000001111000011110100101000011000010110110100001
0010001110000011100010011011001011110011000001100110011010111010
0010011000011111010110001011011110101100010001100110001101101100
0010110111010101011000111111001011001000010100010111100100110100
0010111101110111111010110110011001001001001010000111010010101111
0010010000010110110110010110110111101010010101000110100001101101
0010000110000100000000111010110011100110101001101010100101101011
0010011101010110010111011001011101100101110011000010010011110110
0010001110000001100000000000000001101100011010110010010010000101
0000000000111011101010101011001111011011010001000101011000010000
0000001110010010111000010001111100010100011000010000101010100001
0010101111101101101011111001101010000010001111001011011101011111
0010001110000101000011100110111110101000010001010110111110010111
