0010001100011000000101000001010011101100100111000001001011110000
0011001101111010010101001001110111101100101111110110001101110001
0010000100011010011101001000100110001000111100000111110110011011
0010001000011001011100010011110110000010000011100011111110001100
0010010000010001011010100110111111010010100011011001001101100000
0010010010011010110110001010010011100101100011001110100011001001
0010000100000010101001100011111111000100000111100110111100111000
0010011101011101110101011010100110100100110001100010101101001010
0011011001111111100100001000010010101110110011100010001001111000
0010111110101110110000110101010000101100000010100001010010011010
0010001000011100010010000111110111100100001101110011100110111101
0010101011001010100111110101110010000011011111100011011001110000
0010000100011000011000000010010111000110100101010101000111110101
0010100100010100100110001100010100001100101100010100000101101110
0010111001101100011101000001111010101100010001100011010010011100
0010000000011101001100010010011011100110100110110111100111110000
0011001000011000011110010001010000000100000101000010011111111101
0011011000000011001000001010010111101100101011111111011011001111
0011001001001100001110000010110111010010010011000111001111110000
0010001000011000110010101010011111001110000111100011001101000000
0010010011100001001100110000100000101011101100101001100100110111
0011001001011000011010010010000011110110100110100011000111101000
0011101100100110010001001010110010001001000000100001010010111001
0010100110101011100001110000010001100100000100011100000101101001
0010101111110110010110001000011011011101010010010000100011111101
0011001000001001001010000011100111011000101000111101100001100111
0010011101111110101100100010100011101101101111001100111011000100
0010010000000000111001010111011110000100101101111010000100011011
0011000100001000111010111101010010011000111100111001000111111101
0010010100110000100100011011001101101000000011101001101000100111
0010001101111100010110111000010010101100110111100111000011101110
0011000100010110100101101000011011011110100110011101011110110010
0010010001000001011100110010110110101011100100100111100111010000
0010101010011010001100101000110101101010000011111101100110011011
0100000101111000110100010000110111100100000010011110100110111100
0010000110100110001100010000100010010110100100110101000010010111
0010001101111000101101100101111110001111001001110101000010110000
0010101000111110011100111000010011101111110010001110111101111100
0010010001000011101110010000100101101110100110100111101011100011
0010010100110010100111101010110111000100100110000101101010111011
0010000100111000100100111101011011101110000010111001010010110110
0010000001110010110100100001111111101110000111001011000000100000
0010001010001010011101011000010011100110110010010010110000100001
0010100111011100110100000101010101100100010000001100100000001100
0010000111001011000110000000110111110110101100111111011010110111
0010000111110100011100001000011010101110111011001111101110010000
0010100110010011100000100011100011011010000101110110011101110001
0010011000100111010011110011111010101000000000101100000101101010
0010100101111100000110000101010101101111011101000101100010001001
0010111111001110110101001010110111000111110011000010001000100000
0011001000011011011110100110110001100010010001011111101110100011
0011011000011010011010000110110111100111110011101011100011011100
0010001010011100000100000000110000100011101101000011100100110011
0010000010010000110110010010110011001110000100001111000100010100
0010000101001000100111100001011111001110000011101001011001110010
0010010001010100001010100011001001001000011111010100110110001001
0010001001000100011101110000111010110010001110110000011011001110
0010100100111100100100111100011010100110101100101000010010001100
0011000100101101001101001001100100000010111111100110101110100100
00
0010101101000010101110000010101000011110100011001000010010000011
0011101000110001011101000001110110000111100111111111010111110001
0001000011011111101111011100110010011001110101111011011101100011
0001000011011111101111011100110010011001110101111011011101100011
0010101101110001010111100010111000000111000111100101111010100111
0010001111001110010001000111010110000111001010110110011010110110
0010000011010011010000111001101001100110100011100011100110000011
0010000001001110001101110111100010110100011101110111100111010001
0010001100111110010000001011010011101001000011001011010011110100
0010000001011011001100111111100010010000011101110101000100110000
0011000101100110001001010010001001010110101110100011101111011011
0110110101011100001001110010110110100000110101000111011110111101
0011100010110001101101001011011011000010001101001111100000001010
0010001000011000100110000000000111001111000101011110100011110000
0011000000111101100100101101011011101110010010001001000100001111
0010000101110010010001001010000111010110100100111010010001111000
0011001000011000011010000010110111100110100111110111101111110000
0010000000000001101111001100100111001011001011100101100111100011
0011100111111011000101101000110010111010000111110110100010110100
0011110110101010011100101010100100000000110000000001100000010100
0010001100011100111110001010110110010100101111111101100101000100
0010001100111100010101001000110010101001000000101001010111111001
0010111000001010110010011110100111010011111100001011000111010100
0011000001111000010010000010100111100110100111011111100111011000
0010011001111000110011010000110011101110010111100011100010111100
0010001101111001011101111010110000001000110111100101011111001000
0010001000000010110010001001110000111100101000011011000111110100
0010101100100101010111110010110010001000000100100101011110010000
0010010100101111111000110110011011000001010010011110111110111100
0010101000110010111000001010011011100110100010110011001111010000
0010111010110100111100101011100010000000101101001101111110001001
0010000100110000110110101000011010001110000110111111111110110100
0010010111011110010100111001011111100111010011110011000001010001
0011000100011000111100101101010010101110101111101000001110111101
1011000110101111000101101101010110110110100110111111010011010101
0010001100111100100101100100000110001100000110111001110010011100
0010001100111000010110100110010010100110000110101100100110111101
0011000110011111010010000000110011101110100101111111101111110000
0011001100001100101110001001010111000000110111001100000000100101
0010100110111011000111101000110111111111111001111101010010010101
0010011000011011101110001011010110101100011001100000001100100100
0010011010111110101101001101001111100011000101001100101010001100
0010100111111011000101101000010111111110101100111101000110010100
0010000010001010100001101100000110100000001011001111101101000011
0010000101010111110110001000010111111110000010111101010010010100
0010010001101100011000110111110111000011100110011111110110011010
0011010001100001001011100011111100011011001111001001100110101011
0010100101001001000101101101000100101100001000111110000000000100
0010001101111110101000111101001101000010001001101101000011000111
0010000101001111100100011011110000110100010101001111000011111110
0010000111110101100101111000000011111101100111001101100100010000
0011010101111101001100011010100000100000101110000101010100111100
0010000000010000110111000001110111100010101111101111101110111100
0011001000001100110101100101001111101111000001011001010110111110
0010111100001010010001010011111101010111101000101011100011101001
0010100100101010010000110111111101100110010000100011100011001001
1111110110101011000100011100110111010100001111111000010010010101
0010000111101011100111001101000010111111110111101010000111111000
0010000100000010100100111000010011100110000010100011000110001110
0010001100011100110100111110010011101110100010110001000000110100
0010011010110100100011101001001011000000100111110001110110010100
0010111000100010110001001110001011111000101000110110100000001101
0010001000110100110010100001011001000000000110110011110110010100
0010101101101110110001011000000001001101100110110010000011101100
0011000101001100001100100111011110000010000010100110001010101001
0010001100111000101100101010000011101000100011110100001011010000
0010000000011010101100011110100011101100100011100101100001010011
0010001000111010111001011110100010101010100001110101111111010001
0010001001100010010101111110100110000000011000100101110001000010
0011001110100101011001000010000100010111100110111111111011001000
0010100110110100100101000101010001101110001110001101000000011100
0010101111110101110101101000111011000010100101111111011110110101
0010000010010100000100101110011011100110100101101101001011110000
0011010000001110111100110111011110000010000010100101101010010100
0010011101101100011010001010010011001100000001000011110010010010
0011000110001010001101111001110011101101110111100111100001100000
0010000011111001110111100001010011001110001101000111000110010000
0010010011110100100100011100000111101101101111001111100000100000
0010001010011111000010000110110111010000010010011011011010010110
0010111001111010011001010100010111101101111100000111101011110000
0010000100011111000001001000100010100000000011010000111010000000
0010001001010000010110001010011011111100100010011110110011110000
0110100110010100011110111101101011010110011110011101111111101101
0011011001000110100110100001100110000100011001000110100010011110
0011011100100001100111111001100000001001101011010011100000110100
0010001111101110100111001101010011101100110111110010100001100001
0010101100110001110111101001011011100110000000000000100011110001
0010000101011110010101101000110010001101111011000100101111001111
0010111000100111011011001111010010000001111110100011010111010111
0010000101011111100101011000100110101000101001010000111101100001
0010010101110100100101100010100010101100101111101101110000000001
0010000101111111010100110010010011100110010111110001010101110100
0010110111011101110110010111000111001100100010001110101000000110
0010001100001010000010000010110111100110100011110111110010110011
0010001000110000110100001010000011101000000011100101110010110010
0010001001111110010111001110010011100100111110000010101101110000
0010111101111010010011110010110110000110000111011111110110110001
0011001100110000101100111010010011001110110010010101001100000111
0010101111111000111100110001110010100110000011100111110100101000
0010000101011111111010111000010010000011000111110100011100110100
0010011000011011100100010110000010101100001101001010100110110100
0010010100100010101001001100100010010101110011010001011011100100
0010000011110101000001110001110100001001011101110011111110100011
0010010100001100100011011001100010111001101101101001011111111111
0010001100111001000110001010110001100100000110000011100110101100
0010001100110000100101001110000011101110000110101011100000010010
0010000100010000010010000001010111000110100111110111101011100010
0010000101011101110110111000000011100110000111000001001011110100
0010110010101100001010010001010111001010101011001111001000000001
0010001101111100011100010001110011101110000011110011100010111001
0011110010111010001111011000110001000000101101111101011111011101
0011000100101110000111010110010101101000100011100110011011011110
0010010100111111110000010001111011000010011101111010001000100111
0010001000110011110111101000011011100101101100001111000101011010
0010110100111010111010101011010010101001100100011010111111101010
0010101000110110110101001000010011011001000000111011000110110001
0010110010000011000111111011011111100010001000011101100100010100
0011001000011100001110100110110001100000010001011101111100000111
0010001111111110011100101010000010101000010010000111100101010000
0010100111111010010111101000010001001101100000001111100011001011
0010000111110100100111101000111011110001110010100010000110011110
0010010001011100110100000100101111100110100010011011110000000001
0010000000000110111000010010100100101010000011100000101100010101
0010010110011010101000111010110011100100100010110111100000010101
0010010011111011011100000010011000111111010110100111000110001100
0010000000001100111010010010110001101110100011100101101100110101
0010001001100101101000000010110111111000101111000001101001001000
0010001000001000010101100100011011101110000110100010001111010000
0010111000011010010010010000011111100100100000100110011110011001
0010011000010100100111101010000011000000001111011010101111010001
0010001000110010100101011110001011100101000001100000100001001111
0011001101001000000101000001010111101110100111000011010000111000
0010001001101010010011100010011011000110101110011110101011010010
0010000000011000100111101101010011101000101101010001110101110001
0011010100011010001100111111011101000110000011100011100000000110
0010110010000001100100000110001011100010000010000101100110101100
0010001100011010000110001010010011100011100111110010100010101100
0010001001011101100101100001010110001110001111011101000110000100
0010011000111001110101110001110001000110000110111001100110011000
0010100010011100101101011010010011101101000011011110100111100000
0010001001011001110101110001011011011110100011111010110100010000
0010001100011010100011000110110111001100111001001111100110101110
0011101010011100001000000000110100100110100111000110101000110100
0010001101111100100100010010110011100110101011110111110000100011
0010010001010100000111100100000111101110110111101000010100010000
0010011110101000000100101010110000000100110001110011010010100001
0010000101110100100100010110100000101100100111011001101100000001
0010001111110100010101001001110001100100100011000010111000101001
0010001100100100100100101010001001100011100110100101010010110100
0010010000110100111100100000001000110100111011001011011000100010
0010001101101100010000000010110010101010001000111111000010110001
0010001101111010010111100001111011001111000111101000010111110101
0010001111111010011000110001111010101110000001110001101011110101
0010000100110000011111111001110011101110100011010010011001110011
0010011000101101001010011011110000011011001111000011110100111000
0010011000011001111011001110000111001001101001011111101111100010
0010010101001001101110010000101000101011001001001110110100111111
0010010011101001010110100001110010001100011101010111001100001000
0010100100011110110000110001110000100100000010100110100000000100
0011101110100010100001000010000010001000000000101000000011011001
0010110110101100010001011001010110101101111000000111110001011010
0010011010111010100101011110001011100101100011101010001110001110
0010100100110000110111110000110010000110000100101111011110111001
0010001101111110010111001000010011101101110011000010000011111100
0010011111011110000100010010111111101010010011100111110000011100
0000000101111111110111001101000010111101110111111011100011100001
0010001000011001110010000001110011001100001111111101001100011100
0010000111010101100110001001000010010100001001011111100110100101
0010011001010001101110000100000010001110101110011001110111110010
0010011001001001110100000000110010100111001000110011110110110000
0010111101110000011110100010110111101111100111110111001100010100
0010100100100011110101010011100101011010001011000100110000111011
0010010011010001011010100000011000100100100011001100110011111001
0010000100011110011010000110000010110011100101110111000001110010
0010010111111100100101011001110011101100110011000110101001100000
0010110010010011010110011001001110100010100000010001001000111000
0010110111101010111100010000101010100010100111100110110010110101
0010011000011101101010100000000110001011001111011111001111100011
0010100010101100110001100111011111010010011100000111000110100100
0010000000100001000111001110100010111111101111011110101111101101
0100010011010101100100001100001010111101101010011011110010100000
0010100110110010010001110101000111100111100001000110110000000101
0010001101111100011100110001000110100110000011110010110000110000
0010101011011001010010110010011000010001111011000010000011100001
00
0010011001111111101001000101000011001001001001111101111110010101
0010101010110100010011100011110011001000000110001010001011110100
0010001000011100010111100000110101000110100011101000010100010000
0010111101000100111001100000100101100010101000001011110111111100
0010000100010101011100110010100011000000111011010100111111000100
0010011001111100110100110000100010101110001011000011100000100001
0010000101010100010011001000010111001100111111000110100110100001
0010011101111101010100111010100010101100111110000001101000000110
0010000101111100010101111001101011101000000000010111101110011110
0010010111011000010110000111010101100101100111001110100011000000
0010011100111100000000010001100010101010000111101000000110110100
0010010000101111011111010110110101101010100010010101110011010010
0011000100011000100101100100010010101110100111111001000010010111
0010001110110101010101111001000011000000111110000111110100001010
0011001110111100000101110000110001101110100010111001011110010111
0010101101011000001100111011100010101100111100100111111101010010
0011001000011110000110000010010111100100010011000110101001110010
0010010001011000100110000000110110101110100111110011100010110000
1000011101111111101001100001001110001011001101011101011110010100
0010000101001001111110010000000011011111001001010100100001000011
0010000000011001000100101010000110110100000100110111101110010110
0010100010011010100000011101011011100100000001001001101000000110
0010000101111101010000010010000000010100101000110100001001000001
0010011001011110011110000000110001101100110011110110011111000100
0010010000011010111000111001111010100101000010000010100100100100
0010001101111110010111011010110010001100111110000001001001011010
0010001100011000100100010010000011100111100011110011111010111100
0000111011011110000100011111100111101000110111000011010000100101
0010101010001011110011111101001100011011000000110101100110110001
0010000110101000001111010011111111011001110001111011011100111001
0010011000001011111111011010010101101110000010100111101101101001
0011001000011000011010100010110011100100010111011111100110111001
0010011000001011111111011010010101101110000010100111101101101001
0010001001001110010111000110000111111111000110000011000010110010
0010000101110100100101001000000011101110101010111011100000011110
0010110011010010111100011001101111101010100110000011001101111010
0010111001000110001101101011110010111100000001000001001010000010
0010001110010010011101110001010000100111010011010101000011111100
0010110010110100110110010001011011101010001110001111001100110001
0010000110011101011110011000010010001000000001001001100110101101
0010111010110011001111101111011001100110000100000001011101101110
0010100110110001111110000110011111000010101110001001100000010100
0010001101111001010111111010110000000110000110101101000000011000
0010011000011010101100011010011011100100110111100010101101101000
0010000110110100110111011001010000101110001000101011010110011100
0010011010001010011001000110110111110110110111000111000111000000
0010001100011011010011000010111111000111101011101011000011110100
0010001111111100110001010101011010011101010011101010100011110100
0010000111011101100101000101010001101110001111111001001000100110
0011000010010100110101000101010011100110101110111011000110010100
1000011101111111101001100001001110001011001101011101011110010100
0010101010001000011000000000111110100110100101110110101110110010
0010001001000000001010011001110011000110100101110001101111110100
0010001100000010011000001010110101010110001011110011100111111001
0010000101101100000111100011110110001000011011000111100100100101
0010100100001111110011110010000011101010000100011001100011011001
0011000000010010000111100011010001010000000101011110011100011110
0010001001010110001000001000011111100110100011010111101111110100
0010001101111101011100011010100010101100111110000111101101000000
0010000100010000110001101110011111100110100110001000000010110001
0010000100001011000101100001011010001111100011001011111111100010
0011000000011100010010001100100111101111110111110111010111110100
0010110001001001101100100011110111011110110011011111100000100111
0010001001010010000111011000010011011110000101000011000000011100
0010011110011001110110100000110111101110101110100000100100110000
0010000111010001100110011100110000100110100111111010110010011010
0010001101111100010111100000000010101101110111001110000000010111
0010001000010000111011010000100001100111001111011111111111111000
0010000100101100100001010100010010101000100100001001101110010101
1001011010110101111111000001011010000100010010111110110010111011
0010011001011101110010000011010110101111010111100011111101101000
0011011100100010100001101110101011001100000110110010100001001010
0011100100001110000111100110010011001100000001111011000111111100
0010000001111000110000101101000010001110001000110111110111000010
0010011000010111110110001010110110101001110001100010101011101000
0010101001011011111100101011110101101110111101011011110100100010
0010001011101000110101010101011011100101010010001010001111011100
0010000100011100011010011100110111100101000110011111001111100100
0010001001111100010000000010110111101100100111100011101010110000
0011001100010100010110101100010111001110100111100000001010010001
0010100110010011000101000100010001111000100101100111000011001000
0010000101011100110101100001010011001110001110011001000000010100
0010001101111010011110100110110101100110010111111111110111111000
0010111000000111000111011011011100101100000101000011101101011010
0010000110111100110101101101010010101110001110001001000110011100
0010000000001000101000001010001011001110011110110011100110101000
0010000101011011001011000011000111001010001101001111100111010100
0010010111010100110000010010110010100100100010101111101010110100
0010001101001000010011100001010111000110100011000011001011110000
0010001110001011010111001000110000111111100001110000011010001010
0000111010110111000111110010011000111000100010001011101110011011
0011011000100011001110101011000110001001001011101100010001010011
0011011011011111011111001100110011111101110100110011001111110000
0011101011010000111110001000111111001010101011101011010101101000
1111100010110000111000000100111111111010100111110011101111110111
0010001101111110010111001000010011101101110011000100100001111110
0010111000010001110111101001110011010111000100110001011000110100
1001011110010101110111110100010101110011001011011010000110110010
0010100000111010010111101000010011101011111100000011000111011100
0010110000010011111111001001101111000001000110101101010001011111
0010001001011000011110000110110111101100001001010111100101110010
0010001100011000110110101000010010100110101010111011000000010100
0010000000111101101000001110110110011001000011010001110011111001
0010001101111100011010001000110111100101100011010011101011110100
0010001100101100100100101101100011111101000111110011100110110001
0010011101101111000101100001000010001001011011100111010010010100
0010001011111100100101100001111001101011000000100010010010010000
0010010100111111000011010000010011111001010010101110001010011100
0011001000011010100000100100011011100100010100111001110001111110
0010001111011101111001011101001110010001110001011110111010000100
0011011001110001100111100010010010000010100110001000000110001010
0010100010111001010101000000111001010010100110100111111010111010
0011011000000001010011110110111010101110100110011011101010001000
0010011101110110011111001010010111000101000111000010000111110000
0011101000111110010111001000010011101000110001111011001110111010
0010011101110010000100111111011000100010111011100101000111111110
0010110010000111100011111011000001000000010101001101101111011011
0010010101000011101111100100110010000101010111111110110000100101
0010111000001011010011100011101101110011000001110111100011110000
0010010011111000011100000001110010110110001111110111001000000000
0010001101111110110101011010100010000000111110000101001110101010
0010001001010101110010001000110010101111101111100111001011110110
0010101000010100101010110000011101010100101100110110100001100001
0011000101110011011101011000111010101000110001011010000001101100
0010001100110010100011001010011011100100100011100000001011010101
0010111011111000111000100000011010001100000000000011000000000100
0010000000011110011111001001010011000110011010100110001001110100
0011000110000101100000000111100101110110010100100001001011000011
0010001001010010111100010001110100101110100011000111110111101110
0010011011011001001001011011000111010011111001110011100011010011
0010011000011111011000011010010110000100001001000100001101010100
0010101010001110110010001000011101101010110011000000110111011000
0010001101001100011011001011010111000100101011010111001111111100
0011000100011011011011000010110011111111110110000111001111101100
0010111110011110001100010101111101011100111011110011101000000010
0010000001011100110111001000110111100101000011000110110011101000
0010111100101011000111110111111101000111011001101001000011001010
0010000001010110110001110000110101100100000100001110110011001010
0011010010000000100010001110000000100101000000101111011010101000
0010110000111010001100010000111101001110111110001101010111100011
0011001000010000010100000101100111110111101011010111100101100010
0010011001111100110010010001000111101101001111001011100011101001
0010001100011100110100000100110010101110100110111001000110110100
0000111010100011000111110011000110011100001101000001010100100110
0010011001111001011000100001011010001111101011111111010010000000
0010001001011100010000000000111111100110100001010011001011110010
0010001001111011001000100001010111001000100111111100011011010101
0010001110001010110110000101010111111100101011010010011000011101
0010000101111100100100111000000011101110100011110011101010111100
0011001110010011011111101010011011111110100010111111000110000000
0011001100000100111011001000110011011100101001110011001111101100
0011010101000010000000100111000110011100101000001001011001100001
0010101100010100110111010101110001011010001010111000000011000111
0010000000000010001011001111010101111000000100000111101111110010
0010011001111100011100110010100010000110111110001011110100110001
0010100011011100011110101100010100000110111101100101110010010100
0011001000011001011000100011010010101111100001110111000110010000
0010101110010000000000100101011100001110011000001101001000010111
0010101010010010110011101010110011000110000011110011001110011100
0010010101001001001001111111110011010000101100010100101101000011
0010000111111000111101010101110010110111010011101011100110111001
0011101011100010111111000001011001011010000000000111000110110110
0010001000010000010110100001010010111100000011011010000001000110
0010010000111010100111010100100110001100001110100101111010100011
0011001110010101011110100110010101110010000001111110100111111001
0000000101111110101010111111100010010000011101111000100001100000
0010001000011101000110000101010101001100001101011111101111100010
0010000100110000110111101011111011000110100110100011100110011100
0010000010110100110110010100100011101110010100000101100010101100
0011001100001110100111000010111010101001000001110011010000110111
0010101000110100111000010111000010100010000010111011111000110110
0010100110010001001101111011011011101101100010011101111100010001
1000110011000101100000000110001001100000010110111100110011100101
0010101101100101010000111010010010010011101010000101111001000110
0010001100011000110000000100110111101110101111111111100000110000
0011101101111010010101101010010011001100100011000011000010111000
0010001101111101011110001000010010101100100011000011011011111000
0110111010010110100111001010000011010000001001011010100111111111
0010000010111000101100100110010111100110001011111000100000011000
0010010100001111011011101000100100100110000011100010010110010011
0010110101100011000000001110111110011000111011010101101010100011
0010011000011111110110001010010110101100010001100010001101101000
0010010100111011010000001010010111010010101111111011110010010101
0010011001000010100000110101011110100010000001100101001000110011
0010000001011010101100110100000010111100000111101011100110000100
00
0010001110011010011001010010000111100101100011000010101011100000
0010011101110100000111000001010111001000010011001010100000011010
0010001100101010000100100010010011100101000000000010101010110101
0010100011000111111101101001101000000011000110000001011110101010
0010001111010100100110110101000011111101001011011010110000010011
0010011000001111111000011011010010000100001001100100001101011000
0011000000011011011010000010110111100111010101100111101111001000
0010010101011000011011101001110001001101110011000011110011110000
0010001001100010000011110101001010001110000000100011101011011100
0010001000101110110110101000000111101011010010000000110001110100
0010101101111010010111001000110010101111100000001110000010000101
0010111000000110100010010110100000010011001110001101100001011010
0010101101110110110111011000010111100100100010000110101111011000
0010001000101010010111001110010111101001010001100110010011011100
0011001010011010011000000011101111110010101111100111110111101000
0010010101111101110100011001100110110110101111001111100010000101
0111010101010101101001100010001000010001010101100000001011100100
0010111011011011010010110100110110111100010000001001101011101101
0000011101110110001001100111000110010101101110011110110011010100
0011001100111001011111101010110011101100100010110111010111110000
0010000111011100011111111111011001111011101010100011000000101100
0010100010000100100000101000000100100010100101101101010111110010
0010001101111011110110001000110111100011110011010101001101110011
0011001110001100000010000011110001100001000000101111000010011100
0101111011011111101111111100110011011001110100110001011100110011
0100000101101001101101111000000100011000110001111110111011101111
0011001101010100000101000000010011001100100111010011010101110110
0010101110110011100100100000110110110100000010100010010010110000
0010000100011000011101000011111001000110100111010101011010110100
0010001001011010011110000000110111101110110111110010001111110000
0010100101011000010011101000110110100111111000001110000110010101
0010001010110100110100101110001000100110111010101100000011011010
0000111010100111000111110011111000111000000100001000001100011011
0010111111011100110110011000100111101101010000000010101011000101
0010001100111000101100010001111011100110000011101001000100010001
0010100111101100111001011000110111110101101011001101111101011000
0010101010011000011011000010110111100011100111010110100111110101
0010011100000000101111011000110101101000100010110110101011001011
0011001000011000001110100011110101000100100111110011101111010100
0010011001111000110100010000100010101110000110101111100011000111
0010010110100100011011001011011011111100000010000111110010001000
0010001111101100010001010010100100000101100000011010001111001100
0011000101101000011100000010111111000110001111110011000101100001
0010111000000110100111110011110100001100111110101100100100000001
0010000100001010110111111100001110000111110110010000000110111001
0010011001110111010111001000010001101101011001101110100111011100
0010111110101010110000110111011100011010000010100011101100100110
0011001101011000010010100100010110101010101100110011101111110100
0010101110011100000110001100010101001100111001001111100000001101
0100001101111101101101111000100010011000110100110101011100010010
0010001111111100010100111000010011100100010011000011110001101010
0110101111110110101111101010010001110111110011100111000010010100
0010011001111110010111010000000010101101010000000010000011100100
0010001100000110110001100010110010000110001010111000100011011101
0011000100011010011001010101010110000110100011110111010010111100
0010001011101100111101111010000010000000111110000101101000011000
0010111011011100110000110000101000101101011000000010100001000100
0011001000111010011010100110010011011110110110111011000111111100
0010001101111001111100111010100010100100100000100100011011000000
0011010011100101011100100011111000101010000110011001100110111011
0010011001110000011100110001010001100100000111100011101111110000
0011001110111010010110011100010010100100110011111100101011110001
0010110101001111110000110101110111001100011010100010100001011110
0010010001001100111000000000110001001001000111101111011110010010
0010001100111100100101011010011011100101100001000011000101101110
0011010101100010011001100010100101000110101111100011110100111010
0010111100101000101100111100110111101110100110110011001110110000
0010001000100000110101000100110110101110000001111001010111010101
0010011000110001111000010100110111101010100111000101111011100000
0011001100111010100101011010011011100101000011000011000010101100
0111101011011101111111111001000010011011100000110011010000110011
0010011000000000111110001110010110101100010000100011001101101010
0011101100000000110001001010110110000011101000111011001111110100
0010001101111110010111010011110011100100010011100010000011111101
0010101101011011100111001001100111111100110011110001000101001100
0010011000011111010111001010010110101100000101000010001101111000
0101111011011111101111111100110011011001110100110001011100110011
0010011010010010110101101010000111100111100000101010001110001010
0011001000010100110010001101001001100111000011110011000011110110
0010101100110000000110011110110111101110000011100110001111111010
0010100011100110011110010001110111101100100010000001001010111001
0010001001101000010000001000010110100010000110110111101110110110
0010000010011011011011101111110010010010011100101111000110011100
0010001110001010010011010010001011001011110111101101000000111011
0010001101111011010111110011101101010110000000110101000010110000
0011100001011001011111101010010011110000010100010111100011111101
0010011100000001010000001000010011011111001010011111101111110000
0010010001001000000011000000010111101110110111001011010011011100
0010011001001001100100011010011010100100010011000011100001000110
0010110110001110011100000000001100010111110010111100101001001100
0100010111000100000100101011100110011110101010000001111100000100
0010101011110010110111001010011011011110000000101101110000000011
0010110001111011111000010100010010001001111110110100111101000010
0010000011110101010011101011010011100110101110011110000001000001
0010001111100110110111000111110000101100000111101110100110011011
0010000101110100100111010100100110000110100000011110100110001100
0010011000001101100011011101010010100000001011110110101111111101
0010001101001100010110011001010010001001110011111110001110011101
0010001000011000110111001100001001101001001110010111100011110011
0010101011010010001000001000110100000110000000001000001011101100
0010001000010101101101001001010101000101001101011111110111100011
0000111010100111000111111011111001100000100000001000001000011011
0010001111101110100101001100000011111100100011111011110001110110
0010011000010010110111000000101010111001001010100010100010110101
0010001101110110011101011001111010111000110011000001011010011001
0011101110101100011010101010110011101001000111010100101110110100
0010101000011111000010100010111000100011010101001101011100000011
0011001100011000001100100001110111100110000111011101000100110011
0010111011111110000111001110100111000110100111110111100011111000
0010001011101110000011000111010110110011000001110010100011101101
0011011100111100001110101011100110100010100011011111001111010000
0010000111001000000101100001010101001110101111100101110110101100
0011000001001000101101101001111011011011000111001001010011010010
0011011101011110001111111000111001101000111011000110101111111111
0011011100001111000111101110010011101100100010001011111010100101
0000110010100111100011101011000010111000001000011000101101011011
0010010010110100101111000011110000111100000111101100101000001101
0010001100011111100111001100010011001101000001001110000111101100
0010001101101100110001011000110010000001000010111111001110110110
0010001000011101111000000001111110000010101111010000110010001000
0010000001111011100101110001111100000010001100111101001100011000
0010001100001000110100101001010010100100010111010110001100000000
0010001001110110010011000100001010010101011011110011000000110100
0010000010010001110100101001010011010000001101001101000101110100
0010000010000100001100011111010011110101110101111010100100111001
0010100111011001011110000100010111001110100101010111100111010100
0011000001111010011101111011010100000101000000101001011001111011
0010001100110011000011110010010011100110100111110110001111110010
0010100000011001100000010001111111011010101010000001101101000000
0010000001011101111110110101100110110110000101011101101000011101
0010001100111110111010001000000011100100100010010011000011110100
0011010100101100001110100011110111100110100110011001100110001100
0010000000011000101011000000110010101110101111111111000111101001
1010000101101110111011011001011110001100101001001111011111010010
0011000100111001000111001000110111110110101100111111110110010101
0010001100011110100110001000110011101110100010110011010000110111
0110110011011111111000101010000010111000110000000101111111000101
0010011100110011111010110000100110101111000001110101011010111001
0010001001001011001010010010010011100110100010100111011011010110
0010001101101100111110010001100001110110101111110011101110110010
0010001000011110011000000000110111100100010110100101101111010000
0010001101111011110101100010000110101110100111011111101110000000
0011001100011000010110000010110001100110000111110111111111010000
0010100111011101100100101100000001101010000010111100110010000100
0011001100010001011000101010000110101110101111101110100010000011
0010001100001100111100011000100101011000011011000101011100111000
0010000010110001110101101001001001010010101110001111000110111000
0011111110001100111010111101010001001000110110110000100000110101
0011101100111010010100101100010110110110000000110111111010000111
0010111001000010101010010001101001101110101010000110001000010111
0010010101100100001011000110011100111011111100001100011100010101
0010000010110001110101101001001001010010101110001111000110111000
0010011111111111110000110010100010100010100010000101111011100010
0010101111110001100001000110010001101100001000100000101000000010
0010101101110001010111101010111010000010000111100100010101001000
0010011011000010000001111001011110100010100001100101001000110001
0010101000010011110101001110010111100100000001100010000101001100
0010000100111100110111000000010011101110100110011010000110011100
0011011110110001100111110100010010000010110111101000010110010011
0010000101110100100110010100110000101110100010111000000010011111
0010000101110100100110010100110000101110100010111000000010011111
0010011100111110100101000100000010101110001111111000010010010100
0010000110111101001111110111010010000000011011000001101001111100
0010000111001100010011001010110111100100101101000001111111111010
0010001111101110100101110101110111011100101110011000010000110100
0010011000001011110000001011010100001110011001100000001100100001
0010011000001011110000001011010100001110011001100000001100100001
0010011000111110000111100000110011100100110111001101101100000011
0010001001111101001101101000010111001000111011001110011111100000
0010011000001011110000001011010100001110011001100000001100100001
0010100111010001100111100101011101001110000111001001001100110010
0010001100110100110101101100000010101110111110001101100100010010
0010001101110110000101011000000011101101110011101010010110111000
0011101000101100011000001010010110101001011000000000000011001001
0010000101111000110111101100010111101110100011100101000010000101
0010010010100110000000010001010100000000001101001001011001011100
0010001101111000011100111000110010101100110111110111101111110000
0010001101111000011100110000100110000010100111110100111110110010
0010000100011111100110011010010100110100000001100100001111101001
0010001000011010111010010001010111101110000011110101011100110010
0010100010110011100011001001011001100100000100001000000111011001
0010000010011110100100010001111010101111110011111111101111100101
0010000101111000010111000000010111101111100111101111100110011100
0010100100111110011010111001100011111001111100011000100011111110
0010100010001100001000000000111100100011101101000011010100011011
0010001101101111000111100011111110001101000111001001000100011000
0010110110011100101100101010001110100110111000111111101011000110
0010011000011111110110001010010110101100010001100010001101101000
0010000000011010000011111110011101100010111101000111100000110101
0010001000111010010111001010010111101101100011100110100011111100
0010001101101101010111000110010111001100001010111111000011110110
0011001010011010011000000010100010100100111110110111100011110100
0010000111011000000101101011010111001000000111001011010101111110
0010000001010010001110011001011001000101000100001001001010001111
0010010010100100001110000001111111001010011101001101011000100010
0010000010001000011011000000010111100111101000001011001011000100
0010000100011000110000101110011010100011111010000100101101110001
0010000011111100000000000011010110010010100110010101001010100000
0010010000010000100110000110010111110110100101010111100110100000
0010001100110000010110101000010011101110100111110010000010100100
0111111100110011101001000100000110100100001000001000100011101000
0010000000101010010100101011000110011001001001000011110101100101
0010001001010000010110001010011011111100100010011110110011110000
0010011110101000000100101010110000000100110001110011010010100001
0010100110110001100101101001010011100010001110101001000110011100
0010010100111010100011010100100111101100101111011111011010000011
0010110110110101110111001101101111010111001000011011100010000101
0010101001010000011000100010111100000110101000111110010111111010
0000000111111000111001000000000001001011011011001101000110000100
0010011101001101011100111001110100010100001011010001110110111111
0010100111101010110100010100110011100110100001010011110010110100
0010010010000000100100001110001011100101000010001100100100101110
1000110011000101100000000110000111010010111111011000000100110010
0010110111101010111100010000101010100010100111100110110010110101
0110100001111000110010010101001110101010000100001111111011011001
0010001101111000011100110001110010100110000011110011101101000001
0010101110001100100110100110100100000100010010011100011000010101
0010100110011010000100101000110101100110000111010001100100000101
0010110100010111111111110000011111101110100110010111111110010100
0010101110110100100111110101000000101110101010111001000000010110
0010111011001010111100110011111111101110110111110000101100100000
0011001000001000001100100010110111001000010011000101011001110010
0010100010110001110111101001011011000010001100001111000110011100
0010101110100010110100110110001100110010000010100000101100101110
0010001100011000100100010010000011100111100011110011111010111100
0011001000011000111010000111110111100110000110110111101111111111
0010001000011100001110000010110001100110100111011111111100000011
0010010101110001101101100010000010010101100111111101110000001100
0010001000001000111010110000110111100010100110110111111111110000
0010100100010011100111001100000011011100101111011100000110100001
0010001000110111001111001011111111001000000111101100000010110000
0010111100010001100000000111010111000100111011000001001001000100
0010001001011110111110100110110111100100000010011111110100110011
0010001010010111110011110001101001000010000101001100101011111101
0010010010010110010011000110110000001001010110101110010110010100
0010011001011000111100010000110111110100101111110110101011100000
0011011001001001100111100000000010000001011001111101000101110110
0100000100110110111010110001001001010101010100011000101011110000
0010010000111110011010000010010011101110101111100111101011011100
0010001101111110010011010000100010100110110111000111100111101101
0010000010110000100101101000011011000110101110101111100010011100
0010111010011011101111111100110000101100111101111111111010010011
0010000101111011011100111010000001001100010011100001011011110000
0000011111011111101001110011101110001011001100011101001110010101
0010011101101000010111101000110010100101110010111010100111000110
0010001001011010011011001000010111100100100111000111101111110100
0010001101111101011101111000000010001000111111000101111101010010
0010010000011011011100111011110100001010110110011010101011010011
0010011101110110100101011000011011000100101111001011110010101010
0010001010011001101101010101001110010110100101100111000100100011
0010001000110101110100111100010010001100001010001001010110001110
0010000101111001101100111000100100011000110001110101101100001011
0011000100011100000110000100010111101110100111111111101000000010
0010011001010011100100011001001011100101000010000010100001100000
0011001010011000101100000111110011100110100111110110101111000000
