0010010001100001010111011000110101110011101010000011000010111110
0010010010010001011110010110100110111011010100101111101001101100
0010000110001000100000110001011011101110000011001100110000100110
0010001100100001101101100100011111100110000110001111011000010110
0010100101101101110100101010000100000001000000110010001001011100
0010101010000100100000000110010111110110000001010011011010100010
0010100011010011110101111101111011100110111111000111001111101000
0010111001101110001000100000000001111101011000000101011011000100
0010100000101110011111001100110010010001011111100001011110111100
0010001101011100011110100000100011100100010000000010010010100101
0010111010110010101010110110111110011110000010011011110011101111
0000000001010110011010011000110101101010000011000101000010011000
0010101100000000011000101000110111100111001010110001100110000010
0011001000001000111000001110111001010101000001010011001010101110
0010001101111010010110101000010010101011000011100010001011110100
0011001000101010000110100000110010101111100110100111111111110100
0010011001111100011000100000100111111001001100111011011111100010
0010101100001010110000001001000000110010010010010000100101110111
0010101000001100011101100000110010100010100000001111101001011000
0010011000101110111011110011110111010001000001111001110110101011
0010101100100000011000011010100001000000101000110001010010010000
0010000110010001101111011100110001101100000000110100101100000001
0010000000010110010101000010111011110111010010001000110101100001
0010100101101000100010100001000010100100111111011111000101100101
0010001111011101110111101101010111100110001110000101101100010100
0010110100101100101111110001000111101110110100101110101001010111
0010001101011110010011000101110111110011000010111011001111110010
1011010000100010001001011100100010011011001001101011010000001001
0010101111100000110100001111010111010111000010110011100010000110
0010100110101011010111101000000010111010111111001011000000110101
0010001101011110000111001000010010101101010011101100011111101011
0010001001011110001001111011100110100011001100111100000110010100
0010000000110000011111111011111111000011100100001011011100100101
0010111001010110011001011101110111010001001000111001010101110000
0010001000001101001110101110110111100000010101010000111110100011
0010001000011101001110100110110001100100000111111101000110010100
0010001111111100011100110011100010000110011110100011000100101110
0011111010100110010000011001010111110010110111000010100001101110
0100011101111110011111100010100101111001011110011011110001010100
0010001100001100101101101000010110100101010111011000011010110111
0011001000101110011001101000110101101011111111000011110101110100
0010101101010010011010100010111011011110100011010001001100010011
0010111100001010110110000000110011100111010001000010110000110110
0000110111001100001010000110010011101001001001010001100010010000
0010001100101000011000001000110000101110010101100101000001111000
0010000110011011111011110000010010010011001101111010110100011000
0010011111011010000110010000110110100110000011000010101011000000
0010000101010111001000100011000111010101001100011111001100000010
0010111110101010110000110111011100011010000010100011101100100110
0010100000101000110000100001010101100010100000001101101010001000
0010001001011100010110010000110011001110110111000000001010000000
0010001111111100111101110100111010000011110110001110011100011010
0010011100000110101110000110000010111110001010010010010000110011
0010111110111010110100110001111100001010000010100010100000100110
0010011001100010011111011110001011101001111010000001110011010010
0010111010100111000111100011111000011101001111001001000111010000
0010110010010011100101001000101110110011011000100011110010100110
0010011000011110110110001000010110101100010001100010001101111000
0010000101000100101111011100100011101110110111001000110000100101
0010100000101100100100101001001001101011000011011000101010100011
0000001001001101000101011011101100100111101001010110010110000000
0010001000011000010011000010110111100110100110010101101111010010
0010100111010101001011001111010110110110001110111000010010110001
0010000000011001011011110111110010000010000111111111000100111000
0010001101110000110101111010001010101100000110101110000111000100
0010100100010111110101101000011010010100011110011101010110010111
0100110010011011100010010100001010101111111101001000110100000101
0010111011100111101111010110100010110110110101100011010000010001
0010101101111001110111100000101000001101010011100100010001001000
0010001001110100111100111000010011000110001110101100000100010010
0010001010010001100111000101010001001000001101001101100100100011
0010001100010011100110101010011011011000100001100000101000101001
0010000100111000000110111001110010001000010011111110001100010100
0010010110100001100101011101000100000101110011111111111010010111
0010000100010100100001001001010011001000000011001100010000110010
0010001101011011110111101100010011001100111100100010100011111100
0010000011011111000000000100010111010010001011111000110111100000
0011011000101110110100111000000000001001010000100010010000010000
0010011000011110011110000000101001011101110111110011000110000101
0010001110001110110000101001010110110010001001011000001010111101
0010101001111011011010100101110011000011001110001100001000111010
0010000001101100010001000010110111110000100010100011101110110100
0011111100100101011011101010011110100000110111110010001111100111
0010111011011100011010101010110011110101101110010000110111010010
0010010101011101010010110110010110001010101011001111001010110100
0010100010110001110111101001011011000010001100001101101101001000
0010101000011010111101101110000111000111110000110010100010111000
0011111110001100001110101011110101000000110011000100101000000101
0010001101010000011110000011100001011100101111100111011110100000
0010010000010111111100011010011110001000111110000101100000100011
0010000110011011000111001000111001011111100010111000000010001000
0010110000001010100001010100111000010111100011000001101000000110
0010101000101000010010101100010011101010001110001110100011101000
0010001011010001011101001100000011101101100010000110110011100000
0010111101000001101011101110010011010101100110100101000111000010
0010001111001101000010000111010110010010001000111110000100010110
0100000101101010100011011000010101101100110101011101000111110111
0010111101011110001111100000110010100110010101110101100010110000
0010001110011100100010000010110011100110100111110111101110010101
0010011000011010001101100110100110111110011110101111100110000100
0001110000011010010001000111100010001001001101011111100101111011
0010011010010110100100001010010011100110101001110111100000110100
0010001101101010110101000000100011100110010001110111110100111111
0010100100101000100000000000000111000110101111001001010010110010
0011100110000010001111011010111011111100100010001101111010001001
0010001000110110000110110000101010011110100111011011100100011010
0010101010010010011001111001011101000010001101001111111101010100
0010110100000101110000000000010000010000001111000001001011100000
0010000100001100000110101011111001000001010011000100101100101100
0010011101100110000111011000000011101100110011000110010000001011
0010001111011001010110101110110110100011001011100111000000101001
0010001101111110010111001000010011101101110011000010000011111100
0010011001110100001010011101100111110111001011010111110001000011
0010010110110000111101110001001010001111011010000101111000011111
0010111000100110000001100001101100000101010111011101111110000010
0011001000011001011010000010110111000110100111111111101110110100
0011000000111011110110000100110001011001010101100111101101001101
0010010110111001011100101011010011010010000001110010100000100010
0010100110010100110011101111011010001001010011010110000110110000
0010101111110011110111011010100111100100101000000111110000100100
0011010000011110011100110110011000101111010010101010100001011100
0010001000010100010111101000110011011001000111010010010010010010
0011101111000100111110011101110110001001001100011100011111101111
0010001100000000101001101100100110110110000010010001101010110001
0010100110101110100011010100110101000100011100011111011010010110
0010010010111100010100100010110010100110101101000111001100000100
0011001100011110100100111100000101100100000001100010111100111010
0010010011001111100000000001011010011010000010101001011011101111
0010001100110010010100110000100011110110110111110011000110111110
0010111111111101011111100000110011100011100100000001110000001010
0010001000001001001000001101000001010011001010010111101111100011
0011011010011000011010000010110011111111100100110111100111010100
0011010001001000001101110001001100101110100110101001110001010010
0000000001010011100110011000101000011101111011000111101010100111
0010101110110001010111101001011001000110000111000110110100000000
0010001111111010011101000100110001111110110111100010000111101000
0010111001011010010100110001111110100110000111100000101110100011
0010001000111111011110001100110111101001000001000101011100000011
0010010110010010011011111000111011011001001110110001011101100011
0010000101101100000101110010011111011111001110101100100001110001
0011001001011101100010110011001110111111000110010110100011100010
0010001101011001001100111000010011110010001011000100110011100101
0010010010110001110111101000010011100110011100000101110001001111
1010100110111011101101100000111110000111101100011101011110010100
0011000001011000001110110010110001100100000000111110000001011101
0010000111010000101101101000000001010101101000100101110001010101
0010001101111110010111001000010011101101110011000010000011111100
0010110110001000011101101000110110100111100101110111101111110010
0010000101101100100101111001010011001100010111001101101100110011
0010100010011000001110100011110111001100000011011101101000100000
0010000100110110010010101000110011001101000001010001111010101001
0010111001010010110110010010110100100100111100000011100001110001
0010001101111101011100111010100010001000111110000101111101000010
0010011101111110010011001001000111001111010101000111000010110100
0010101000011010111111001000110111110111000110100001111010110100
0011000101111000100100101100010011101110100110111011010110110101
0010001000111001110100001101110001010011001100001000110000100101
0101111011011111101111111101100100000100000111100011100110111010
0101111011011111101111111101100100000100000111100011100110111010
0010100100101011001101100110110111010110101110111111010111110111
0010001001011110010111100000111000100101010011000010010010000100
0010001000011110000111001000110111010111000110110010000111110000
0010100100110001110100110100000010101010110110000000100000110000
0010000100001001011011001010111111111000100000100111100101111111
0010101000011000011110000010110110100111100111100111100111010000
0010001101010101010000000000111101001011000111101110000100110100
0010000001111000110100111001110010100110001110001011100110101000
0011000001001010011001111100100111010111100100101011110101110010
0010001111001101000010000111010110010010001000110010001000101001
0010100101011011111101100011011100010011000000001000000110000000
0010110101100011110000110010001001000000011110111100111100111110
0010010101111111111000010000000110101011110111011111000110011000
0010101100110011010101101000110011111110111100111101010101010100
0010001100011100111110001100110011101100110110010111111111100011
0010001101111110010111001000010011101101110011000010000011111100
0010101110001100011010100000100011110001101110010001101011010010
0010101110001100011010100000100011110001101110010001101011010010
0010001111110100100110001010111001110111101010110111110000000011
0010011000001011010110000010110111101010000100100101110111110100
0010011100111110010001000000101111100111110001111010010010000111
0010001100110100011110011000000011101010100111100111011011111000
0010001101111110011100111000000110001000001000110000111100000000
0010001111101010100101110111111111011101101110000111100100111100
0011000110000110010000100110100011100001100000001010000110001100
0011000101001010011001111100000101010101100000101001111011010101
0010011010011000011000101010010010111000001011110011001011011000
0011001000001001011111000010011111101110100111100111001001010000
0011010110011011001001000110110101111110000100101101010110011100
0010100100000011010000111111011101111000101100100100111101100011
0010101101111101100010011001100010101101011100011100101111000111
0100111111101100011010000010110001101001100010010001110010010110
0011001100001000101011100000110111100110000111010001011011110010
0010011100111100001100010100110110111010111111001011010111001100
0010001111011011000111001101010111101000110001011100111011110100
0010000101001100100101010000010111001110000111001001011001110010
0101111011011111101111111101100100000100000111100011100110111010
1110110010000110100011101010000011000010011001111001101111011100
0010111000110110011110010001101110000010100011111001011110111000
0010101100100110010001100010110000001011000011100001000001111001
0010000100110011010111101010110010101000110011100111101110101100
0011010011011000110100010010011111100100000111001111100001111100
0010010011110110001101111011001001110110000101001111111010000110
0010001000000011110001111110110101110110100000001101111011111101
0011000101001010100101000000110111001110000110101111000100110100
0011000100001110010001100010110010001111000000000001010000111000
0010001001111001010100110001110011001010101110001111101100101000
0010000011101010000100001001001010101010111111000011100000100010
0010101011011010111100111101011011011110110110111011000101110100
0010001110110001001100100011011010110010100010110001110010111101
0010100010000110111100010000110111100010111100100000000101000000
0010100010011100100100001000010010010110010111000110100100101000
0010010011011010101100101001000011010100000100110110100000010000
0000000000010110000010010010001010010010101111110100101001100010
0011001001001010000111100000011011101110010111001010000001010010
0010010100101001001001110000111011000101011100001000100001011001
0010010011000001101101011101000101110111100110110111100011110011
0010101001011000001000101110110110010100110111110011011111010010
0010111011001110011110101010110000110110000001110101110110011011
1011101001100111111101110000100001000100101100111001101100000110
0010011101001000000010010111010010011010001100110011010010110100
0010010101001001100101100001011111001011000111011001000110011100
0010001111011110111011001010110011100110100010111010100101010100
0100100010001011110110101110011000010111011010001010100010110000
0010011010011001001111100011110000000000001110011110101010111011
0010111011000111100111001010110000111000000110111011110110010111
0010000101110010100100101000011011001110100111111011110010111000
0010011101110101010101101010101011010101111100000011111000100010
1010111000110100111100001000110100001100000011010001010101101011
0010001000100000110111101000000011100101111110000100111111110010
0010010110101101000101101000110100110111010000001100001010110101
0010010101000110010010001001100101011110010000000011111000101001
0010000010110000110011001010010011000010100110101111100110011000
0010000001010111011100000000111011110110100000110000111011101010
0100000101101001101101111000000100011000110001111101000011110111
0010000111111111111010010011010011100011010011000000100110100011
0010001100101010001011110001011101100110001000011010000100011011
0011001001011000011000100000110111101111000111110001000111110000
0010000010100111100101011111001010100101000010001011001000101010
0010101101110001010111101010011010000111000111001111000101000000
0010001010011000001110001010111111100101000111000011000110101110
0010011000010100001011101101110011110001001011010010110010110011
0010001101111111010110101000000010001001111011000111111101000011
0010000101011010010101011000000111110101100010101011110010101001
0010111111111010110000111010010010100010011011000001101111010110
0010000000011000001000001111110010011010001101110110000111111001
0011001101001000000111100000011111001110000111100111000100110001
0010010010000001111011001110000100001111110001011000110011111101
0010100000111010110010101000000010101010110000110011100100101001
0010010100011110110001001000110110000101000010001110000110111100
0010001101011000011000010000110010100110000011010111101001000001
0011001100010000011010001011011011000100101100110011100111110100
0010001100111110011111101000110011101111111010100111000010101000
0010001010011000011101100000000000110111100010110011100100010011
0010001101111101011100111010100010001001111100000111110111000100
0010010010001000001010001011010111000100101010011111000010100010
0010001010000100101011001100100000010101101001011100101011000011
0010001111111100110000001000100111101100010011000011100001100101
0110000111010001011101000100001011111111100011010010110010101100
0010101111110110100101011001100011110111101011010010101000000110
0010000101001000010010010001000100010100001000010111100010100100
0011010001111100111100010011110101100110000010100010101000000011
0010111010110010010111101001011011101010011011001100010010101010
0010111000111001110111110000101000101001010010001010010011010001
0110010001011000101111101011101100000000001110110010111011101011
0010001101001001000001000111011110011010100001110010100000101111
0010010010000001111101001111000100001101100001011000110010110101
0010111011011110111111011100010001101100110111110111111011111101
0010001000011010011010001010110111000010100111110011100100110001
0010111010101111010111110010100100111111010001001110010011101110
0010011001101010110101011110000110001100000000100100000011110000
0010000001011110010110101100010111011010001101100001011100110001
0010000101011000011100010001100010100110010001011011101110010101
0011111110110000110000010110010111100111100011011011000110010000
0011001101011101011111111000110011001000110110110101011101010010
0010001101111110011111001010110011101101110011001010000010111000
0010001111111000011101100010111111100110100111010011000010000010
0010011010100100010011001000010011100000101011010110001000110010
0011010011001110010110000110010000110100001100000111100001000100
0010000000001000110110000010110111101010001110111011100110110110
0010001101111100011010101001110111100011000010010011000111111011
0010000010100110101110100111010001101000001010011011000010100000
0010100111111011000100111010110111100010111100111101010100000001
0010001100110011110010001011010001101000010011011101101110100110
0010010001000000000101100001100110000110000000101011100000110011
0010001000010010011010011011110011000110101110110011010011110000
0010100111111101110111011000010011101100100010111110011110110110
0010011000011101110001111101000011011010000000100010100001100010
0010001101110010011101001000010000001101000001001110000010010100
0110111001001110100101101100100110100011100111000011111100111011
0010010100111010011111010000110000101001001110110011110001011100
0010010101111100100001100000001110101111101101001111101110000001
0011101100100000010101001010111000001111000001100100010000001000
0010101100001100001010101000110011100101110011000010001010010101
0010100111111000110110100001110011100010001000010011100110011100
0010001000011000010011000110010111100100100111011111101111100000
0010001000110010001011101001010111001011000011010010010001100000
0010011100010101010110111110100010001001110111000110111111110101
0010001101111100011010000010110011101101100011010011100111110100
0010010010000100101001101010100000101000111001110000101011010110
0010001000001010011011010010010101100010100011000101001011010000
0011101100100110010001001010110010001001000000100001010010111001
0010011100110000011110101001110111100011000011110110100001101011
0010000110011010010000101010011101100111100111101001100101110010
0010100010110001111111101001011011000110000000001011000010011100
0010001101001110010101001010010101000100110001000100100011101100
0011000110111011010101001100110111110110001100111101010110010101
0010000000010001001011011111011101001100000000001100111001000001
0010011000111110111001000011011111000010000111110111001111010100
0011001100111110010001001000010010001011000100101111001110010100
0000011000001111011100011011011100010010111111000100100101100101
0011000110101011000101001100110111011100001010101101010110100101
0010001001011100100110001001000001100101011111011111100111010000
0010101101001101101011101100110010110100010100010111011010010011
0011101011101110101110010111111101100000100011100100101000000100
0011000101001000100101100001011111001110000111001001011001110010
0010111011011100110000110000101000101101011000000010100001000100
0010111010101011110100001000101110111011000001101000000001101110
0010101101101000010100111010100110001010101000100011000000000001
0010001111001101001010100111110011000010101100110011101101111101
0010001101111110010111001000110011101001110011001110110011000110
0010101001000001011100000010010011001111000001010101010111011100
0010101100101110011001111110100000000110000100000100011100000010
0010010001011100110100000100101111100110100010011011110000000001
0010001100100110010011001110110011100101010111000010011011110101
0010101010110110111010111010010011100111010010001101111110100110
0010101110011001011011000010110011001101001100001111100111010111
0010110010100011110111001000011001000011100100101101011111110100
0010100100101010111010110000010010100110110110010001111001011110
0000101110110001000010111011111011110000001100000000101110010011
0010110100101111111100100110010110111001011011000000000001111110
0010101010101100010110111011011110101110000001101000000101101001
0100000110110111111110110000101101001011100100100100101010111001
0010011100001011011000011100111111010110011110110000100101111000
0010111100010110001001101010110111110110101110111001011110100000
0010001000010011010111101010011011100100000101000011001001111000
0010011000011001001100000000010011100110100011011111101011110000
0110110011000110100000101010001010100011011001111011100111011100
0010000000011100010000000000110111100110100011000110100011111100
0010010111011111001101000001100110001110101101101111011110011100
0010000100000011001100111010000011111100111010010011100001000010
0010000001001001000111110011000011100000101100000111110101001100
0010000101111010101100110000100011101100100011011111011111001100
0010101110101000010011111011010011100000001000011110100111100010
0010000011010001110001001001000010010010010100000111100100100011
0010001110010100110011111111110011101000101000011011100011011111
0010100000001010101001101101000011110010000000101000111010000111
0010010010010100111010010100001001101100010110111111111011101101
0010001100100110000111001010110011101111110001100010110010111111
0010001001010100011011000010110111100011101111011111110110110100
0010011001110110111111011101000110000101001110011000000101101010
0010000100001111101101001101010111001100100111101001011001100001
0010100000011011111010111100000010011001111011111101100011010000
0010011000101011001101101011100010001011101101101010111110010100
0010000000011101000010111010000100000110111111100111011101100100
0010101111111100010110011000000011101101111001000010100001111100
0010001111000000110110011001110010000011000101000110000111111001
0010111010110110010111010001111001101000010110000000001100111010
0011001101011000011111101010110101001110100001100110110101100000
0010001010011000010010000010110111100110100111110111101111110000
0010011111011110100111000000100001100111000111100011100010111110
0010001101110000100110010000101000001110100111001111100000100111
0011010100000010001111110011110111101110100110110011101110100010
0010010011010011000100010100010011101100100101011101111001110000
0010101100111110010111001010010011001101000000100000000011111100
0010001000010000011000000001110011010011001111110111101001111000
0010000001011001011110001001110100001011000100010100001111101101
0010100000110001100101011000001011000010001100001111001010000001
0010101000010000001000101000010010100100000001010001001010101001
0010000011011111110010001010010011100111110101000111001011111000
0010011100000110100110011010010001010000000000100111110000000111
0010101001000000100011100100110010110101001010110000111010010011
0010111111111100011010000010100011101001110011110110100111111000
0010000001011001101000010000101110110101010101111110010010100110
0010000111101000110000001110001110111110000010010001010110110001
0010101011010010111000001100011111011110100001110011000111101100
0010001101011000011100110011110010100110000011110000011101010010
0010010001011001011110000000110100100010100110111001100110100110
0010001110011010110000000010110110010100000010100011100010110001
0010010001111001110110000001000001100101101111100110110010010001
0010001001111110000111101100000010101110001111000010000100001100
0010001101011100011010001000110111100111101011011011000111110000
0010111000101010011110100000100001101011111001110010100110110110
0011101001010110001001101001110111000011001110111100010101100000
0010010110010010100011011011011110001011001110101010110101010111
0010011000011110110100011010011100101100011001000010001101001100
0010101101101100010111001110010111110101010110000100101000100101
0010111001110100000011100000110011010001000010011000010110100010
0010001101111000010110110010110111100110100011101111101101111001
0010000001011000001010100111110111010010001111110110100111010010
0010101010110100001001001001000111000001100001001110110111111011
0010001101111000011100110001110010100110000011110011100110111001
0010101100001110010010101000011010101100101100000010010011111100
0010001100100101000110111100000010101110100110101011011010110111
0010100010010000000011101000011011000010000010010001100010010100
0011100110011010001100111000110010101000000111100000101010110010
0010001100100100000100010110000010001110000110111011011011010011
0010001100001000011011101010100010100101010111010010100011111100
0010100010001100001000000000111100100011101101000010000000010001
0010000001001001000111110011000011100000101100000111110101001100
0010000111100101101010111010100101001000001010001011001011001011
0010001000011110010010000000110011101101110011000010000011110100
0000000001010000111010010110010100111010011111110100100110101100
0010000000011010011110010000100111100010000111101000111010000001
0010010000110110011101011010010011001010101010100111010010000110
0010001101001000011110100001111011101100000011001000000000010000
0010001110101010010001111100110110110010010000010010111010110100
0010111011010001101011011110000100011111100111011000110011101101
0010111101111100010101000000001001101101010010000010010010111011
0010011101110100011100010011110010100100100111010000001110111011
0010111000000100111010100100110010111101001000011001110010110001
0110000011000110011011010111000011100010000000011011000010101110
0010101010011110101011101100110011110111110100010001011110110011
0010101001010001001101011101100111010011101111111011110011100100
0010010100101111000101110010010010011000010000010100000001010101
0010000001111011001100111000100010100110101111000011011111100000
0010101001000100011101011010110101100000001100000101111101010110
0010011000011110010010001010010111101100010001100010101101110000
0011010000111000011001001000010111100111100001010110011111110000
0001011001111111000100000110101101101010000000001001001001010111
0011100110111011010000101000110110101100000111111110101010100000
0010011011111111011111100010101000011101010111001011100100011100
0011000001110100100101001000100111111111000011001011111110110100
0010101111111101010101100101111010001100001001101110101101000110
0010001011001000100011100011010111000010000011111111101110111100
0000000100111011001111110000110101101110101110110101110010010101
0010010110010110100010111010000011101010001000111011111111010111
0010101111000010110001001010101100000111101000111010000110100000
00
0010110100110001110011000110010010000011111011001000000111010000
0011000010000101101111101100110010100010100110010100000110110111
0010010000011001011100001100011010001110000010100011000100001100
0000000001000100101110010100110100110010000010110100000001110100
0010001000011110011011110000110111101110110010100011000111011100
0010110100000100101010010011000101100100101101001111101001010111
0010101100100010001000110001010111101110010001001110101001110011
0010110000000100101110111100001100100100011111000011111101010101
0010011010101100010011101011111111000010011010010111001011110100
0010001101111101010100111000100011001100110110000110100011111010
0011010000111100101100111110010000000110100110101011100000011010
0010001101111000010010010000110011100100100011000011100011111100
0010101110100101000111100011111100010000000110001000001100011000
0010001101111101011100111010100010001000111110000101111101000010
0010111011011101100000000000000110110001010000000010000011100111
0010001101111000011010100010110010100110100011010111101110010010
0010110010000101011010100100110010101010001000000100000110010110
0011001100011000011100110000000111010010100000110111110011101101
0011101110111000010100111110111000101111111001101110000001001100
0010100010101001100111101000001011111010100000000100000111110001
0010001101111100010001010101110111010011011000011011010111010100
0010111000100110001111010110111100001001000111101101100111011100
0010000110011011001001011001010111010111101111001100000001110010
0010010111110001101110100110111101110110011001000010010000101111
0010001101001010100110000010111000100111010001100010000011011100
0010001010000001111010100011011011101000001011000111100000111000
0011101101101100111001101110110010011011100001011011100110011110
0010111000010110110110001010010111101100010001100011001101011100
0010001100101100001000101011100010100001101111110101111110010101
0010111100110001110000100110101100001011110011001100000001000001
0010110010000110000011101010100011000010011001101010101100011100
0000111010100111000111110011111000111000000100001000001100011011
0010001100001110101011100001011110001010000110010001010010110101
0011001100000001010011100010110000001101000100100101010011011000
0010011011011101010001010100100010111101011010011011000011000100
0010000111011110000001001000010111100100000001100000000101001110
0010000000011000110100100010011111001110000111111011000100110010
0010010110000101111011101110110111111000101000010010100001111000
0010001100011000010101100000110010101110010011001111100110100101
0011001100010010011111100010111011101110000110110111010111110100
0010001111010110010101001010110010111101010010100011000010111100
0010001000001010010110000010010010011100100001100100101101110111
0010000010001000101000101011001101101110111101101001000101101011
0010011101110111001001110011100000000000011011011100010100111000
0010000001000110010101011100000110101110101110001111011111010010
0010111000011100001000000000110111100011101101000101110111110000
0010001101111000011010011000110111100111100110110011100011110001
0010010001011011101000110000100000101100011100100010100001000011
0010001101111000010101010010110010101110000100100011000000101001
0010100000110100100100111001000010001110100111110111100000011010
0011011100110101111000001110110010111111111111000011010011001100
0011101010100110000111100011110100001100000011011010011100010011
0010000111111110110100001000011011100110000010001111100110011100
0010101010010000011110001010000111000100101011010100110111010101
0010000001011000001000110110111110001000000111110101111001110000
0010011010011010110010010010110010101100001100000010100111110100
0010111100111010001110100001011001101110011011011100011011100011
0010111111101100010010100000110011101101101000000001100011010110
0011000101101000100101100001011111101110000111001001011001110010
0010001101111110010111001000010011101101110011000010000011111100
0010001001111001110100001000010001010101100010111111010111101001
0010011000001111110000001010010111100100000011110010001111101000
0010011101010111001011000001000011011011001001011001000011100100
0010100011011110010100100100110001101100001100000001100111010110
0010011000100100001111000110110100001000011111000101100011011010
0010011011100010001001000110001010111010001100100101100100011110
0010111101111011101111110100010010101000001111111110111110010110
0010110010111111011111101000110011101100100111111111100111100001
0010100010000100110110010110100111111010010000000010111101100101
0010011011000111011101001110000111101101111001000111010011010100
0010011111101100011010100010110011101001100000000010100011010110
0010110011001100110101100100001110110110010000000011011000000000
0010011000001100000011000001110010011011000000011011001110010111
0010110010100110000111111011110001010010000100111001101100011011
0011001000110001101111001001000111000111101001111110101011100001
0011101101111001010111100000110011111110101111110101010100010100
0011101011010001011000101000101110111111000011110011000010110000
0011001100011010010010101000110011111000101111110001000110010100
0011100101100001100101100000011111001110000010011011010101110000
0010011011011110100111001000000000001101111011001010100110001100
0010011010000011000001010000111100001111100010011010010011010001
0010001010001111000011000010110010110110000101100111000111011100
0010011001011110110001010110110000100101010110100110101001011100
0011000101001000100101100001011111001110000111001001011001110010
0010000110111010110001000001001110000011001110000000110000100011
0010001000011010010111001000110011101111110011100110100011110100
0010101100111110010111010010110011100101100001011011111110100001
0010101101111110110001011000001011101101110000000010000011000100
0100001011100001101000000110111101111101001111011111111000010100
0010000001001000111100100001111111001110000010001011001100110001
0010001111111100111001111101100110101011001101011000011110110100
0010001101111000011000010010101010000110101110100010100011100000
0010011001011111100001000001010110101100011101000000011101010110
0011111110001100001110101011110101000000110011000100101000000101
0010011000101010100010110010011110010001000001010000010000110100
0100000001011011001000111111100010010000011101111000010000010011
0110110101111001000001111000010001011111100010010011000000001001
0000001001110101000101101011100010100000111010001100101000000010
0011001100111110001101100010110111100110101111100000001111110000
0001111010100111000111111010110010011001000100100001011100111011
0010110000000100101001010101110110100011101010111000010001110010
0010011000001011010111001010010110101100010001100111001101111000
0010111001010101000110100101010101010110001111100001100110010110
0010100001110011011100110110111010010110010101111111011101000000
0010000101101001100101101000110110101100110111100001000010110110
0010001101111110010111011000010010101101110011000110100011110101
0010000000001000010000101000010110100010100011000000100001110000
0010010001010001100101100010100000101100000101001111100011100010
0010011101111110101001100000001010001101001001011100001010010100
0010001101001110011000101100000100100101110101100011010011010010
0010001000011000111110000010110011100110000101110111000110110100
0010110101110000110100000010010110001011110011001000000001110000
0010011000011110010110001010010111101100010001100010001101111000
0010011000011010011010010010110111100110101111100111100101110100
0010001001111001101110011000010011101101101011010001111010000100
0011000001011000010111000110010110101101110011011011000011111000
0010001111111100011100111010111010001110111011100111000100001100
0010001101111001011101011100101010000011110111100000111100110000
0010100110101100011111011101010111101110000111000110000011111000
0010100000100110011100011010100111101000001000110011110100010010
0010110011110010000000111111011111100101000011001011100100101111
0010011000001010000110011011011110101101000011001011001100001010
0010001111111101000100100110110110000010111000010101011100010010
0010100010011010111110010110110111111110010111110111101111100100
0011100110111011001101101000110101110110110100111101000110010101
0010101100101100000010101000110011110111110110000100001110110110
0010011011010111110100001000011010001101101010111110001110011110
0010001111001101000010000111010110010010001000111111011010110110
0010010010000101011010010101000011011100001101110011111010101111
0010011110100110000001011001000001100100110011000110110000101011
0010101111110000010111100010111000000111000100101111010010011110
0010000100000100100010110101011010011001111000111000100101111100
0000011001100011001111110010100000011000000100001100001100001010
0011011000110000001111000010000111000110101111010110111011110001
0010101110010001011100011011011011101100000011011111110010100110
0010001001000001000111010110000101011001101000010110100101100001
0010000101011100110100111000010111111111000000000010010001110110
0010000101111100110100111000010111101101001010001010010001110100
0010001101111000001101001001010110001111010110001010010011010000
0010000101111100110100111000010111101101001010001010010001110100
0010011001011110010101001000100011101101111011000010100010100100
0010101000001000001100100010110110100110100111010011101100100011
0010001101101000010111001011010111110010100100110110101011110100
0010010110100100011110100101111010001110001011001011011010001011
0011101111101000010100101001011111001110000011001101110101010100
0010001100101110011001100010110011100010101010100011101110010110
0010010100101000011100001001010110001110001011110011101111011011
0010001101011101111010001011010110100100001100011000001101110000
0010010111101111011111111101000101010000110000010000011010110000
0011000101001000100101100001011111001110000111001001011001110010
0010001101111010010111001000010011101110110011001111000011111100
0010111001011111101111110001100110000010001111101111011110011110
0011100110111010010101011000110110101110101100100101010100000101
0010101101111110010011000000010011100111100011111011000011110100
0010001001111010011110000000110011101110100111101111000111110100
0010101001110100010011100000111000101111000111000010000101000100
0010001110001110010101001000110010100001110011000101110010010011
0011011001010111110111001011110111001100110001100010001111111000
0010111001111111001011111101100111000010101011100011000111110000
0011111111001110110101110010111100001101001000000101000001001000
0010000101101001101101111100000100101000111111010011111101101010
0010000000110000110100111001100010100000011101010000111111000100
0010001000010110001011001101110111010010000111110111000011100000
0010110010110000111000111001000000101100110011010100111011010101
0010001101001000111100111001110110101100111111101110101101011000
0010001100111110100110001010000011100111101010010111110000000011
0010010111101110001100001000000000101001111111100011100110111100
0010100100110011110000001110010010001011011011101001000110010000
0010011101010010001001000101011101101100001101011101110100011101
0010011100101001010010011100110011010100101111000110011000010100
0011111000000000001010100011110111000010100110110100101011100010
0010101000010001110000000010000110000101011011001100000110010000
0010001000101011101110110101010000000000000000101011000011011011
0011011100100010001010111001010001101000111011011100010011101011
0010001110011010110101011100000010101101100000101101110001011010
0010111110101010110000110111011100011010000010100011101100100110
0010011110010000111011110010101010011100111100010100101000010100
0011011000011010111010000000110010001001001111110111111101011100
0010001001010000001010000110110111010010101110111010111010110000
0010101100111100010111101010110001100110100101001110110010010001
0010101010111100110111010100110011101110110011000011101111111101
0010011001111000110110101000011011101101100001000110100011010110
0010010001010001100111001000001110010001001010100000110010110110
0010010001000011101110010000100101101110100110100111101011100011
0010001000111010111100011010011011100110000010111011101100110000
0010101110011110011000110101111100001010011011101010110001110100
0010001100110110100111111000100101000011101010001110001011001000
0011100001010011010111100110110000111111000111101111010111001000
0010011011011100110110001000101011111101101010010010100010100000
0011001100001000100010000011011111100110000110101111101010111100
0010011100101110010101011000000001101101110011000010110001111110
0000111010010011011001110011111101111001000101100000000101001000
0011101100101110010001001010110010001001000000100010000011111001
0010000111100101100111001101101000111111110111011001100001111101
0010110010110001110111101001111000101010101100100011000110011110
0010011101111000110100110001110010101100000011110000011101000011
0010110010010001111011000101011001101010010100101111000111011100
0010111011001101101100110010110010111101011100010010001110011000
0010011000011111110111001000010111101100010001000010001101101000
0011001100010100000101000000100010001100110111011011100010110000
0000000000010101111001010011001101010110000110010001101010111110
0000111010100111000110101001011000111000000010001010000100010000
0010011000010111111010001001001101101100010101000010001100111001
0010010111111111010111100010111000101101001101001111101110011001
0000111010000011000001110001101100001100000111011001101100010010
0010011110111110010011001000010001101101110011000110000011101100
0011011101100011100011111110101110000101010011001001000001011110
0000001011110011000101111011100010110000000101001100000000110000
0010011001111000110100110001100010101110001011000011100000111001
0011001100000010011011001010110011101100100010110111110111110100
0010000111101010110111001100000010111100110111111011000001010100
0011100100011001010011000000110011100110101111110111101111111000
0010000101111011001101001100110111011110001110111000010111110100
0010111011111011000100110011111010111110000111001011101100111001
0010001101111111010010001000010110101100000011001000000011101100
0010000000001100011010010000110111100101101011001101101111001100
0010111101110100100100110000101000101101011111001111000001000000
0011100100100010010001111010110010101101100000001111110110110001
0011001100000010010011000010110011000011100101100001001110111001
0010011001111100101100100001001010001111001011011011100110010100
0010000101100101000000100110100001100010000010110100110110100101
0010100101011001010111100011011100000101011000010011010000101001
0010001101111000011100001010110011000100001111001101101101100100
