1100100000001111010110001000001000100010010001010000110000001000
0010011101010001110000111101110010111110110111001001010111001101
0010001100110000110010001111010010110000011011010101100011101100
0010111011010101000101010000110010101101010011010011100110000110
0010011000100000110010111100001101001011111000100110101100001101
0010011110001010001010111100010010001001010110001101000000101010
0010001000110000011101110001111011100010000101111101100100000001
0010100010011111011000111111010101100001000000101101111110111111
0010100010010001101110110000111100100010011100011011001110100100
0010101010011001000110000001011000010010101100001010101110101111
0010111000000110100100011101110010101001111110110111111100001101
0010011101111110010001001000000001110111111101010010100000110110
0010001000010110001101000110111001101010001111001110110000101011
0010101000010000110010110100101010100010011111111100110100101110
0010011100001111011011110010111001100101100000111100100001101011
0010101111011100010110010000110111101100000011010100101101011010
0010111110101100001110111000111110001000110010001000010110101001
0010001000100100001000100011110100110000010111000000000001011000
0010111000010100110110010101000011101000010111100000101000110101
0000010000101011001100011011101011101110100010000101100100011010
0010110100110001100100010100000110101000001111001101111010110100
0010011110110110011101101100110110111101100001100111101010100101
0010011110110110011101101100110110111101100001100111101010100101
0010101110000010111001011000110100011101010000011000101010111101
0010111100010111000100000000111010000000111111111010000101101100
0010011001111010111100010111001111101110100111001010100100000011
0010011100100110101100011000100101101101001011001000000111101111
0010011000011110011110001000010011101100010001000011001101000000
0010011000010001000110110110000110000001011110101111111011011110
0010011011011100011010111001010011100010010011010010010000110110
0010011101011110010110001000011110101000100000111001011011110101
0010100010000100101000110000111000100011001101100010010000001001
0010010010011001100011101110010110000011001100110011101001110111
0010001001010100001010000000100011111010001101110111000110001111
0010001100001000100000010110001100000011011011101101000011010001
0011011000001010001110111101010000000000011000101010011001111000
0010011100011100111100101010000011101001010100010110110001110110
0010111000000110000101000001100010001000010111011110111001100111
0010101111011110111110010100001101100001010110110011111000111110
0010100100111000100000011010000111101000111000100000101101110111
0010010001010010110001111100111111101011101011000010100100000011
0010101000011101000011100101001101010000110110011100100100000010
0010010100000110111100111100011100100111000110010110110011000111
0010101101010110100001010010110011000100100011110000111110010001
0010011100110100100010010111010111000001000010110000110011110101
0010011100010101010000000001100010111000010111011011100100100110
0010010000111011001101010111010111101000100111100011011001011000
0011000000001100000000110010010011100110101001101010100001101011
0010011011011010111100110101110101101010000111110000101001110110
0010011000001000010111111001000010100000010101100011110101010010
0010111000010110111000000000001101001000010101110010101000110101
0010011010111111001111110100111100000011111100000101110000011111
0010100101111100110110000101010111101100011011010011010001001000
0010101010010011001000000010001001001111110111001110111000101100
0011101101010010011101110011111100001111010111101101101010110110
0011010011000000001010010011001001101000110110111000100110110111
0010100000100111011000110001011100101010010101110011100011000010
0010101000000110101100011010110001001011011000101000101010111111
0011111000010110010000001001000010101100000110000111111001010111
0010011110010010100001011111111001101100001001001011001011110101
0010101100111011000101001000100010101100100000100010100010110100
0010001101110000100001011000000001100100000001100011000110110001
0010011000010100001001010000101000100010000111111000000000100010
0010010111101010111000011000010010101001111000110000101001101110
0010111000111011011001011100101011101110111000100110011101100001
0010101100000010111001011010110101011010101000001000111010010010
0010111000110011001010011111010110010000011001110000011110111111
0010011100101010011100110001000000100110111010101110001100111001
1010110001001101010100010110111000100101111101011011011111111001
0010011001111100100100100101100110101110101011011011101111010001
0010001000010110100000001000101100101111011001110000100000100111
0010010000010110010001011000100001110001000011001011100001100001
0010001111101110000101011001101011100111111001000100101101001110
0010011111111010011111011100010010101111111011010010010011110000
0010001101010110000101000000100011011000110111011011000110101111
0011011100111101101001101110000010111111010110010100110011001110
1010010100011000110010111110100000101100111011111000011100010101
0010111010101011101100100110010111011100011000010010001000000010
0010001000000000110100101110000010101000001101010100001011111110
0011011111011010001100010011101011100001010111001111000101000110
0010001101111000110100100000110010100110100110111101100100100001
0010011001000110011101011010010111001100100111001011111011010110
0101111011011111101111111100110000110100110101110111111000010011
0011011100111101101001011100110100000011110010000001000000011001
0010111000000011111010001000011110101100011101100111001101110110
0010000100010010000011110001101100110001000111101111010010000000
0010011101011100001000010101111011010000000111000011000110100100
0011001010111100000110110011011100001001101111011001100101111100
1100101000010110101000000110011111110100001000100001111000010100
0010101000100001011010001001110111111100101000110110011001110101
0010010000011010111110100010100101000000001111001101100010010000
0010110100011101010000101100111011000001011011111010000111000111
0010010010001111011110000010000111000011101010101101111111010000
0010001110010000101011011001011001010000000111101101101010110101
0010110000010101010000010010001011100001101000110100001101001111
0010001100011101100000110001000010010110111110111100100110110010
0010011010011000001111000000110100101010000010001000110010001010
0010010010001011010111100110001000110011011101101101000101000000
0010001011001110001101000110001110110101000010100011111000010110
0010010101011110010110000100110101110100100010011010110010010110
0010000101011100010001110000011010001111110111000011101100011001
0011011000101010110110111011000010011011011011100010110000011011
0011111100001111110010000000000010010011110100110111000101001010
0010010100100001111101010001110101001110100000100011000001001100
00
0010010101101010100001001000101110000010000010100000101111111001
0010101001010010011000011001000101011110011100001100101010110110
0010001100011000010100110100000000100010011010111010100011101011
0010010011110001010111110001111010100010101110001111100110011011
0010000010011101001100010001111010100010001111001101110111001010
0010011001001000000010110010100101100001110101001110000000100111
0010110101111010110001011010011111000100000011110000001110110100
0010101011110010100101001001111010101110001111001111010101101110
0011010000001110011100110111011100000010000010100101100010010000
0010111111000100101100001000100100100010000000101001111001001010
0010111001010110011001010101110111101010000110111000101111010110
0010110010010000101100011101001101101000001101110011110110010110
0011010011100010001111100011101000101010101110011000100110101010
0010011000100110101101010101111101001001011111001101010101010011
0010001100011100100100100000010101100100011011010111101000000011
0010011000010010110100010001010110100100011111100111001101100010
0010111001110000101100100110101100000000110011011000110000101100
0010010001000110001100000001111110010000000111101111000111101010
0010001000010101000101000000101010110000000101011011010001100011
0010001101111000111010010101100111110110001000111000001110111101
0010100101110110011101010010001001000111001111100110010010101010
0010101101110100110010111000000100000101101111101101010110000101
0010011000111001101011110000111111001111001001111111101100100000
0010000011010101100100101101100011101111111001010101111010101010
0011010001111110100000110000100111001111101111001011100000101001
0010011000010100010101010001001001101100010110111011100000101101
0010101100110101001000001001001001010100110100010001110101010001
0010000101111100010100110001110110101110010011100111010100110110
0110011010000100101110011101011000111000000110110100110100101011
0100000101101001101101111000000100011000110001111101000011110111
0010000010010111100110000100010001010011101111010110111100000001
0010010111000010000010010111011111111001010111101010000010000011
0010111010011101010110000000111011011000110111010000100000100110
0010111010011101010110000000111011011000110111010000100000100110
0010011011000100111001010110111011011000001010000011011001100000
0010001000101100011000110111111100110010100000101001101110111001
0010111000110001011011111011100010000010011010010111110100110100
0010010010100001001111100011111000001010001110001011100110111010
0000001000110001111001011001001000010110010000011001001010110001
0010111000011101010001111000100110000000101001111100000100000000
0010001010000010101011010110010101011110001010101010101010111100
0010100100110000110001011010001101000010010000100101001100000001
0010001001100110011101001000010110101101000010110001010001000010
0011111110100010011000010100100000100001010010000010001110001100
0010010100011010001010110000000110101110111101001101110111101111
0010010100010000100100011001100110000010011010101010010110101001
0010010001111100100100010000100111101110101111001111101000100001
0010001100101100011101000000000011111100010101111010100001000011
0011001111010110000101010000111010101000010111011111100111101111
0010111001011111011010000001011001101101110011010001100001111010
0010001110110000011110100001011011100110000011010111101000001001
0010100110111010000111101000010010101001000111010110101010111000
0010101111110110111100010101000010101100000000100010010110011001
0010111100111001110000110100010111100100111100001011101110111111
0010001101101110010110100111011111010001011011001000010001110000
0010100010001100011000000000111100000010101001000000101011111001
0010111110110100110001000010000111001000110010100110110100000100
0010100100101010001100010011101101110001000000101010010000111101
0010011000010110011101010100000110000110000010101100101000000010
0010001100110011110001110100101010000000101000110111101111100000
0010100010010100100010101010000011001100011000011000100101011000
0010011011010101000100011000100110111000101110011111000001110111
0010101100010000110011010101000011001000010110110011100110100111
0010011000010110111110010000010011101100010110110010110100100100
0010011010001110010000010101011011101001010010110001010101111110
0010111001011110001000010110111100100000011111000010011101100001
0010011100010001000011100010001011101011011101011110000100101011
0010011000100110100000010001000111101110101111000111100000101001
0010100100110100111010110100101111101100101000111000100101001101
0110010010000100110011100101000011111001010000011001101010111011
0010101010000100111000011000100011101100010010011010110010111110
0010100100100001110001010001100100010111011100101111010101001001
0010001111100000010110011110100101101000100101000101000100110110
0010011000111010000011101011100111001011011111001000010111011100
0010101000110101110010000010110011000100100001110000001110000101
0000001101111100000010001100010110010101010000011011000010111101
0010010011110111111010001101000101100110011001100110100000110010
0010110010001100011000000000100010101100010100100111110110111110
0010001100010100000010000000101010110000010111111000100101100110
0011111100110100100001011010001100000100100000100110110101000001
0010001110010100000001001001100101001100011111011101100010000011
0010101000101100000000001111110001100100110110001110111111001011
0010001100011010001100011001111110011110011010101110000111011101
0010010010010101011000111100000101110101000110110011010001100001
0010111011010110111000101011101011110010110010010101100010000101
0010001110101100010111101000110011000000010111100010000001010111
0010000110100100100101011101000101110101100100111110101100011010
0010000111010110111100010101000101100100000010100010000011111001
0010001111111010001110001001111111101111111111110000001111010100
0010001101000100010100100001010111000110000001010110101100010110
0010000001001100001011100001111100000010001111000010001010100010
0010111100010100110100010011100010111000100110011011100110110101
0010011101111011010111100000100011001110010101100110110100101101
0010001100100110110011001110010111001100010000100010010100111000
0011100100000010111001101001011111100101010110100100011011110111
0000101011001010101100011001110111101110011100011000001100100100
0010001101111110010111001000010011101101110011000010000011111100
0010001100111111100000001110111111001100001000110001011101010110
0010011110111011110010101011011001100010010000011000101101100000
0010011110000010011111111001011101110111001000001101100011010110
0010110100000000011100110011111100000000110110001000100101001011
0010010001101111001100110000010110010001011010100101101011111011
0010101001101010110100110000010010001001001110010110101110010011
0011010010010111010111110011011101000010000010001010010001111111
0010110100111010110101001000100110100110111011001110101111100100
0011101100000100100111111110000100001110111100101111010110110111
0010001000010000100010111110010110001110000010101100001100011100
0010110000001110011100010001100101001010111011000110111001010010
0010111010001010001000000100111101101010010110001001011011010001
0010100100000110110001001110110010101001000000100001110010101001
0010001110011000110111110100100011011000011110110010010100110110
0010000100101011001000111011101111010010000011100111111101100010
1011101001100111111101110000011100111010111110111011111011000000
0010010010110000100101101001000011000110001101001110101001100011
0010011100110011100011011000010011000000001100101000011110110101
0010110001011110111000010100011100001000010010110000110000110011
0010011001100110010010110001001011010000000010010101001111110101
0010001110011000011011110111110111001001011011101000011110110110
0010011011100000111100100001011011000010000111011111001011000011
0010011011101110101010010101110101010010011010011000011011110100
0010010100111100011100101011010100011001011111001000010000110001
0010010000100010101010001101010110011100001100000001001001101001
0010011101111011010111100000100011001110010101100110110100101101
0010000000001100111010110111010111100010010010111100101110111011
0010101110001000111100010001011111111100001011010101110010001011
0010010101111110111001011000001011100101100100000110001101100001
0010011001000010001101001001010101100101001011000010111101001010
0011010001000011001101110011111000100010000110001011000111101010
0010011100001010010110110010000111101110000011000101011001011010
0010101110111100111001110100001111100000110000111100100101000111
0010010000010111100111100100110101111000001111011110110100000011
0010100101111000110001101001001011101100001001000101000000100101
0010010010000000100111000010100101111000011010011000101000110010
0010001101111000010100010000110011101111000011110011100110101000
0010010000101011011111110011001011011001100010101111111011110000
0010000110100010110100010010110110000010111101101100100010110000
0101111001011111101111111100110000110100110101110111011000010011
0010011000000110011101010111010101000000000011100010111001111011
0010100010010100010011011110100111101110100010011000011010100110
0111000100100111011001110011011001010010101110111011001111100000
0010011001111010111100110001110111101110000111110011000111011000
0010001010111001000111110001000001101010010110101011011011111001
1000011000101011010100101011111010111111100000111100100101101101
0010011000101110100000000011000111111110001111001011101001100001
0010011101101000100000001101101111101001000001110011101000011100
0010010101011000000101110011010000110010100011001011001100000101
0010010100111010110001101001110011101101100111000010011001100011
0010011000010110010110011011011111101100100111101010011101101010
0010011001001000000110101000110101010001000011110110001011101011
0010010110110010000000000000111110000010000010110110110101100000
0010001001010000000110101000110110010001000011110110001011101011
0010111001110111100100111011100111101110100100101010100000100100
0010101100010000110000010001100111101010011001101100101101100011
0010010110010110110011001000110110100010100101110001000110110111
0010001101111000111100000001010111101110000011010000001100111100
0010001101111000110100010001110111100110100011111010100110111100
0010101110001110010001000100010100001101011111110001110000101010
0010110100011110011101001000111101100110000110100010010000010110
0010110001111100101110111100001000101001100110011000110000100001
0010001100111000111010011110010110100000000010111000001111011010
0010000101011000001100101011110100111101100111001111010001100110
0010010110110100101100010001011100101110000111111111101010110101
0000000110010100000111010001001010001000010110111010110010100111
0010011110110000111000010011010111110100011100111001101000110010
0010010001111100111100010100001010101110001110011010110000100000
0010001000001000001100100010110100011010011111100000011000000000
0010101101000000010011001011010010001000001100110101011100111101
0010001100100000100111100111110101001001101011111101111011101110
0010110000110011110000000000100111100110101011010100101000100001
0010010000010110101100010111011010100000000010101000100100010111
0010001100101000000001000110110111011011100000000110011000110001
0010001011101010110001010101010010010010110110010011110110111111
0100110100001010110100101010010110011011111100110011100101100111
0010011101111100110000011000001011100101101001111001000111100001
0011111000010100000011000100100010010100110100011011110110100111
0010010001111100110100010000100111101101101111011111101010000011
0010010111011001000011011001110111001001011001000010111010101010
0010001011101010110001010101010010010010110110010011110110111111
0010011110011100001010010110111000000010000001110010000110100001
0010001110011000111110110000011001100110100010100110010100100101
0010101100010111100110011000010011100100100000000000010000000111
0010101110010110010101001001101011000010101101011111000111100110
0010101001010001110011000101111001101011100111100111001011101101
0010100000010100110110010101011001101010001110000000110000100100
0010101100110010100000110011001011000100100000100010001101111001
0010010100010100100010111100110010011010011101110110110110011101
0010100000111010110000111001000111100100100100000110100100010001
0010011000100110001101100110101110110001001110110010111000010000
0010110000111000100000000011001010111110011101000011111000000000
0010011111111011010100110001110101011110010001000010010111000010
0010001011000100001110011110000110110101001000110111110000010100
0010010100010010100001000000110011001000110001101001100100101010
0010000010111000011110010000110110000011010011110100001101001001
0010000001010110011111100010010011100110010001101110110011001010
1000001010000010101100011000010101110110001000011010101010010100
0010111100100011100001010010011011110110000001100100101111110001
0010001000011000111010110111010111100010010010110100010110111011
0010001110100110010100000010011001100010100010000110010010100101
0010001110101100110010110111010101001001100011111001011100110101
0010100001000010100000011001110110011111011001001000001000111100
0010110000110001100111100001010111000110001101000111101000100000
0011100110011110000001010000100110001001110000010011010101001110
0111000010111111001100101011000011101001100101011101110010110001
0010011000101000110000101011000010000011101111000010100011100001
0010100100101111110100111001111100101111100000101011011001001111
0010000101110010111000010001110011110110010011100010011101010000
0010100110000100001101000001101110010000110111010010111111100011
0010011110000010100110000000111001001110000111010101110011010110
0010010111010011000001111100100011000111101111001111000100001100
0010010001000000001101100011111010101111011111101100010001100011
0010001110100100100011110011011101011000101010111001100100100000
0010011000000100101000110111010011001011000001111010111111101110
0011010001111110101101110100100010000110111011011011100110110101
0010010110010100001110101011000011010001101111101000000001110010
0010011110000110001100000001111000101110011000110100111000100011
0010011010110011110001111111001110101010010001100000001001000001
0010010000011010011001010001001000100110001001000101110010011010
0010011000110001100001110010100101001010111011101000111001111111
0011000110000110001101110101011100001100001010100000001001001011
0011001111101010011000000100110010010001010000000011000011111101
1011001111010111101001110101110100001001100011000000101100101000
0010010000101010110100010010000101101010101010000111101000111001
0010010000011011110100101010010110101100010101000100001000101000
0011011000111001100110011001010011000001011010100000011001100000
0010010000000011101001001000100000001101010011101000101110101000
0010010001000010101100010000100101101110101111000111101001100011
0010101010001111110110010001011110101100110000101010111100010100
0011011100100010000101000011110111011111001111100000100011000000
0010111100010000100001011011001011100100000101000100000101010001
0010001111110000111110010111110010100101000010101110111010000111
0010101100011000011110110101111010000010000110101010001100001111
0010011010011110111110011011011011101100010011100010100100111110
0010001101111110010101001000110010101101110011000110010110011011
0010011010010100001110100001011011110010000111110010010000110110
0010001000010100000110000010001011101100010111111010101100100011
0010000000111011010011110010010100100011101010000111100000100011
0010101100100000010010010000100000010010011011011011100110100100
0010011100100010100101100100100100000000001111001011101111110000
0010111011010101100001000100100011010010111101011000000100000110
0010111101111111110110110000101111101111101101000000000110000100
0010001100010011000000001011101011100010101011110101010001100111
0010101010010100111011010101000001001000011110111110011110101101
0010001111110000010100010011110010101101000110001110111010100111
0010100010001100010011000011010010001001001000001101000100111100
0010110010010010001111010000111110101111010101101001101101001011
0100000101111100110110000000000111100100110010011100110110111001
0010111111011101000000011001100110100111000111010010111010010100
0010001101111110011101010000110010101101100011001001100010101001
0010011010011111110000011101010011101000010101100100111100100100
0010000000011110111001100100000111100111101001001111110001010111
0011011101100110101110010101101100011100010011000101001010100111
0010001100010110100011000000000011011000010111010010100110100100
0010011001011011010111001010011100100100010101100011001101110000
0010111000100000000001010111001110000100011011000101110111000100
0010110000010110111010010101001001101000010110100000110000010110
0010011001000001100110011000001010100000011011001011100110001111
0010101001000010111010001010100111001000001010001100010000000011
0010101010011100100101000000000011001000110011111100000011100110
0010000100111010010101111010110101100111100011001101111110110101
0010111000000100011100000101000011011000010111110010100001111001
0010010000000101011101010110000101100010100000101010101101011010
0010110100110011100101010100010010100010111100111110101110000001
0010011100010100010011100000010110101000110111000011000001101000
0000101000111011001110010110001001100000010110010101010101010010
0010101111001001001000000101010110110010001000111111011110110101
0010010000011100000100001011101010110101001111011010000100101110
0010010101011100001100101011101001111110000011001110110000110010
0010000001000000110111011100110101100111001011000010011110101101
0010001100101110111001101101011111001101100010100011000011110001
0010011101100100000100011001010011101110010011100111110100101001
0010000101011110010100001001011010101010011011110011000010100000
0010010011100110111101100010000101000100010010000000100001000111
0010010000101110100000100010011111000010011101111100101010101101
0011111010101000011001100100000010110111010000111110111010001110
0010011000011011000100001010010110001100011001010111000101001100
0010011110010111010000011011110010100010000011100011101011111111
0010000101111001110001111000110010000001111101101111001110100001
0010101000000101101110011101101101110000101010000010111000100010
0010010000101111001100010000110110001110110010100010010111100010
0010101101111100010111100000111000101101010011000010000001110100
0010011001011111000100001000110111100110000001000011101101100000
0010111000011011101010001011010110101100001001000010101101001010
0010110001101011010110101000010110101110101010101110001001100110
0010011110111110110100001101111011101000010011000000011010010100
0010100101111101010110100001110010100100001001111101000011011100
0010011101111101011100010101110111101110001011000110110110100111
0010101111001001101111010011111000001000001110000010111111000110
0010011000000001100010010110010010010001011000100000110001100011
0010011010001110001001000010101100100011101000100101111110010100
0000010001011000001100100011111011111110100111111000110001110010
0010101001110100110100110000110110101010101111101011001110110001
0010100010001001001001000000111100100011101101000100011110101110
0010001110001100011001010000011100000011100100101001000111100001
0011010100011100011100010101100110010000000000011011100011010111
0010100100110011101011111101001011101000011010110000010100100100
0010011100110011010100110010111010000011010101100010011110001001
0110001011110011010001011000000111000001001001111111110110101011
0010010101110000010101011110000111110010110110000101101000101000
0010101111110010000101011010000011101100100001000000001010000001
0010111100100100001111000000100010001000010110010010100110100011
0010101110110100011000110110110110001010000001100101001101111111
0010001110111010100101011011011011100100100011000010100000101110
0010000100111010110000110011110011000010001011101100011001100111
0010000110010001000101001011011011011010000111001010100001101110
0010111001010101010110010001110010101110011111000111001101011110
0010001010011000101010100100010000100010010100110010110000101000
0010011000111000111111101000011011101110110011000100100000100111
0010011100110110101100110000010011101000110111100010101000110100
0010000100010110100010101010010011100100100011001101101100110010
0010111001010110111110000001101010011101110010111110010001101100
0110010010000111010000101101000111110101011010000011001011011011
0010100100110110110001011100001011101100101010100100000110010101
0010010011100100000100000000110110000010001001100010110011100000
0010010010000000111010010101000001101000000010110110111100110101
0010001010001000110100111101011010110010000011111110001000110111
0010000111111011000101010010011010001100000011001111000011111010
0010011000101110001101100100111100101011101111000000111011011101
0010011101001110011000000111111110010010011100111110101000011010
0010111000001100011000010111000100011010011001000100011000100110
0010100001100001001101011000000110011000011000100100000101010111
0010011100010001000110101010000011101101000111001100100010110000
0010000000001111011101011011001110010110001111010100101011001110
0010110100010011110001000110000101100010111011000010010011001101
0010010001000010100000101000000101101111011011000111100000000110
0010010100101100111000110101100001010010001101101001001110110001
0010010100000000000100101001100111001011001010100100111111101001
0011110111001110010111010100010001000010111011000000010010010100
0010111010010010111000010101110111001110010110010010100010110110
0010100101010111001101011000111001010010101100000101111010101001
0010101001011011111100011001000111111101110001001010011110111100
0010110000111011010111000111010101100001011100000000000111010000
0010111001011100011000001101100110000111111000011011100011010111
0010010101010000000111010000100010101100111111101111000100110110
0010110101101110111111001110100011101100010101000100001011100011
0010011000101010011100110001100110101010000011000110111001010011
0010100110101000000100011100101100101100001001000110111000010111
0010100110101000110101101101111110101111001011001110011000101111
0010101100101000101011001010111001010000101101100011000000100100
0010100110101100000100011101101100001100001001000110111001010011
0010110001001010001001011001011100100011101101000101010111010000
0010101100101111100010011111001011100100100100101001011010110100
0000010000101010011111111010100001101010100110000100110011010010
0010010111111110000100001000000011110001100011001111110111100001
0100001111100111111010111010010101101000010001000100000111001110
0010011110001101110001010011100110110110011011111010101111000100
0010100010111011100111101001010010111000001110011100100110011000
0010111010010100111100010001001100100111110010111010010001010010
0010011000001011110010011000010111101100000000100011001101111010
0010011001110010100110001000010110101100011001000011101101101000
0010001111011011100010100100101000100111011111011001001111010010
0010000110000111111000010111010111111010011010000010010000101010
0010011001011111110110001000010110101100010001100010001101111100
0010010000011110000110110000100001100000110011001111101100100011
0011010010001011011100111011010010001011000001000010010001001001
0010000011110000001100110001100011000110011001010111100110110001
0011011001110110011111110001011000101110000011101100010000101010
0010111000100001001010010101000101000000110111111001100110110111
0010011000011011110111001010010110101100010101100111001101001000
0010010000000111010100100001100111001000010000000010010100000010
0010011001100111000111000110100000110110000111000010011000001011
0010111001100011010110110010101101101010000100000001111101010010
0010100010110001110111101001011011000010001100001111000110011100
0010010111001100110000000001101100001110000110011011101011011011
0011011011010101110101010111000110110011101001110101011010100100
0010000000100110001000111110110000101000000000100111001101000000
0010110100101010010101110111111011001011111000100110111011101000
0010011000010110010110000000010100101100110011100010100100101000
0010100000100010011111001011011101010000011000101101011111010111
0010011000111110010111010000100011101100100011001100110010110010
0010111010110010110110111011011110101000000101100111100110111111
0000010010010111001100010001010110000010010100100011001000001110
0010100100000011111001101101011111100111001000100100011011000001
0010011010011100111010011011100101010011111010001001101111110110
0010011000011100010111010000010011101100110011000111100001101010
0010011010001010010010010000101110111010101110100111000111100000
0010001100101110000111001000000001100101110011000010000001111100
0010101000001111000001010000111010001000000011000010101111001011
0011011011010111100001010001000110100110001111011110101010101101
0011010100101100111010010011010101000000001000101001100000001101
0010001101010101100011011110011111000000100000101100001010110001
0010011100111010011011001100101011101010010011000010000011111000
0010110010000110111110110011111100100010010010100010001111101010
0010010000111000011100010001100100101010000111100001111101100011
0010101100000100101110010000010011101000010100110011010101100110
0010001101011100000101000001100011000001100111101111010111110111
0010000000101111000000001010010001100110100101100110101001111001
0010011011111010011111010001000001101100010010000010110011110110
0010011101110100101000010101110010101010000111110011110111001101
0010001000110000100100101010000001000101110110100111100010110100
0010100011000011101011111000011011100010000101100111101011110100
0010111000001111010110111011011100101000010101101010001101111000
0010011000011111111110011010000101101100010110100111111101100010
0010011000010101100010010111000010101000001101110000100110111100
0010011000010100101010011000110111111110111110000001100000110100
0010010000110100100100010000100111101010101110001111001111101100
0010101011000110110110110110010101011000101111011001111010110000
0010011000000011111101100100110010000111010101011001110110110010
0010101011111000001111001011000110101000101110011010100111101101
0010100010110001110101101001011010100010001000011011000110011000
0010011000010110111110000000010110101100010001000010111111100100
0010010100001101001100000011011011100100000111011110000101100010
0010001101111101011100111010100010001000111110000101111101000010
0010101011000000100101000101101110010011101101000110111110110010
0010111101000100001111010001010111101110110101100110000100011110
0010011001111000000011001011111111100111111000111000110000101011
0010011100001001111001111100010011010110101010101100100100111011
0010001110101011011100010011101101011011000011100111000001001000
0010001101111100001100110001111010100010001111011111000111101000
0010010000011011000110100001111001100010001110011110010101101010
0010011001111100110110010000000011101100110111001111101011111101
0011010000001110011100110111011100000010000010101010101001011011
0010001001100010000110110001100010001100000010110101100111100001
0010111100011111110110011110010110111100010001010010001011101000
0010010001010111101110011000000111101100010111100110101001100000
0000010100000000101110111011000111111100100101111100101001110010
0010011101111111111110011000110010101100000010100010111110101000
0010011101111110010011111000010011101100110011001110000010111001
0010011101101000001001101101000101111000111011011010111000101011
0010011011101110000001001000000111100100110111010110100001111001
0010000111110010011100111001110111101111100011001111111001110110
0010010001111100100100011000010011101101100011001011000000110000
0010011000010111110111001000010011101100010001000010000101111100
0010010101111110011100111001100011100111111011000110110000101000
0010010111100010000100011001100101101101100110000111101001111010
0010101100110001110111010010010000101100100011101100011001011100
0010000010110001110111111100001011010010000001111101001000010010
0000010000101010101000101011000111011001011101000001000001100000
0010101001110111010010001000010010010111110010000100000001110110
0010010101001000110000001011100001011111001111010001010110011110
0100000101101001101101111000000100011000110001111101000011110111
0011011110101111001011101110110101100000010011010011111110100011
0010000110101000101100110100001110001010110011101110101001111111
0010001101111011100111010101010110010010110001101101000111111100
0010101101010100011010010000001000101000001110000010011000000010
0010011000010110111111000000010101101100010011100111101001111111
0010101111110000101101010011110110101110101111101011100001101001
0011101100011010011001110001000011011100111100001101001111010110
0010010001011110010100001100011010101101100010001010100011111000
0010001111110100100110001010111001110111101010110111110000000011
0011010100010101000100000011110110011000100011011011100110100010
0010111011011010111100010101111111101110110111110000110001011100
0010101111011100011101011001110111101110010111110000100101110110
0010100000011110010101000000001011101001100001001111100100011110
0010100001001110100011000100000011001000111101000011110101000110
0010010111100101101010110101110111001100001010010000000010101011
0010010110101001100011100010010100111011110000000000100001000111
0010000110011100110010101011011010101100110111000000011011100010
0011011100100100101010100011010101001110000011000010000001001000
0010010010010111001110010001011110000010010100110111001110111101
0010001000010100110110110100000011101001000001110000110001101110
0010000001001100001000100011110000110000010111101010010001100000
0010011100110110000101001100110110101001111011001100010111101001
0010010001111000010110010101011100011010000010000110101100011001
0010011100111010011111011000000001101100100011000101110000010010
0100010000101111001101011000010100011000110001010000000011011000
0011101101010100010001001000010111001000100101011011100110101111
0010001000101100010100110001101101100000000011100110110000001100
0010010100111011000111101010110001101001101111000000100001010100
0010011001011110010111001000010111101100010001000010001101111100
0010111010101110111000010000111101101010110110000001100010100011
0010001101111110010111001000010011101101110011000010000011111100
0010010001100100001101110100110100101110011111001010100001101001
0010001100100100000111101011110010110101100111001010100001100000
0010100010111000001111000100110000010011111101100101001101001101
0010111101010100111010010101111111101100000111110001110000111101
0010000000100000000001100110111100001001011111000010010110111000
0010101010100010101100011001110101011110001001011000001010110101
0010000110011110000100101000011111000011000011000111001101100101
0010111010010100111010010101001001101000010110111111111011111101
0010111010000110111000011000010101101100011001010010111010110100
0010000101011010011101101100110010101001111111010011110011111100
0010011001011010010001011001101101100111100111000110001010011111
0011100110100110101011110100000101101101110110110101111100010011
0011110101111001000000010000110011001101000111100110010101101110
0010111000000110100011001010010111000000011001110011001111111100
0010101010001000011000110010100101100010100001000101110011001010
0010001101111110010111001000010011101101110011000010000011111100
0010111010110001110110101001001011001000011110001111010010011101
0010100010110001110111101001011011000010001100001111000110011100
0100101011001101100011010000101111010000001100000101111000011000
0010001110111011100111001000110110100110001100101111011110100000
0010100000101111100110001000010110010111110001100010001101111000
0010001100110110100111000001001011010111101111101000000111100001
0010001101110000100111100000110100000111000111000111110111010000
0010001101110111110001011010110010001000111101000100001111001010
0010001001111101011110011000101010100100111110000011011001001010
0010001000000111110000100111011100001000010101100010101001101001
0010010001111100100100010000100111101110101111001111001001101001
0010011000100000101011101101000011101111000111101100010000111001
0000000001101001101101111000100100001001110011001101100010111001
0010111100110010111010011101000011101000111011010010101010111100
0101110111111111011111110000100011010001100100010001011110010001
0010001101010111110110000011110000010111000011111100010000100010
0010001001100110110101001010110011001101001110001111101011100100
0010011001011110110110001000010110101100010001000010001101101100
0011110100110001111000000100111001100000011111000100111110010000
0010001110011100010010001000010001001010110100110000011010010101
0110000101100011111111000111110101101101001110110100111001100101
0010001111010100010000010011100001100001010111101111111011001110
0010010001111100111010110101100011010011010010001000010001110011
0010101100100010110100101101010011100111001001100100010011100111
0010110000011110110110000000000110001100010000100110101100100110
0010001100011101001100100010110001101010010011010001100111001110
0010010001000011011010110001011110100000000111000001101101101010
0010010111001101010010101001110101010101001001011011000010010100
0010011000010111000111011010010110001100010001100011100101100000
0011011111011101011011110110100000011101111110001011000001010110
0000111010001010111100010000110101101110110010010000001011110000
0010001100011110010110001000010110101100010011100010001001111000
0011010000001110011100110111011100000010000010101010101001011011
0010001111110111110001111001100010010010110101001101011110101010
0010011101111110111111011001010111100101010001000011001001110100
0010010001000011101110010000100101101110100110100111101011100011
0010000011001111011100100100000111110100110001000011000011000100
0010111000011111110010001010010110101100011001000010001101000100
0010110010110100000001111010000110110000111100010010010001000111
0010001111110010111010110100000011100000001110011101001110001101
0011011010011111101110011011110011100101100001000011010001101100
0010001111111111011011001100010011101101010011100110000111111100
0010011001011110010111001000010111101100010101100010001001101100
0010001101111110010111001000010011101101110011001100111001110010
0010011101011100001010011100011011101100110101000101101101111100
0010011011000111001001011011111000110011011100100100010101101010
0010010001010110001001110101111110100011001111101110000101100010
0010000001011011011000111110100010011000011101100101100101110000
0010000100011100000110001001000011111001001111001100000101111010
0010011000011110110011001010010110100100010001100010111101101000
0010011000011011111010011101010111001000011101100010001101111100
0010000000001001001011110000110100101011101111101100001010000001
0100011000111001001011100010011001111010101100111000101000001011
0000010000101010011010010100100100001010110100110101001111110111
0011001110000000100010001100101101011111010111011001010111010100
0010111011110101010100010111110101010010001000000011010001011011
0010011010001000100000010001000011001000011111010100100010100111
1100100000001111010110001000001000100010010001010000110000001000
