0010101100100100010000011101010011010000101010110011111001110100
0010100010001011101010111010010010100011010101100001001000111011
0010001011000011111000011110100111010101101000111001100011100101
0010000000000001100011100001010011111101000000011100001001010011
0010000000000111011001001010000110010010111000100100100101100111
0010000110110100110101110001100010101110101011111101000110010110
0011000101000011100000010101110011010000100001111111111100101000
0010011101010100010010111100111101011001100011111010111110110111
0110010001001010100011001010000110000010011001110101100111111100
0010001000010111101011011000010000110011101010010110101100101110
0010001000011011010000011100101010100000110000110010101100100101
0010000111100100100000001110100111110001000000111011011000000011
0010001111110001100000001011100100100000000011110001100010100011
0010011100000011100111000100100001011001110101101011100110100000
0010000111000000100101100110110100010100100101100110110111111110
0010000010010001111110001000001011010001001001000101101101100011
0010100011011011101010111001110010010001110101110010001111100011
0010110101001100100010000101111011110010000010011011111110110111
0010101101100001000111110010111000001001000101101001101001100011
0011001101011111111100000111010110000000110000010001010010001011
0010010000000001100001010011000001001010101100001101111010101110
0010010011110010011001010011110101111110001110110110100011011100
0010011011101110010011010111110111010000011010010011011011110100
0010001011011011111100101010000110110100100010100001110000110010
0010011111001110100000011100110000111101100000011111100100000000
0100001101110100111101001000000011011001000000111011010010010001
0000000000010111011010000010001010010001010110010100101100101001
0010110010010000100101001101111011100011110000111011100001110101
0010110101110101011101110010111110100100000111100000000000001010
0010001101111001101101111010000010001000110000100100011011000000
0011000101000011100000010101110011010000100001111111111100101000
0010100001010101101001110001110110001001111100111101101110111011
0110110111101110110011001111000011110111011001001011100011111100
0011000101000011100000010101110011010000100001111111111100101000
0011000101100010100101110000000011111100101010011110100000101111
0100110011001011101010010011100110111000110110010101111010100101
0010111010001100110000110101001100011000000010110010101100100110
0010100100111010000100110000111111100111101001000011110000110001
0010010101000100110000010100111110111100100011011000100101000000
0010000101010000100100010100110111101101100011111011110110100100
0010001101000010111011010010110000000101110011001010000010110001
0010000001111011001000111110100010011000011101111101000100010000
0010011010010111110100010110010110110110000111111001001111100100
0010110011010111110111000101010011000000001100001101001111011110
0010010001100011101000011000000111111111100011100101101000100010
0110110110101111010000111011111001101011001010110110010101010010
0010100010110001110111101001011011000010001100001111000110011100
0010000111000100111100100101110010101110100111100101000001001110
0010000111000100111100100101110010101110100111100101000001001110
0010000111110110110100101000110111101110100110111010110010010000
0010000000000010011110100010100110000000100111100100101110110010
0010011000010111010101111000011111100110000110101010000101101110
0010001001101000011101110001110001100100100011110101100011011011
0010000100110000110100110000100010101110000010110101111000111111
0010000101000000100100011001110101001101101000011011111100100100
0010011100001110100100010010100110101100100111101010110100000010
0011110100000101110110100000000110000010001100000101010011101000
0011001110001110111101100010010110101100010011101011000101000001
0010000111000111010101100010100111110100100101100010000101101000
0010000000010111000110000010000010001000010000110100111001100101
0010000100110111100101011100010011101100100100101000001001000011
0011000101100010100000011100110111011001101101111001110101100000
0010000011010001100100101111011011100101000001001111110100101000
0000010101111101111010111010100110100000011110010011111111000011
0011000111000111011100110010100110100000100100101011100010100000
0100000110111100001000010001111100100000111100001101100011101000
0010101001110011100101101011000111001000100010110100001000001001
0010000111000001011001010000000011010001101000010001100010001101
0010001100000000010000110010010011110010000101100000000100100000
0011001101111100010101001010010011101000100011100000000011111110
0010001100101011011101011010100101101010100011101100010111011010
0010011100000111000111001010010001111101010011110110000000100100
0010001111000000000001001011000000000100111000101110110010111011
0010100101000111010101101000100010001011000111101101101101100001
0010001010011001011111101010000011101010001110001100010101011010
0010001100111100101110010110010011101000101000011001100100101111
0010000100100000110000010100100011111100000000010011110010100100
0010000101101001111101111010010001001010111110001110001000001010
0010011101100110000001100111000000000111101110101000110010001011
0010100010111110110010000001001011110101110111010111011111100010
0010000011010010010100100100110111011110000101011011010101111000
0010101000111001101001011000011100100010011110001100010110001111
1000011000101011010100101100000010011010000001111011100000010111
0010100101000010111111000010101110111001100001110010110111100111
0011001100110100110100101001110010101111100110011000000110001110
0010011101111100111011001100000011101101011001001011010010111110
0010001111000001110010000011000110000001101000101011110010001110
0010100101111010010001011001111110110111000110101010101110010111
0011000101011110011101000010000111110100100011100110001100011101
0011001001000001011100001010110010011000001001110011000101010011
0011111100100110011001001000101001010010110000000111011010001110
0010000111110110011101100000100010110101100111001011110010000000
0010001010011011100101101110010011100100010110001000100000011110
0010000101110001010111100010100100100110100111100110110110010101
0011101000000111110101100110010111000010011110110100111000101110
0010111110100100110010111111001000101010001110010100011110010101
0010111100010100111100011001001111100100001011010101100010011100
0010001111001101010110000110010110110010000010111011010000111110
0010000111011010110111000000110011101101110110111110000111001100
0010000101101111011101100010100111101100100011100100010111010010
0010111001100011001001011001010110110100011101000101011100100110
0010001101101010110111001000100000001001111000100010000010010110
0010000111110110110000001000110111110101000000111011110000000010
0010001001111000010111001000011011000010001100000110000010011100
0010001101011101010101100000110010100100100000011110010010001110
0010001101111100011100010001110011101110000011111100111000111010
0010010000111011011111010010110101101110110010000111001011010000
0011001101100110001001010011001001000100101110101100111001000111
0010000110000011100100011000111101110011000011110011010000101000
0110010101000001011101010101100111110011100000011010101010000110
0010100000000100101110110100101101101001101101111011011100100100
0010011101111010000101010101000111110111100011000010110000100000
0010011101100110000111001001000011101100110011000010110010111101
0010100110110001111110001011010011100000000000010101000010101010
0010010101000110001010010011001101001011001001110101001001001000
0010011001011110110100011000010110100110000001100010001101111000
0010001100011110000100011001110011100100010011000110110100001011
0100000000110101000111110101110000101000001110010110100000101101
0010000110011110110100010101100010101110100011111000010101011010
0011010001101000100000010100100111111111101101111111111000100000
0011000000010010000000000001100111101000001101111010110010110111
0010001100111001011110110001010110000000011001010001000010000000
0100100011001101100011001000001010001000101110000101110010001101
0110110011010111110010011110000010111111110100000011000011101100
0011000111000111011101100010100110110100100101100110010100001101
0110100111000011011011101010000011000000110001110000101110001111
0010010001101000011100010000100100100110100011000101111011100011
0010000011101000001100010000100000100010101011001111110010010001
0010000111101110010001000110010111110100110111111011010100111011
0010010100010101100001000110110100010010110100111111001010100100
0010011111001101100011000010010010011001110101101100110100001001
0010010110001000111011001010011111101010000001100110000010101100
0010000011001101100010010101011110001000010010000010011111111100
0010100000011111000110110100110010110010100011000100111100101010
0010001101111110010111001000010011101101110011000010000011111100
0010011101000101110011001011000100100001101000111110000000110010
0010001111010101100100010101110010101000111000000111010101100100
0011000101100011011000010010001011000101101010000000010011011111
0010000101111101011111101010011011101111101110100111000011101110
0010000111000101010110000001000110000001101001100011110000001110
0010001101111011110100100001100000000001000000001010100010101010
0010001001110010110100001100010011001000110110111011010001111100
0010000101010010010011000110110110010001010101110111101010100010
0010110000100011110010010011110011101000010101100000101100101010
0010000111010111111100100100100010111101100101110110010100011000
0010000100110111000110001010100110001011111011110101111111110000
0010100011010001110100101100011010111110001000011011010110100100
0010100111000001011100000100000011111001000000010011100011101100
0011000111000001110111101011100010000000101100101111001110011111
0010001011010111011101101010100110010000100001101100010101111011
0010001101100001100000010000100110011001101101010001100111100011
0010000111010110000000011101000101110101101111111011111111100100
0010111100001101101011010100010101111001010001010010000100000111
0010010000111010011101010000110001101110100011001111101000001010
0010010001101100110100010100100110101101001111111001000111100001
0011001100101011011100100010000110011101111101000000000111001011
0011000111100111001100101010110010111100100101100001010001000100
0011100000000011011010001010110111011000101101111110011111110011
0010001000011101111111010100100001100001010010110001111011001010
0010011101100010001011111011110101000101111101101110111100100001
0010111111000101100011001001000001110111110011000101100000101011
0010011011110101110001011101001010111000110110011101110010101000
0011000101100011011111100010110010101000100100101001000110111011
0010000001001101111110000010110110111100100001100011100101001100
0010010100010101100001000110110100010010110100111111001010100100
0010011011100100100010010110100111110100001000010011011010000011
0010100010000110101111101110101100010100110010111011000101011100
0011010111000110011111010010100111010100100101001100111010010001
0010001001011000011110010001110011100100000100101001000000111000
0010001010000111100111000000100000110101000000111010010000100110
0010110110110100111011110000010110100000000111111111101111110001
0010001111001101010111000111010111000010001000111111000000111110
0010110001110011001011110010001001101011101100010011010101111110
0010001000100111100011011011100010001100010011000100000001100000
0100001001001101100010010011100110100100001100010101100011110000
0010001100100110010001011111110011000011111001110000000010000101
0010111110010100111010001011111101100000000010111110101011110111
0010110010100100111010100011010011110110010001001011011010000000
0010001101011111110110101010010010101101010001100100011101101101
0010001101101110110010101110110110011001000010000000111111101010
0010000001100001001100100001100000110000101011111000100100100100
0010100110010100010010110010010010000111011110000100001011001100
0010000101100010010110001000110011001111100111100011100011010111
0010101110000001110000101101110111010001000000011011110100000000
0010011100111011110011111110001010110110010100000010010101001100
0011001100110010111010101001110111000100101000110101011110000111
0011000101100010010000001000110111011001100101101010100111101100
0011000101000110000000010000110111111000000101110001110101000100
0010001100101100110010101100010111111010011001110011010011111001
0010000000001100011010000000100101100001100101001110110111000101
0011110011001111011101100010100110111111100100101010001001111000
0010011001011111010100001000111111101100010111101111111100011101
0011000101110010100100110100100111101001101101110000010001100000
0010000101000101010100110000110111100100100101110010100000001110
0010101010110001111010001001011011000000000010110011000110111100
0010111000000001110101001110011110100011101001010001110011001110
0010001111101011010101001100011111001010110111100100100110101100
0010000101100100110000011000000111011001101000011011110110001001
0010000100000010000111000000011011011101001011000010110000100110
0010001101110110011011100111010011011001011100110110011100101000
0010011110000001000011100001000101100111100000010101100000010110
0010001101111001010111100011010110000110001101001101011110001000
0010111000001011110111001010010011101101100000100110100010000110
0010001111100110100111001000100111110101100001111011100110110101
0010000101011100011110111000110111111111100111100001010001000100
0010001001010100110110001010010110001010000001000111111000101011
0010001010001001010000110111110110100100101010010001000001101110
0010000111000101010110000001000110000001101001100011110000001110
0010000010001001001110000001111000100010100110001011010110111101
0010110100010110110010001001010011010101100010000111101011101110
0100001000111111010111001000000001101001100011000100100011010010
0100000001011100000000011110100110101001111010011111100010101011
0011000110000001110011111011010000000001111100111101000011111111
0010011101011110111110001100000011101100110011100010000111101100
0010101010010100100110000010100001100100000010011111111010110111
0011000101101110100110001000010111101101100011001000010100010100
0010101110000110001010000010110111111001110011101100100010011010
0011010100111110010001000010000111110110001101000011000010100100
0010010101110111011110001100010011011101101011011110110011001010
0010000111100011011111110100100110101101100100000110100001110001
0010001111010111011101000011111110111111010111100101110111100010
0010110100110101011000000110010111111110110111111111110011111111
0011001101100110010101100010000111111101100101000010000011111000
0010011100110011011100010001010001100100100011010101100010001001
0010101100010111010011101010101001000011100001110000001011010011
0011101000001001011000000000110000111011101001110000110110100010
0010100010000001100001001001100000000011110100101110111010111110
0010011110000100100101001011100100010010110011000110111000100101
0011001000000000110001001001101001000001111100011111100110010110
0010001000110000100101011001011011100101100001101011100111100100
0010100100000010110110100010001111011001100001111011110001100110
0011101101001111010111100000010010110111100001110000000010101110
0010110011001110100011101110010001000100111001011111100000010010
0011110111110011011000111001100111011010101000000001010100000100
0010000111100001100001001001010011000001101100011110100010011001
0011000111100010100000011100100011011001101101111010100010011001
0011000111100010100000011100100011011001101101111010100010011001
0011000111100010100000011100100011011001101101111010100010011001
0010001001001100001010110001110110100000001101011011001100100100
0010101000010001110001101001000011100010100001101111001001011000
0010101111110011010000011111000111001000001111000101011100111010
0010101010101000001010010100001011010001110010100111100000110110
0010001101110100010111000000101001101101000111100000010010011111
0010001101110110010111011000110011001101100011001101111110101110
0010101100000111110111011100011011100100100000100000000111001001
0010000001110011111111010010100101010000111000001101100011101010
0010111000010110111010011001011101101100010101100111111101111100
0010001101101111010101110001010110101100100100001110000100011010
0010001101111110000101010000100011101100100111000110110000101011
0011101100010001000111001001100010011000111100011010000100010101
0010100100111110011011101100101111110000110010011010111000101010
0010110011101101110011101110010001011001011101010010101111110011
0010100010110001110111101001011011000010001100001111010100011100
0100111010010110101000011100110101011111011000011010000010110100
0010000101001111110101100110010111110100100111000010110101110111
0010000110010001010011001010110001000011011100100101100110000101
0010100010010001110011001001001001000000011100111110100010010110
0010000001010111011101001000110010010000010101010101001100101000
0010011110011101110110000000110011101001011110100110010100101000
0010100000110001010110100110000010000010010001001011010010000000
0010110110010100111011101010011011100000010111110010101110100011
0010000110100010110000010001110011101010100001110001100111100000
0010001101111100011110010001010001101100010011000000111011011010
0010011001011111110110001000010111101100010001100010001101101000
0010011001011111100111001010010110101100111011100010010001101000
0011000111000011011111100011011101100100100000001100100001111011
0010010000010011100111010000110100101000001111000110101100101000
0010010000010011100111010000110100101000001111000110101100101000
0010010000010011100111010000110100101000001111000110101100101000
0010000000110011100111110100110001101010101110000110100010101101
0110000001011011010000111010110110100100011101101011001110010001
0110000001011011001000110000100110100110101100101111101110010001
0011001100101111011001001111111110110000101101110100010100001110
0010001101111110010111001000010011101101110011000010000011111100
0010000010101000110000101010000010000000001010001111101101010000
0010001001001101011011100000010111101100111101010000000001000110
0010001010110010101100001010010011100100100010101100100000001100
0011001010000111100101000010110111110001000001111110010110100011
0010111001011111111110011000010110101100010100111010101101111001
0010011101011011010110001010010110000100010011100010001001101000
0010000001010110000111001000110010010110000111000111000000100010
0010101100010011010111001000111010011101110001011011000110011100
0010110010010011110111001000011000111111100000010011000010010110
0010111011101101010111001000010011111100110001000010001010110011
0010000101110110100000010100100111111001101101010011101010101000
0010000101111010110110011000110011101101110011110011110000111000
0010000101101001011101111000000100000000101000000111101100000110
0010111100110101111111110010110011101011001100101110101100011111
0011001000001001010000001010100110000001101101111010101010010011
0100111111101100111010110111111011111011100110110000100100010010
0010000110000101010110100010010110110010001000101011011001110010
0011000101100110110011001000010111101001110111110010100111100000
0011101000000101001010001010101001001000001010110110110000101111
0010011001000111101110110011010010001110001011100110111101001110
0011000111000111010101100010100010000101100101100100011010010011
0010001101000111111110111000110000001100110010000000100010000100
0010001001111001010111100000110110101011000010100111011110001000
0010000101111110111010011101010111100101011000011010011010101111
0110110011011010111000101011000011100010010001110001100110111101
0010100110100100011111110000110011101001100110110110111011011101
0010001100011010011001010111110010100100001011010001010010000000
0010100001111100100100010010110111110110101110001011101110100101
0011001001111011000101100111010111001000111110111100011000101010
0010001010010101100001001101001101011001111000010111100000100000
0010000101101001101100111000000100101000110001111101000011110111
0011010111100001001111101011110001101000110010001101101110101011
0010000000101111010011101110010010001100001101100011100101001101
0010000011110010110010100100111011000001000111101011010011011111
0010000111101111011110111001111001101010100010000001010010111010
0010000100111010101101011111011011100101000011001010100000101100
0011000111000110011101101000000010110100100101100100010101011110
0010101100110000011000110110111110100111101000010011111110000001
0100101011010100101010010100011011100000001111010111000011010100
0010100010010001110111001001001011000000011100101110101100110111
0010000001001011010110100001010010000001011001110100010011001101
1000010110011101110001000101000010110001100111000011010110011101
0010011101011110110110110100110111111101010001110100001110101110
1011000111100011000101011100110111111001000101111101100110100000
0010011000011110010111001010010111101100010001000110001101111100
0010011000010111111110010000000101101100010110100010111101110001
0010010010001100110011100111000011101001011001011011000011110100
0010011000011111111110011000010101101100010011100110101101110000
0010000101111011000111110100110011001001111111110111110100111000
0011101101011001011100100100010010110110001001110010010110110011
0010100101010010100011101000110011010001100101011101010100101100
0010000101111110110111000100110001101000110110100101110000011100
0100010001101110011110010010100111101010100010000101111011110011
0010100100010110010111101000101001010001010001000001110000111101
0010011001011011111111001000010100101100010001100111000111111100
0010100000100101011011001110100011001000001010110111011011001011
0011000101110010010111001100110000111111000101100001100111100100
0010010001011001100100000101010111101000101110011001101000100000
0010100100110111010100011101001110111110111111101000110010010011
0010100001110001000111110100110100101011111101000010010010001010
0010110100100110101100010001111101001001110111110000001101011001
0010011001010111000001011010011100101100101101100111111100000110
0010011000011110110010111000010100101100011001100010101101110100
0011011010010010011010000100010010101000010100011011000011111101
0010111011110100110000010010100001011100111100000010111101110110
0010111011011101110111000100010011101101010010110011000010100100
0010100100110101110011100000011001000010000111001101111100101001
0010111010001011010111001000111000111111100000110010000010010110
0011000101001010011101101000100110101010101101101011110001011110
0010001001011110010010001000010110101100010001000010011001011100
0010101101010011111011000010010000101101110101100010001101101001
0010011011011010110110001001000011101001110111110010001011111101
0010010011010101000111001101110010101000100111010110100101101001
0010000100100111010101010010011010011100000001010101110100000100
0011101000000000011001001010111110011000100000110000000110101100
0010111010111111000111101010110110111100000100101000001100011001
0010111000001000111000110111000100010110010000100011101110000110
0011011000010011010101101010001010001111010110011011100111101100
0011100110000110010101100001110100111100110100110101011100011100
0100110011011111101010111100110000110100010000110110111100000011
0010101001010110011101111001110011010110001110111111000110011111
0010101011001101100010010000101010001000101110000101111011001111
0010001111001110011100001100110111101101110001100100100011011010
0010001111110110010000011100010111101101111111111000110111100000
0010100010110010011001101001110111100011101100100101001110100011
0011001111100001000111000011000011001100111001100110110000110011
0010001000111000100101000000000111010101100001000111101111100101
0010101011110110011110001101010111001000110111110010110011110000
0010011101110110110100011110110010101100000011110011110100001010
0010000100010011100000011110010101000000011100001101100101001000
0010000100010011100000011110010101000000011100001101100101001000
0010000000110010100111011110000011100010000100001011101001110100
0010000001100011001000011010000111011111100011100101001000111010
0010000111000010011011000110001011011000110110010100110110110110
0010000000111011100100011110001011100001001111100011100110001100
0010010101111100110001000001000011111100100000001111111010101110
0010001101110111000111011000110001101101101111000111110000100011
0010001111001110010001000001011110100011110111010100100110010101
0010000100101000100011110000000010011000100000011000000101100100
0010000010011010110100101001011111101010001101000000111101100100
0010010101100100101001000100110001010001110001001110001100011000
0010000001111010011100110000110110100110101100001111111100000011
0010111010010110111110001000110011100001010010001100111011111101
0011000101100100100000011100010110011010101100111011010000011011
0011101000011011110010010100010011111000011100110000110000101110
0011110100010001011011100010010000110001010111100111100111101001
0010101010110100111110111010010110100011011010000110000001111010
0010100000000001110101100001000001001010101000000011101010001100
0011011000010100101000011111001011101101010110001011100010101100
0000010000001010011110010000100101101010110110100111111001100010
0010100010110011000111110011010000100000000100010000100101100001
0010001101110001100111100000010011100010101011000111100111101000
0010100101111101011110101001111010000011001100001111110010010111
0010100000001101100110000000010100101100011001000010010111001100
0010111011010101100001010100001001101000011001000010110110111001
0010101000010101011110101111011001001000101001010110000100110010
0100001101101110010111110000110111100101000000001000011000000000
0010100100010011110000000000010011011110100000111101100100101100
0010001111101111110111001000100010101100100111100010010101111010
0010011000010111110111001000010011101100010101100010000101011100
0010011010011100111110011011011011101100010011100010100101101110
0010100001101011110010100101010111101010011000110100100111001100
0010000101110010110100001100110011011001100011110110110111100000
0010010101110110011100101000100010111101101010011111110100100010
0010011000001011111110001110010110001100011001110010001111100000
0011001000011100010011001111110001010001111001000111100010100110
0010101001100001100010010000111111001000101111101111111111100101
0010101000011110111000110000110111100100010010001110110001010100
0010100111010101110110110010010011101000010000100100010011110001
0010110110111101010000010010001110011001010100010111010101011101
0011001101110001001000000011110111011000101011111001100100100001
0010101010000101001010100110110111110100111101101010011011000100
0101111011011111101111111100110000110100110101110111111000010011
0010000011110001100111101001000011000010001100001111000010011101
0010100010110001110111101001100011000010101100001111100110010100
0011100110100001110111101000011010101010100100111011010101001000
0011011101010111101001000011110101101111101101100111011000010011
0010011010100111010111100011011000101000010110011000001110101011
0011101101000101011100110010110110110000101000110001111101101010
0010001101100010100100000010110111110101101001110111110000011011
0010001101111001010111100011110110000011001000111111001010001110
0010101010010001111110110101011011100010001100011111111111111100
0010010101000001110011001011100100010001001000011110101010000111
0011101010101110100001011000100010101010100100010100101010010011
0011000111000101111001000011100000100000110100101100110011001110
0010100010000100110110010110100111111010010000000001111111101101
0011000111010010111100011110110111011100101001100001001110111000
0010010111100100100111101001010000101100110111010110100100000001
0010001011111011011100101110000011001000110000100101010100011100
0011000000111011010010001110010110111101000101100110000111001100
1110110010000000100011001010010011000010011001110101100111011110
0010000101111010110101001000000110010000101111011011100100110100
0010011110000100100011011001100001000000110111000110101010001111
0010000001001101100000010001100110001010100010001111101010101110
0010011101111100000100111001100010101100111011000111110000100010
0010011010010110111111000010100010111001010100100010111110111100
0011010101101100010011101110110110111001100101110011010010101001
0010010000010000110111101111011011001000010100001101010010010100
0010110000010001110011100000010001111010100000001101000110011100
0010110001010001110010000010010101000010001101001001110111011100
0010011101111100011110111000110011111111100001010011101110100011
0010101110010010010010001001010110100000011010010010000010001001
0010010100110011100011111110011001101010110111110101110010100000
0010001101111000010101110000110010100111000010000010101101010001
0010100010000101101101010010101100100010000100000101011110001110
0010000010010111010100100100001010100000001100111011110000111010
0010101011110000000100101010110000100100100011001010100010010010
0010011101100100010011101010011010001010110010001111100110101000
0010011000001011111110011010000111101110000001100111011101111010
0010010000110011011101001010000111101011100011001111010011101011
0010011000010011110111000000110100101110000001100111101101000010
0010001100000101101110010001010011100100000100101110110010010110
0010000110011111100110110011111000000000111010111101101011011011
0010010000011010010011011000010110101100011100101111001111011000
0010011000111110011010101100011000111011010000001111001110111100
0010001101000000110000000001110001001000100010110111100000111100
0010111101111111011111011000010011101100010011000010011101111000
0010001101111100011110011000000011101000110110000111111011111100
0010001000011010011110110000110110101110011101100110111101100000
0010000101111110011111011000000111101101110001001011000011110111
0010110100010001100010110000000101001010111000001101101111101010
0010011010111110011010001110011000111011010101101011011110111000
0010110100100000111000110001010011100110100011110010111000101010
0011001110010111011111100101010001111001101100100110000010011100
0010110011101001100101100101010011001100110101010110011000101010
0010101000011101111111010100010011111001011011010010111111111001
0010011000011011110011001010010100101100010101100110001101001100
0010001000001111100101000011000001100000010001001110101100000110
0010101101010101011110110001001000101000010110110101010110110100
0111101001010101101111111100010000110101010111100110010011010011
0010010100111000101100011111001011100101000010001011101100000110
0010100010110001110111101101111011001110001110100000110101101000
0010001101000010011110000011110110111110000001111011010100110110
0010110101110101101000101010000110000001010111000000001010001111
0010001101101111010110101001100010001001111010000010010011010111
0010100000001001110111101001011011010010101100001011000111011100
0010011000101010010111000000000101101010110010000101110011011000
0010011100001011100110100000000110101101010001011010110000110001
0010011001011110110110010000100001101101110010000010100011100100
0011111000010001000010101011000000001001111011001111011000011001
0100000000011100001100011011111100110101011000001000001100000111
0010110001110001111111110000000001101010010110111110011010011100
0010001000111110001110011010111100110101011001001000001100011100
0010011000011111111110011011001101101100010011100111011101111000
0010001100111110011111001010111010111110010011010100000000101111
0010011001001111101100010010010010100100001001100000001101110100
0010100000010001010011001011011011000000001000001010001110011100
0010011001111100100100010101000111101000111110111111111000101001
0010001101111000010111010000110011101111000111100010010000110110
0010101111110000010110011110000111101001101101000111100100111010
0010011001011111110101011000010110101100011011100010001101010100
0010110001000000100111100010000010000010000000011011111011110011
0011101101011001001100110100010010110010001001010001111111101010
0010101101101101000101100100010110001111001110100111011011010110
0011110010110011000101100001000001111111100001001010110010101100
0010001001010010010110011000110011101010101001100011111111011001
0010010001101110111011011100111111101001101110111001100011100001
0010010001111010101110010000110101101100101111000111101001100100
0010011011010100110000011101001010111000010110111111111010111001
0010010000100010110001100100110011100100101001100101110001101000
0010000010001111010101100110001111100000111111111100011110110001
0010101101110001010111101010111010000010001110000111010110000000
0010010101000111100111000010100110110000000111101010000011101100
0010001101111110010101011000000011101100110011000110110001101010
0010011000111111010111011010010010101100010001100010001101111000
0100010000111011011111010010100100101011100010000101111011110011
0011000110111000100000110000001011100100000011010000101010101010
0010000001111001100100011011001011100100000001001010000111100100
0011001110011111011110000110110111100000010000011111100110001000
0010101000110010110101010110101011100100110110101100101001011010
0010101111110000010111011100001001101101100011001011010111111111
0010111000000011011001000010111001011111010010110011011111001110
0010111001000010001001110001010000000101111100011011010100010110
0010101101010101010011000010010010111011010011101111000110011100
0010011000010101100110011100010110101100010110100100011001100110
0010000100001001100011000011100001000011100000111111110010011111
0010000101110000101011011100000001011001001101111111010010110111
0010011111110110000111001000111001101101110011000111110010010110
0010011000011110110110001000010011101100010011100010110001111110
0010000111110001110111101011100010000000111100001111101110010110
0010100101010001010110111100110010001010001000010111000110101110
0010000111100000100111001011111011000111111110011111100010000110
0010100010000001110011001001011101001010001000010001100110101100
0010011000110100001111001101010001010101000001011110110011000011
0010011111110010000001011001011011100100100011000010101011101110
0010010100011111110100000010010111101100011001100010011100011100
0011000110011010111101001010011011100100100001000000100111001000
0010100001010001001110110010011000111111000111000011101011111101
0010010010001000100100001111011011100101000011001011110000100110
0010101000011001110001101000011011101111001100001010000011100010
0010010000010110111011001001010100101110010001100110101001100010
0010010100110001110011001001010111011010011100000111000010001101
0011000000011111011000100010011011100000101000001111000110100101
0010010111000010110001011011000000100010011001100011110111010111
0010111000010111110010011010001011101100010000100010001011101001
0011001101111011010100111110110111001000111111111101010101100010
0010011100010011111100001010001001001111010111010010010110101010
0010011111100101111111100010110000011100011101011010011011010011
0010000000010110011110100010010011011001111001000101101111011011
0010111001100001111101110101001010101000000010110100111101001101
0010000000010110011110100010010011011001111001000101101111011011
0010010010010011001111101010010011100100100100101111001111101100
0010001010101111011101010000111100111010110110111011011111000010
0010000101100001111111011110010101000000101000011011110010100111
0010111000011110010110100110010001100001110011010110110010100111
0010100000110001100101100001010011001010101100001101011010101110
0010010011010011101110000100100000111111100110101111100011100000
0010010111110010110100111110011000101100011011000111100100111000
0010110101110110100100011001010111101100001101001110000000000000
0011001001111100000101000111011110011000111100111100011000101110
0010000101100010000000011100110110011011101101011101100111100001
0010101101110010100010010100010111101001110111111101111001111001
0010000101011110011010001100110111101011101101011001000111100001
0100111011011101101111110100100001110100110100111111111010011111
0010100010110001110111101001011011000010001100001111000110011100
0011101101111001000101100110010010000010001111110101011110101010
0010111010010100111010010101001001101000010110111111111011111101
0010110001110011000101010101110100101010101111000111101000101100
0010010000000010111010010000000101101000000110100101111001110010
0010101101011100011110010100010011101000010011010011111011111100
0010111000001010010111010000011111101100010011100010010101010000
0011000101100010111000111100010011011000101100111001000101110100
0010011000000110110101011011110001001001001010101101001111101000
0010111111011111101110111000110001010110010111010101111000100001
0010010001001011001111010110000010111110001100110010000000001001
0010001111001101000010000111010110010010001000111111011100111110
0011011110001111011100001010110110100100010001100010011111101000
0010001111001101000010000111010110010010001000111111011100111110
0010001101111100010100010000110010101110100011010011100010101001
0011000001100101100100010001100010001110100000110110110010001100
0100000001111011001000111111100010010000011101110111011011000010
0011101101110111001111110010111000010110100111100110011010011011
0010001000101011010011010010101111001111000011100011000011010011
0010100000000000110000100001000011011010100000011101100110101100
0001010011100001001111100011111000101010100110011001100110101011
0001010011100001001111100011111000101010100110011001100110101011
0010011000000111100111011010010100101100000101100010001101111011
0000011000101111100111111010010100111000010001101000001101111011
0010001101110110101110001000010001001000011110100001110001110100
0010001000011110110110001000010110101100010001000010000001101000
0010111010001110100110101010010111000000010001100000101101001100
0010100010110001100100001010000110000010000110011001011010010000
0011010110010100101100111111000011100100100111100000110000001111
0010001111100110000011001001000001100101110011000110100010111111
0010111010011100010010000000011010101011010101100100110011111111
0000110000011011001000111011000111111001011101000101011100000100
0010100010110001110111101001011011000010001100001111000110011100
0010101010110101110111010000010011101001011010110110100011111100
0011101101100010000100001000010111011001100001000000111111100000
0010000101100001101011001010100101000001111110111100100110111111
0011000000110000100101101111011010000000001111011110100101101110
0011101101100010000100001000010111011001100001000000111111100000
0010110001001010001000110101101100000000011001100111101001000000
0011010100011011110010000000000011000100110001111110100110001100
0010001101111110010110101000010010101101010011000010000001110100
0010000111111111011111000010110000100111010111100111000110011100
0010101101110100010111000000011001101101010111100110010011111100
0010010000100101001101011110000101101110100110111011111011011010
0010111101111101011111100010010011111101110011000010000101111001
0010100010110001110111101001011011000010001100001111000110011100
0010111000010110111110111010010011100100010010000000100011101100
0010000101001011010000110010001000100100001111100011111010001000
0010001110011101110101100010110110010111010010100100101010010101
0011010100110100110110111100000000101110101110111111000111010000
0010111011010100111010010000101001101100010110100010101011100101
0011000101100110001001010010001001010110101110100000111010010101
0010001111000111111101100000101110111100000101111010010010010101
0010001100111001010100111010100000000110111110000101111101110010
0010010100000111001011101001101110011101011010010101110100000000
0010011011000111110101111011110010010110100001101011010010001001
0010001101111000011100010000110011101110100011000001100010101011
0011001010000110111101100100010111110100010011010100011010011110
0011000000000000101000100011111110010011001101000000011011110011
0010010101100110011100101000001110111011110101100011110001000111
0010001001101011111111010001110011000010000010001101011011110010
0010011001111010011110010000110011101110000010100111011110010110
0010111001000010001001011001011101100100001101000111111101010110
0010001110101100010011001100100111110010100011000011000001100100
0010010000001111000101100010001111010100010001000001001101100000
0010001101000111011101101000110000110101001001010010010011000110
0010011101111010111000010000000010001000011111111110110110111100
0110010001001011111001010001111101111011000001000101111011010110
0010010000001001111000001110011100001011111000001000010100111100
0010111000000111000111011011011100101100000101000010001101011010
0010011011010010011011010100011001101100010111101111101011111100
0010000001011110001101100010010011010000100001000010000100111010
0110000000011101010100100101011111100010010101111101000000101100
0010011000001010000100011011110000101100100011100011011101001010
0011000000101111001100110010010001100110101011001101101000000011
0010011000011101100110000110010110101110010001110010010101100010
0010001101111100011100110000100010100100100111101011101111111001
0010011001010101011100101111110011000101000101100011111100110010
0010011111011001011011011000100010110111100000000000000011011110
0010001101111101001100111010000010001000111110010101111000000010
0011010110100011111011001110110110111001010101110110000111001100
0010010100010001001100001010001001011111011011110110001100000000
0010011000110110010101001010110001001101110011000011001010100001
0010000100100001111110110010000111011100110101100101010110101111
