0010001100001111010100101111011110011101010100100101001101111000
0010010101000111001100001110110010010101101111101010010110000111
0001010011100001001111100011111000101010100110011001100110101011
0010001000110100110001001001011001011101110011000111000100100100
0010000000011100111000011001010011100100110011000011010100011000
0011010000001010101100001000111011101110000001100111110000110101
0010001100001010100101001100001010101110001011000010011000101011
0010101110011100110000001000000011000110001111000111110100000001
0010000001111010010001101000100111111001110100110000100010001110
0010011011010111010010001000010001100101001010010010100000010000
0010011101000110010100011010100010010001101110000101110011000011
0011101110100100110011001010110001111001000010111110010111010011
0010001001111110111110101010010011011100010010101010001001101001
0010001000000111000111000010000010101100010011100110001100101000
0010000100101010010101001000000101110111000011100110111000101111
0010100110101100100010101101101110110011001011111110110100001101
0010011001001111110001011001010010100100010101000110011101111010
0010000011000110111111101010110101010111100000111111111100111011
0010101000010001100101101010111110101101001001100110001101101010
0010000000111000100100001001001111101010101101100111010010101100
0010100111001101010110000101010101011000011001000110000010011110
0010001101111100010010111111111001011101010011101101100110100001
0010000001111001011101111001110010000000011110001010100110011110
0010101010110000110101101101000010111111001001000110111000101011
0010011100111101000100001100010110111001111111001100101000110010
0010100010110100000101001011011111000000100101000101100101101010
0010101110111001010101101000010011100010001101000001101000101101
0010010000100011100110101001000011001010001110000111101011001101
0010111011111111111110101000010011011011011100100011010100011011
0011001000011100001100001111010011100100000001011100000011101110
0010001101111101111100001011100110100100111110001110100110111110
0010000101111001111101111000000010001000111100000101000100001010
0010100110100101110101101000011111100000000101001011100100001001
0010101001011011011110111000010101001111111011000100011001010110
0010100010100000100111101000101011101110001111001111101000101111
0010111110001011100100110011110011010001110011011111111010101100
0010100010111111110110001101011010101110001100101111100110000100
0010000111110111111100011000001011111101000000011000011010000101
0010011101000110011000001001010101100100111010000101010101000111
0010101100101010000000001010001101010100000011100111011000001011
0010000111010101111100000010100110110100100000111011011010100011
0010000111010101011101100010100101010101001111100110000111010010
0010000000101110100110000100100000001110010111110000001000110110
0010000111001001011100110000100110100110000101110111011010001101
0010001001001101011010001001110111011100001000111110000010110101
0010011100101111100111101100000101101111101100001100010110110111
0010000000010000110010110101000111010001010111110110111000100100
0010101000001111100110001001010011100100010001110010110000110111
0010001110001000100110000010111001100111010010010011110000011111
0010001101101110001111010010100011100101000001000010110000101111
0010111001111101010110110010100010101000010100100101110101110101
0110011011001000111100111111101011110011100001000101000010100010
0010010111010111111100001011110110011011110011101000010011111100
0010010001001101111100101010100010000000110000010110110110101001
0010011001100100100111110011100000111010010111100011000101011010
0010001000101010110100101100001011100100110010000010100101110000
0010011001100010011101011000100101101110110101000111111111110110
0010001000101001011000011001100111010001001000010101100011101101
0010110111010101100000100000001001011010100001101111011100000100
0010110000111100011010000101101101100000010110000010111100110110
0010111011100100111100101000101010101001000000000111110100011010
0010010001011100011110001110010000001010010100000110011110101011
0010111011110010111000010100111011101000010110111010111000111101
0010000001000001101011111111110000010001101100111100100001100101
0110000101100000111101010100101011001101101000110000010011100100
0010001000000010100100001100011111001100001001101111110101010111
0010100100111010110000101000101011001000100000010011100110111101
0010001000111100011111101110110001101000111011001111111100000010
0010101111110101110011110001101000000010010111100100110010000100
0010000111001101001111000010110110010100101000101011010010011110
0010000000110110110101001001010111000111110110100010010110111100
0110100011010001010101100101011011010011101000011011100011000110
0010000101100011110101100000111110110100000101101110011110101011
0011111011001111110111000100000011011011101000110000010000011010
0010011111000010001000100111001001100110000110001011011110100011
0010101110001000001110000100011101000110110011011101100101000110
0010000000000011000101100010100101100110100100100111111000100111
0010001101110010110101110010110111100100100001101011101000100001
0010011101011011110000011011000101111110010111100110111001001011
0011001000011111001110100110110001100000010001011100000001011001
0010001001001011001110000110010010010010000001110101100010000001
0010001001100010100001111101110111011111001101101100111110101001
0101010101001100100010011101110111011010100111011001111110010000
0010000101001101111101000000110111001110011110110111101100000010
0010111000100001101100111100100101011011100001000111101000100111
0010011001100011101100110100001111011011001101000011100010100011
0010001100111010010001011101010011100110010010110001000110000000
0110011011001000111100111111101011110011100001000101000010100010
0110110011001100100011010000000111000000011001011111001111011100
0010001011010111111100100001110010000000000110000010100011010111
0011000101100110110100011100110110111100101101111000110111000000
0010001010010101110101001011110001110100100011000100110000100010
0010000111010110110100000101010111111101011011011111000001100100
0010110000111100101011111110010011000100001001000011100000000010
0010001011101010110001010101010010010010110110010011110110111111
0010000101000110110100110000100111110100100100101111111100000001
0010000111100110010000111001110110100100100111010111111000100001
0011001100101111100110100011101011101110010101000000010010100110
0011000001110110010011101101001111110001110101001111011101011111
0011000001010011011111110001000111011111111100001100110000000110
0010010001111100101100011101010011100101000011001011010000010000
0100010101111100111010011101100111110101001000011011111010000111
0010001001010100110101100001010111111101011011101110000010100110
0010011111000111011100100100101101110101101011111110100111010100
0010010100000011000000011110000001000000101111100111110001100011
0010011011111111101111111100100100100101000111100111100110111010
0010000010111011111111101010000111110000101101000011001100101100
0011000101000011110000011000110111011101101101111010101010111101
0000001001011011011010101001110011011000001100110111100011010110
0010000100110100000010010110011011010010110101000101001101010000
0100101011001011101011101000100111110000010101000101101000110000
0010011000101011101010110110111100110011001101100101001110100011
0010011000000011101110000010001110000110000000101011101001001011
0010000000011111110101001010010011011100000001100001011110111010
0010011101101101101101010011010100110100010001100010001100101000
0010000000000110100111000100110100000110010111010111001000100110
0010000100000111111101010000110110010100110111101011111111101010
0010011001000111011100001010100110101100100101100011011101100010
0011001101111110010100011000110011111001110010001001010111010000
1000110011000101100000000110000110110000000000001011011010100011
0010001101110011010111101000110011001101001000000001100010011100
0011101000111011011100111000110001001000101000110011000000110110
0010000000110011010110111100110000011011001011000110111000101101
0010001101011000111100010001100000101110010011000100000000110110
0010101010110110111010010101101011101111110110110010011110100101
0010100010010111110100001000111010011100001101111001110011100001
0010000110010100111010010101001001011010010100111011011011111101
0010011001011110010111001000010111101100010001000010001101101100
0010001001111100010100110000110010100110000011001110001001010100
0011100010100000110011101101010010100000111100011111100010001101
0010100010100001100101101101101010000011001001001111001000111100
0010010101011111011000100010010000010100000011100101011011010100
0010101011011000110010011001011011101110110111010000011001100100
0010000100010110110101000000100110110100110000011000100110010000
0010011000011100010111110111010010100100000001110110101100110010
0010001101111110010111001000010011101101110011000010000011111100
0010001101001100110100101001000110111000001011010110110110110100
0010101010111101000101111001010010101000000111010110101110110100
0010001010100011100000011001001010001011000011000110111010111011
0010011001101111100110111010010111111101001001100110110011111011
0010110000011011001101011001111100110100000010101010100010010110
0010011001011110110010001000010101101100010001000010100001101000
0010110101000111010111101001100100011101000011011000111000101010
0010011000100100011111110110010011101010110001000111111110110110
0010010010000011101011100011100010110111111100110001000110111101
0010101101011110011000111001111100001000011111000111111101010110
0011000101000111011101101010100100110100100101100011010110111011
0010000101010110110100010011011010010110101110110101101101101111
0010000111000111011111100000110110101100100111100110101111000110
0011010111111111011110110110100001100100100001011100011010001110
0010011000111010110100001011010111101100000001000000001101001110
0010001100010100110010001101000001101000110110011111111001111000
0010000000010011001101110100110000111011101111000110100000101101
0010011001011111111110010011010111101110011100101111101101101100
0010001101111101000100000101010010101011011001011101101000100000
0010100010001011101010111010010010100011010101100010011000101101
0010111101000110000101001000010101100100101011000010010001111110
0010101000110001100100000100101111110111001111001111101001101101
0010001001011000101111111000010001101101001100111110110111111101
0010011011010110110100001000010110101100111011100010011101100001
0010001101111000110100011000010011100111100010110011100110110110
0010100110000110101100101011010010000000011111100010010010100100
0011001100001110101111110110111111001111100000110101110100111111
0010011001011110110100011000010110101100000001100011101101101000
0010001101000111100110000101100110110100100101110110010010101011
0010001101110010110100001000010011011101100011111001110101110000
0010100000100000101101111101111010101110001011001110111100101111
0011010011011000111100011111000111110100100011001000111100101111
0010001110111011100001111000001011101110001101001011111101011010
0010010111010001101111110011110101111101000110100101110110000101
0010011000010111110110001000011010101100001001001111000100101000
0010001101100110010111101000010011101101110011000000000011010110
0011010010011010101101011110011011100101000011001011000111101100
0010011101011100111011111101010011001001111101001011100111010100
0010011000011110100110001010011110101100010001100111001101101010
0010011101010100111100011001010010001010110110101111101101010111
0010001000011110111110010010010110111010010011100100001101100000
0010011001011000110001111110000111110010100011001000001001011011
0010011101010011011111101000000111101110000111110110110001000011
0011001001000111011101101000000110110100101111001100110100001010
0010100000010101000100000110101010110010101111110110110000100011
0010111101111110011110110000110010101011010110100010111101011101
0010001010011101010011111000011011100100010001000111000101001000
0011010000000101101100011010010110100100000001100000110101001110
0010000100011010011000101001010010111110010001100011010010110000
0010001001011110110110001001000000101111000111100111100001011111
0010010100010111011100010111010010101000100011101111101111110110
0011000000100010100000000110110001011000001101101010110011100100
0010111101100011101010111001001101001000111111100010011000000011
0010011110001100111100110011001111111110010011100100111001011010
0010000110111101011110111011010010000010111010000100101010100010
0010011000010111110110011110011100101110011011100111001101101000
0010111100111010010100010011011011101001110111100101000100111001
0011010011111100100110001101000111101101001011001011111000100111
0010000100000010111101101001010100101010011001001011111000101000
0010011010000000111100001001001011101110000011000111111110101101
0011100011110101001011000010101011010000101011000001100110010100
0010001100100011001111110010001011111111110010100101000011111101
0010110101000110100111000010000111101110110011100110000001111111
0010110101000110100111000010000111101110110011101110000001011111
0010010000110111000110001101011100101110110001100010011101011000
0010110100100110101110011010001011101010010100101110000011010011
0010001110110111110010001010000010001000010010100110101111110000
0000001011101110110111000000110111100110101111100011111010100000
0010001100100011110011010010110101011100001000101011110011101000
0010011000001111110110001010011110100110010001000010001101101000
0010010000001111111100000010000100010010001011100011001000100010
0010001000101100111100110100011100100010001101010101001011001110
0011111110111111010101000000110010111000101111010110111000111000
0010110100000001111100000110001110101011101011110011110010101000
0011000101010110100001001100110111111001100111100001111100100000
0011011110101011111000011000000000111011010011101101110101111111
0010100010101010011100110000011010100100000010100111101001101101
0110000101001101111111101000000100111000110001110000001011101010
0010000100101000011010001010011101110010010111001001010011010000
0010001100010100000100000001011110010010001010110000100011001011
0010101000010000011000010100110010100011000101111100000001001101
0010001101101000000101111001010111101100101011001100111001010110
0011100100110001110110101000011111001011001100101111000101010000
0010101100010111110100011101100010011010101011111111110011110101
0010001001011110111000111110010111001100111110000010110011111000
0010001110111110101111100000010110101101111011100000011101001110
0010111001000001101101100100001000100110001011010011011001110010
0010011000011010100100111001010010100100000011110011000100000110
0010010101000010101111010010100111010000100000001011110100111000
0010001101000111101110011010010011011100000010100110010011001110
0010011000010111110111001000010111101100000001100110001101001100
0010000001001010111110011000010110001100110100110110100111100000
0010000101110101011100110000100100101010111110100101101001000010
0010001111000111011111000010000010101100110101101011011111111001
0000111010100111000011111011101101011101001001011001101100011110
0010111010010110011000110101111100101100011011001010110001110100
0011000101001111010111000100110011111101110101101101000111101100
0011000011011010010100001001011011100101010011001011000111101110
0010111000111110110000110010010100101100010100101010001111101000
0010011001000110110111010011110101001000001010100111001011100000
0010111000000000100101001000011110101100001001000110111101101110
0010101101000010111001011001011100000100101100111011000111110100
0010001001100010001101011001001011101101000011000111111001110111
0010010001010111110111001000000100111100010001000011100000100010
0010011001011111110110001010010100101100010001100010101101101000
0010011001011111110110001010010100101100010001100010101101101000
0010011001011010110100010100010010101100000111000010000100101010
0010110101000111101001000010000100110110101101110111011001101011
0010101001011111011011000000111001101111000000111111000011111110
0010001101001100010010000101010010010000001000111011001110111101
0010001101110111100001001010000011010100001001100000011000101011
0010000000000000111100100101001010100110001011110110011000101111
0010011100011011100100011010000010101000011101000100001100100001
0010111010010100111010010101001001101000010110111111111011111101
0010001111011110010111000101010111001000011111011101111011110100
0010111100101111000110011000010111100101001111101000110001000111
0010000000111000010100100001011010000010001110100001010110100100
0011001100010111001110110101010111101000001000011011001111101001
0010111100101111000110011000010111100101001111101000110001000111
0010100000100001100001101011000011110100001100000111100110011001
0010000111110101111111101000000011101000110101101111011010111100
0010100110111000010000010101010010000010110001100001000111111110
0010111111101111111101010000000011010000101010100000011000001001
0010100001100010000111101000100100100111011111001101111101110110
0010011001010111111010001001010101101100010100100110100100100011
0011000101100111100100111101000111111101100011100000110000100000
0010011101000111100101001000000010110110101011000110010000101011
0010011000001011111000011010001111101100000011100111001001101010
0010111101011011011100010001110110101100010011110010111100001000
0011000100000000101010011101010001011000111101111001010101111001
0010000110110011110111101000010011010000001101001011010111111000
0010011000011110110111001000010111101100010001000010001101101000
0010011000011111110110001010010110101100010001100010001101101000
0010001001010011101010000010011101101110000111100111011001101010
0010111011000111000000001101011110011000001010111111101101010001
0010011001010011110110001010011100101100000111100010001111100000
0010011110100000001010011101001011101100010110001111101111000001
0010010001000011101110010000100101101110100110100111101011100011
0010001001111111110110101000010110101100100010100110000001001001
0010110101111111101110110011000111101000011100100111111100000110
0010010001011011100100011110100110101000010001110010000101111001
0010011000011111110100010000011010101100001001100010011111011101
0010111101010011010001110010011000000100001111100111111101010100
0010011001011110100100001000010111101100000001000010001101101000
0010011000011111100110001010010110100100010011100010001101101000
0010100101000111100011000100000010110110101010010110010001100111
0010101101100010000101111100011011100000001011111110101101000100
0100010101111100110110001100000011111101101010011011110010100100
0010111011011010111100010101111111101110110111110010001101100000
0010111110000010101001010001001111000011111101100110011101110110
0010010100110100100110010100000111100100000010011111010110001100
0100011001101010010010110001010011011111011001111000111110111111
0010011100011111101111010000010110101101010101100110111101011110
0010111000001011110010011001011101101100000001000011111101100010
0010010111110101110100011011110010111100111111001000111001100011
0010001111110101110001111101000010010010110100011101010110101010
0010010000000011100100101100110100111111001010001100111100100101
0011001010101001100100011101010110010000111101111001001110100011
0010101000000001110010000011101101011000101100011100011010010000
0010011000111011100100011110001011100101100000001001001110100011
0010011001011111110110011000010100101100010001100010101101100000
0010011001000111101111011000110001001001100110100101001111100011
0010111000001011101101011001011110100100010001100010011101111000
0010011001000011001001010000111101101110001101101111101101010100
0010000111000110010110101010000110010100100100100010010100111100
0011001101111111010010001000010011101111110010000100000011111100
0010111000001110100101001000001110101110010001000110101100101111
0001010011100001001111100011000101111100000010100111010000100001
0100000001110010100111110111010100110111001111000110111000100111
0010011110110100100100101101111010001000010001000000001111001011
0010100011000011101000101010001000100111001001000011111000100101
0010011000001011111110001010001101101100000011100111001001101000
0010011110001010110100010010001011100011010011100000011101111010
0010110001000111100010010000100000101111100010000110100001100110
0010011000011110010111001000010110101100010001100010001101001100
0010111001101011011110110000100011101110000110100001111111100111
0010011000011011101110001010000110111100011001000111001101000000
0010000001111111010110001010010010000100110010100000001101110010
0010011001000111111110000010010100100110000011100010001100101011
0010010010011111111101011001110110100101110001101010111000101000
0010011001000011101110011000010101101100000101100111101101100010
0010110100110000110000010101000110000011111101001001010111011100
0010101100110011000101011010000011110110100100100000010010010001
0010100010110001110111101001011011000010001100001111000110011100
0010010101011000010001111000000100011100110001000110110001100011
0010011101111111011110111000000110101000010101100110111101001000
0010011110100000001111011101111101101100010011100010011100110111
0010110000100000101101101000001011101110001101001110111000001111
0010001101111111010111001010010110101100110011100010000101101000
0010011101000010000111011001010011100100000011100010000100110101
0010010001111000011101011011110010000010001101100111100111111100
0010100101000101101111000001000110011010101100111111011010111011
0010101100110011100101111010001010100100100000100100001011000000
0101111011011111101111111100110000110100110101110111111000010011
0001100001100111000010001000010010010111100010000100000001110110
1000110011010001101000001111011001100001000011110000110110100100
0010111010001111000110010011011100101100000000000010001101011000
1000110011010001101000001111011001100001000011110000110110100100
1000110011010001101000001111011001100001000011110000110110100100
0001100001100111000010001000010010010111100010000100000001110110
0010010100111000010101000110000010001011010011001010110111101100
0100101011110010011100111100010011110111001011111010000011101110
0010010100111000010101000110000010001011010011001010110111101100
0010010100111000010101000110000010001011010011001010110111101100
0000110011000101100000001110001011100011000010000100100000100100
0010100100111011000111111011011100001011001111000100100000100100
0010111010010000111110110101001001101000001110011111100010011100
0010100101101000101101111000110010111110000011110100000000111111
0010011001011111110110001000010110101100010001000010001101101000
00
0010010100001011011111001000110111001101110011001101110011000010
0010011111101011111000011110000110111011100110100101110001101011
0011001000010110110100110100110001101000010101011111111110010001
0010101000111101110111000000110011101000000110001111101101011100
0010000100101110101100011000110011101110100011111111011111011001
0010000000010110101111001100110100000010110111010101001011100100
0010011110010100101010011111000001100000000001010101111011111100
0010001101001111000110000011010110100110011000100010001001101100
0010100100100111100101010101000110110111111001101010011101101000
0010100001111001111101101001000010000010111100001111010110010100
0010011011000101100110000010000110110000000010011111110010000011
0010001010101010100101001000001111101111000011000111111001101010
0010001010101010100101001000001111101111000011000111111001101010
0010010000001110001100011001011101101100001001100101001101111000
0010000010011011100110001100011001111011010000000111100101100010
0010011000001010110100111101000111101010110010100011100101100010
0010101101111111011111111000000010101010001110111110111100001110
0010101110011010011001011001011101101110001001000010110001110100
0010011101111111011110011000010011101101110010100110101011100100
0010001101100001101101101110101101010100010001001001001101000000
0010101111110001110101101001010011001101001000011001100110101000
0010001110011100011100011011101001101000111110011110001010101111
0010100001100111000011001000010010110111100011000100000001110110
0010011101011110100111001010010110000110011011100001001100101000
0010001101110100111101011001011111101100010101001111100001110100
0010100110100101111101101000101110101100000111101110111100101011
0011011100011111111010111111010010011000110100100100001101101100
0010011100000011000101010010010110101010010101100100001000101100
0010011000110111010111100000011010101101010011100010110110101100
0001100001100111000010001000010010010111100010000100000001110110
0010010000001011111110011000010110101100010101100110101101101100
0100010100010111110100110010000000000100011111100000111100010100
0010110010000010101101001100101001101111001011000110111000101111
0010000001010110101111001000010101100110110111000111001001100100
0010001000000000111001001000010000101100011011000110111101101101
0010001000111011110111101001010011001001011011000000100101011100
0010000000011010011100100100110001100110010000011111100110001100
0010000000110011011111111101010010011010101100000110000110111101
0010011101111011001001111000010010001000111111000111111101000010
0010000000110010000110110101111010101011001111000110100101111111
0010010000010111101110011100100100110110000111100101001011100110
0010111010011000111010010101001001101010010110110000111000110010
0010011010011100110110001010010010111100010001100000001111111000
0010101010110101111110111011111001001000101100000111000101011100
0010001110111111110111001001010010011010010001100110001101101010
0000011000011111001110000010011110111010101100110101001001101000
0000100001110110010010100000110010101101110000000110100001100100
0010110110001011010111001100010000101110110101010011010110000111
0010011001000111001010001000010110110101110001000100001001110100
0010101101110001000100111000000010000000000000100101011010000000
0010001101100101001111110010100010001000010110010101111100100000
0010111100010110111011111011000111001111110000101110001011110101
0010110101010010111000011101111011101110111111010111111110011100
0010101100100001110101001101000011011001011001111110000110111011
0010011110111001110111001011011011001001010101000110100101101011
0010001110000011000111110110111100001011111111100100110101110111
0010111000001011100101011010010110110110010001100010011100101010
0010010110011111010000011110001011111011100011100100101100101001
0010111101111111011111110000100010101000010110111110111101101000
0010001101101001001100111000100100001000111110000101111101000010
0010010111000111111100010000100111110100100101001111011000010011
0010000010100011000100011001011110111010000010100101001111110010
0010111001000111011100101001110100100100010011000010111101010100
0010011001011110110110001000010110101100001101000110001101100000
0010011001001010011110011000000011101100110100000111001111100011
0010000001000110110010010010000001000000001111100101001101101001
0010011000111011111101011011010011000110100010000001101110010001
0010010001000011101100011000001101101100101110000111111011100010
0000100110101011000101110001111001111110001100001101011100011001
0010101100110000010101011011111000001110000001100001111011011100
0010011110011111010110101111011110011101010000100010011111100000
0010011001111111110111001000010010101100010001000010001101111000
0010000100010011100101011010010110111111010001010000001101101110
0010001001111000011101111000101010101111001011000111110000101100
0010011001011011111110011010010110101100010001100010111101100000
0010011011010111110100001000011010101100001101001111001110101000
0010011000011111110110001010010110101100010001100010001101101000
0010011000011111110110001010010110101100010001100010001101101000
0010100000010000001101000110101010100110101111110110100000101111
0010011000011010110100001000010110101100010001100010001101100000
0011000101000110010011010010100110010100101101101100110101000000
0010000000000000101101001110000100101011011011000001011000101111
0010111001000001101001011001000100100110101110101011100101000010
0010100010110001110111101001011011000010001100001111000110011100
0010010001010110001011010001100101101000100111100011111110111111
0011000110011110001111100101110011100000110011000010100011111001
0010110000010001100101100001001000001110001011011010111000101110
0010001101111101011101111000000010101000111110000101111101010010
0010011011011111111100000101010011101100011110010000100101100100
0010110001000011101010010001111101100110000111100111101111110011
0010110001000011101010010001111101100110000111100111101111110011
0010000101101101001100000000110100001000101101000000100110000001
0111101010001000100101101101011010100110100101010011100100110011
0010001101101110011101011001010111111110000011100100000000101011
0010001110101010011000111001101100011010001011101101111001110010
0010011101010111110100011010010110101100111001000010011101101010
0000100010001110000100000000111100010011110101000001101111100001
0010010001011011110010010010011100101100011111100110111101101000
0010101100000011110111011110010001011010100001101000001110110001
0010011001001110000110001000000110101100000001100010101101100000
0010011101011011010110010000010111101110011011100010111001111010
0000010000011011111010011010000101101100011001000100011101101000
0011010101010001100000011000111110011001101010011001110011100000
0010011000010110110110011010010111101100001001100111001101101000
0010100101111010001100001011011011110110001101101111000011110110
0010001100010011110111000010110010101100000001000000010000110100
0011010000000101111101100001001001000110001011010111010000100101
0010011100000110100011000010010111101001111111100010001100101000
0010101001110011010101100011011101001011011111110100010000101010
0010001110001000000000010001010110010011001100100111110001111010
0011011000011111101110001010010100101100010001100010001101100010
0010011101011100110100011000010011100110110011000011011100101000
0010000000110010001111011000010001101011101111000111110011101101
0010100010100000100101101100101010101111001011001110111000101111
0010001001011011110100111011000100000100111101101100111100010110
0010000010100000100101101100100010101111001011001110111000101111
0010001111100010110001011001011010010010010101000101111100011010
0011101101001010010101111101011101100110101101100101001001000110
0010001111100010110001011001011010010010010101000101111100011010
0010001111100010110001011001011010010010010101000101111100011010
0010001111100010110001011001011010010010010101000101111100011010
0010111010001010110110010010000110101010010001101010001100101001
0010111001111111110111101010011010001001000110111010100100101101
0010011110001111110000011010000110111000010001100100011101101010
0011000110000111011001000010110010111101000100100111010110111100
0010110001000010101110010001000101101110100100100111101001010111
0010000011110001100101011101010010011000111100111101010110100000
0010001111110111110011111001110011001000110011001000010010111010
0010110011110110011001011101010100100100011001110000101001010110
0100010101111110001010111111011011001000010101000100101111100000
0010000010101000111110101100010010111000111100111101010001111101
0010010001000011101110010000100101101110100110100111101011100011
0010011100110010110101010000010010101100100011100001010110101101
0100001101111101111110111000100100011000111000110111111000000111
0010001010010100110101001101101111010101110011010111000101111010
0010101110110100000101101101110010111110111101110101011110011011
0010001100000110100110011001001000101110010011000110001000111011
0010000000000011000001000110101001101101010011000100111001101111
0010001100000110100110011001001000101110010011000110001000111011
0010001100000110100110011001001000101110010011000110001000111011
0010001110101011011000011111100111011000001011100101011110111010
0010011000011111110110001010010110101100010001100010101101101000
0010001011111000100111100100011010100111001001111110011011010011
0010010001011011111110001000000001101101100011100110100011101000
0010100010100010101111111000001011100111001101101111111100101011
0010011000011111110110001010010110101100010001100010001101101000
0010100010110001110111101001011011000010001100001111000110011100
0010111001100110000011110001111100111100000101001000011100011111
0010111101010111110111001010010100100100000011100010001101101001
0010110010010001100100001111011011100010000010001111100110101100
0011110011011101101000000111010011100000000110100100010000101110
0010010110000101101100000000000011111110001110101011100011110011
0010110001010010101100010001110101101110101111100111101001100010
0010111000011110110011011010010011101000011001100010001101111100
0011101100011011101101011001101110101011101101101110001101001010
0010011100000111110111010010010111111110100000100110001011101010
0010000010010110111111011100100101110010010101000111011100101110
0010101110101011101101011001101110010011110001001010011110111010
0010110110000101010111100010100010111100101111101110001000111110
0010111000010111110110001001011111101100010101100111001101111100
0010010101110111111010111110011101101111100011101101011000010110
0010001110101011111011010000011010011011010110110111101010101101
0010100110101010100100010000111111000111000001111011110100110000
0010011010011011011000001011000111101100000001100010001000101010
0010011000101011011111010010100101100110100011000101111001010010
0010101001001101100110110001101010001000100010000000111000100111
0010001111100111100110000111010110001000011001000010010001011111
0010111111010110111000111001111101001110011101000100111101000110
0010111001011111110111011000010011101101010001100010001101110000
0010110111101101011010111010010010000001110101010011001010101011
0010010000000010101111011000110100100010010111000111101001100110
0010011001011110110010001001010111101100010001000011001101001101
0010100010110001110111101001011011000010001100001111000110011100
0010011100000111100101001110000100111100101001100010000001101000
0010011000001111110110001001011111101100010001100010001101111100
0010010111101011010001001010001001111101110011100110011001111110
0010000010001100001000010000001101100110101110101111111000100000
0100000101101001101101111000000100011000110001111101000011110111
0010100010110110111010100010010011101111010010000000101110101100
0010111111011001101010011000001000001100001010100011101101001101
0010111001000010001001011001011101100100001101000111111101010110
0011010101100110101001100010000011011010101001101110011101001111
0010011100110110100110111010100101000011101010001110011011001000
0010011000010110101011011011010111101100011001100010101101010010
0010011101000110000111001000010101101100100011000110100011100111
0010011110100110100001001001111000001000010001000000101111001011
0010001101110000111100110101011011101010010110110011111110110101
0010011101111111111111110000100010001111010110100111100110101001
0010111000011101110101001000010100100000001000000010101101100000
0010111001011111111111011000010110101110010100100110101101101000
0101001011000011000100101110001101011111010101001011011100101111
0010101000110001011111101010011011000000101100100111000111000100
0001010011100001001111100011111000101010100110011001100110101011
0011001111011110001001110000111011011110100110110011011000110001
0011000110010100111100110100000010101100100110111011011110011011
0010011001011110110110001000010110101100010001000010001101101100
0010100110110100101100010101001010101010110110111010100111011010
0010111001110001011010100001001001101011000110110111001011011101
0010001011010111000101100110100010011000000001000000001100000110
0010011001010010111000011000111111000010011110110101111101100110
0010111010011100111010010100101000101101010100100010100001000100
0000001001100100111010010110010101110010011010100100100011000100
0010000001000011011001000001110100111000001101000000110110100111
0010001101101011001101111000010010101000110001101110010001110110
0011001101011010010111101100000111101010101111110001110110110101
0010011010010100101110000100111001110101100010111011110000100010
0010011000010011010111101110011011001111010011000110011110001000
0010110101000100001110000001110110001110001101110011010100111101
0010001101111110010111001000010011101101110011000010000011111100
0010011001100100100111110011100000111010010111100011000101011010
0010001000010010110001011001111111010100111101111011100101100100
0010010100000110101001011000000000101000010110010110111111110110
0010000101110001110111100010111010000011001110101111010011111011
0110100000110001110111001011001011001101000101010111010010111101
0010001101111000110100010001110111100110100011111010100110111100
0010001100100010100110000010111111111111010011000111110000111011
0011000111000111011101100010100110110100100101101011011100100011
0010101101110101100000100001011000101111001010101110110110000011
0010000101010000101110000011111100000010001010100010010010100011
0010110101000101110000100001110100010100000000011000100100000100
0010001111110111010111000010110000100101100011100111110010100110
0010001101000111100110000101100110110100100101110110010010101011
0010011001000111111010011111010001111000001111101100011111101011
0010010111000110010001010100000111111001100100101010001100101010
0010011011000001000110001000000110000010010111101010010110001000
0011111101111111011101111010100010101001010110101110111100000100
0010111010111111000111101010110110111100000100101000001100011001
1010110110100000110010111110111010100111011001101101111100001101
0010100010100000000101110110000010111011001011000110110000101111
0010001100110010010111000010010011101000110001001000110011101100
0010000111011110110100011010000110110100100011100011011001100100
0010001101111010011100100000000010100100100011100011000011101011
0010010001000011001110010000001101101100101100100111101111100010
0010000110000110101100001011110111101000001001000010001010111100
0010001101111101011100111010100010001000111110000110100110111110
0010000101011101101101001010110111110110101100111111110100110001
0010001101111110010111001000010011101101110011000010000011111100
0010111001001010111000011011100000100011101100001011110110010110
0010101001011110110110001000010011111101110001000010000000111110
0010101000011100110100100001010111111100011111000111011100111100
0010010010010100111100101101001010011000110111001110011101111101
0010100000010101000100000110101010110010101111110110110000100011
0010011000011111110100001010010110101100000001100011101101101000
0010000101111100101101001001100101001011100111101101010111100010
0010110101110011010000001110000110000001111011000001010011011100
0010001100011100110110001010111011110111010001100110100101101111
0010010001001110111000011001010101100100001111000111111000001011
0010100101100010100100001000111011011011001101111011110100011111
0010000110000100011101101101000010110101100101111011111011111010
0010000001000011111110010000110001101110100111100100001001001000
0010001101011110010111001100100111101100101001011110111111000001
0010011100110010000111010001011011001000010100100111000101110011
0010011000011111110110001010010110101100010001100010001101101000
0010111110000011100001110110001010001011000011100110100100101111
0010111001000010100000111001010101100101001101000111110101011110
0011001100111110010011001010110010101101010000100011000011111100
0010000000011111101110101010110010100100010001101010011000000110
0010100010100000100101101100101010101111001011001110111000101111
1011001101100010100110110011101010011110010010000001100010100011
0010010010000111101100100100100010111110001011100110111000100111
0010011000011111111110011010010110101100010001100110101101100000
0010101010111011110101001001001111100010100100100000001101000000
