0100010101111110101101001100111111010110010000011111011010000111
0010111110110000111110010101010111001000110011111001110010011100
0010010010111010000100011100011010110111100010001011111001000101
0010001000111011010010101010000010101000110110001110010111011010
0010011000011001111011011110000101101000010011100001110011001010
0010011000011011110010001000010110101100010011101000011001111010
0000010000011011010000010010100010010100101111100101111111000010
0010001100000011101111001000000001011110011011000011100011100010
0010000000001110100000001101100000110000011100100101000000111101
0000111000001111101110110101010000011010010011101110011111000011
0011001100110000100100011100010010100100000011001011010011001100
0010100000110111000111001001011010000110101110001110011101110101
0010110011110111110101001100011011110110101010011110010000001001
0010010010011000100100011111011011100100000011001011101000100110
0010101110101100000001000000111000100111100111000011010010100110
0010001000010001010101001100011001000010000011001110100110111010
0010011100101011010100110000110001100110100011001110100110100110
0011000001111011100100101001001011100010000010011010111100111100
0010111011010111111000111001000011111000110101011101100011110101
0010001010100000001111011101000001100000010110010110110000100100
0010010101010101000001000001110100000101111010010110100100000100
0011010110111101000101100011010000000101110100101101001110111010
0010011110011000111011010111001101011010001110011111111010101011
0010100100111001110100010001000010100100011011111101010111001110
0111001011000000111010101111011011110011000000010010111111110011
0010011000101000010101011001010011100111000011101011111011101100
0010101000100010101010101100000001101001011110110011101101010001
0010010001111011011111010000110000101010010010000110011100101100
0010110111010101000001001001100010101000100011001110110010000100
0010001000111010110101000010001100010000010111000010111111110000
0011010100000110110110011100111101111110010011101110110000101001
0011111111111110100110011101010011101100010101111001010011100010
0011010110111000100100011000100010101000010011101111110010101011
0011001101000011101000001001000011011111110011101000010100101100
0010011010100000111110010111110001101000010010000001110010011011
0010000101110100100100011100010111101100000100010000010011110110
0010001000010100010010100011101111110001101111100000101111100011
0010011011101001100101011001001111100011000011010000110110010101
0010010111111000101100010001010000100000010011110010110000101010
0010011111100110100011001011010101100100110011000011100000101000
0010011110101110100101011000000010111001000011100111111010101010
0010001000011000110000000110101011010111100111110110100010100110
0010011001100010010100111001010100001101100101000100110001010010
0010011111011101111011010001000101110000000000010000111110000101
0010011101111110100110000100011101101100110111101000111010010001
0010101111001100011011101001101111001010001000000010011101100111
0000100010110100110010101101011010100010011100011000111101001011
0010010001000011100011001010010110100100111011110010000100001010
0011001011101101110101000110000111100110011111011111101010000001
0000000000000110000010111100000110011011000010111101001100000111
0010000110000111000000001010000111010010000011000010010000001000
0010001011001001101100100100100010001011011100111001111110110111
0010011011110100110000011001000011101000110111001111110011100101
0010010001111000111100110001110111101110100011010011100110111001
0010011000010110101100011110000100001110010011111010010011110010
0110000000101101110110001001000011111110101110110111100000011110
0001110110101100111011011110010110110000010001111011111011000011
0010001110101111001000011010000101101000010011100001110000001010
0010000111001100111110110110010011100100010001111000001011111000
0010000011010110111000010010000010000000111100011010001111001111
0010011110001010000110010001000001000001000001000110111010110111
0011111111111111100100011001110100010010110100000010100011010110
0010001111111010010101001001000111100101100000010111111111101111
0010001000011000111100110011111110001010010010001111000000100000
0011001100111011000110101010000010000101000011100110010011010011
0010001011001100000000011001011101101100111100001101000011111110
0110000010010001101100110000111111001011110010011111100110001000
0010011101011100111110010001010111101110000010110000001011110000
0010001001011000100101110110111011100100110111000100100001111011
0010001100101110011110100011000010000001001100010100111001010110
0010011100111001111100011001110011001000011010000011111110011100
0010110000110100100001100011010011111101011011010100010010110101
0010001001111100110000010101000001101100110111001000110010011010
0011010001001100100000011010110001100010010000010101100011000010
0010010000010001010011101110001011010101010110011110100111111110
0011001001111010010100111011110010101101100000100101001001111101
0010011000111110011101011111010101110100110111101010111111000010
0010000100101001000110011111000111011000011000010011111000000010
0010000011010000010100010001110011100001000110000101011110101100
0010101000111100111110110000111011101000100111011010001111111000
0010011001110011011101101101111001100101000110000111101011011111
0010001010011010100111100111101110010101100100110000101110101000
0010101000111100111110110000111011101000100111011010001111111000
0010000000010100100100110000101011010011111101000001110101110101
0010000000011001110011010011100010010000100110010100110000110011
0010000110101110010110010010110101000001000100101110110000011000
0010001100011100111000111111100011101100010011111110101110100001
0010000101011001000011000111111000000001110001000100100110100110
0010001001111010010110100001010011100111010010001110001101001000
0010011100111101011011011000100111111110100010000111110011000101
0010001101111110011110111010000011101101110011000001011011111000
0010001000010011010011000100010000011111000110001100110101010011
0010011001010011111010010000001101101100010111100010111100010100
0010101010111000101010111010010010110010010101110010010110011011
0010100000111000111110110101101011101100100111111010100110110011
0010011101111010110111101111110010011001010101000011111000111110
0011111000010110111000010101001101100010010110111000101001010011
00
0010000101101100010101001000010111100101101101001010101100011001
0010100111101110000111100110110101011000110100001001010111101000
0010111010111100011110110101010101000101010000010000111010111110
0010011001111000110110111100000110100100011110011010111000110000
0010001101101010110111000010100011110001100000010110100011010110
0010101100010110000101000000100011101100110101000010000011001000
0011111110101111110111111010010110110000010111101010110011001011
0010011101111100110110101001000001111101100111010001110000110101
0010010000001011100110010001100101001011100010110101110011011100
0010101111111100110000111110110011011010110100001110110000101110
0010111000011011011010110000000010101010000011100111111000110111
0010001100111000110100111001010011001100000011000000110010010101
0100010001111011001100111010100110101010111101101001110001110000
0010000001010010110111001001111110111011100011100000000011111101
0011000001011100111100001011100011101001100001011111100010100100
0010011101100110001011001010110000010101001011000010000001011100
0010010011111111011111010001000011101001110011000011100010111100
0010011000000100100010000000111011101110011001111011101101000100
0011101111000000000000000010100010100001000100001011011010110001
0010000100111000110111111100100000001000111011111100011100010101
0010010101000011001000001001010101010100001011010011111100000100
0010010101100010101110101010100101101100100010001100011011011000
0010001101111101110110111000100111101110001111111000011110000100
0010011001111000001101010001010010100110000111100101100100100011
0010010101001111000111100000110100101011010001001110100010100100
0010101110110011111011011000001001101100010110100001001011010100
0010011010110110110010101100100010111001000010011010000000101100
0010011001011011011110010000000001011110101011110010000001010100
0010010101000010110110010000100000011100111011000110011010111111
0010011111011100101010001101110110111010010100111101101010110101
0110100111010110100110001010100111100010100010110111100110000101
0010000110110000110100111001010110100100000011111011010010110011
0010011101111100100100011100100010100000000011101011100010101011
0010010101011000010011001000110000101101111011000010000010110100
0000010000101011000001011000000101110010110110000000010001010010
0010011000111100111010010101000011101000010110110010100010110110
0010101100111100010110011000100010100110001011011011101010100011
0000011011110100011110100000101011101000110111001110100011111011
0010000000001100111011101010001011000100000110010110101100111001
0010011000111100000100010101010100010000010011000111101100100100
0010001101101000011100011001111010100111100010010000010001000001
0000001110101101100000101111010101110110011000100010101100011101
0010111000010000011010010101000101001000000110110111110010010100
0010000101011001000100100001110001100000010001010111100110100110
0010010010010100011111001011110001111101110011110000001101100101
0010111111010010110000101011000011000000110001110001100111110100
0010010110101110001111000000010101010000010011011001111110010010
0010001111011100110100110100010101100000011011101010110011000111
0010010101111000110010111111100111101100111010111000011100100001
0010001010111110101110010101001111100000010011110010111010110000
0010100110110001100010111101100100110101001000010001111000100100
0010110101000011100000100101000111011111001010101111110001100010
0010110010010110111000101111001001111011100000111010110010011101
0010100010101011111111010100100010001010110011101000011011111010
0010001110101011010011000010010101010111101001111111000111101110
0110011010011101110001010001001110101101110011110000000110100101
0010010001011100110100000100101111100110100010011011110000000001
0110010101101011010001010011111000011011111000101110111011101110
0010011000111110110100010000000111101111111111000011100001110100
0010100101101011010011010000110110101101100111000111101111110101
0010010101000010101110011010000001011100010011101001111110001100
0010100000011001001000111011101110010100001111110000101110010001
0010111000000001011110010010101101001000100010100101110011011110
0010000000011100101111100010111010000000000100010110101100110000
0011001001000100101101000100000111111101010100001010001101111000
0010001101111010111100110001100011101010000111110010101010110000
0010100010010100001110010110011100011010010110111111110010101010
0010101000011100101110000101100010000100011011110111101000100101
0011001101111110110100111010110110100000010011111111100100001011
0010001010001001000110000011011111000010101010000101110010000010
0010000010011000111111101010101011100110000100010010101110100001
0010111010001110000100110110011111100000010011111101110100100001
0010111010110100100101010001000010100111010110111010010101000010
0011100100000100100101111010100010000100010111011111110010110001
0010000011011000100100111001100111111111101010010010101000000010
0010101010001101111010110001001101111010010010011011111100011000
0010000010110010111111110111001001001001001110101110010001111101
0010000000101101111011010001000011001110010010111111011011111101
0010010101000101100010000110000000000001000000000110111010110000
0010010101110110100100110101010111101010111111100111111011111101
0010000000010100000010000110001100010010010111010111111000000001
0010011001111000010100101101001011000011001110011010001010010001
0010010101111100110010011100100011101101111011011010011010010101
0010001001101000000110010001110011101000000010101111101001000000
0010000011111001110100100101000110000010100110010110110111111110
0110000111101011111010011110110111111001111001100100010111110000
0010001111011100011000000001110001101000011111001100110111110001
0000001000010111010100000010001010000110111110010101100101101000
0010110100100001001010110001001010100001001000010101100111100100
0010111011011100111010010101011011101000010110110010010000110110
0010000010001100111011000010001011000111100111100110101000101001
0010011101000010111100011010000101100110001110100111000100011011
0010100010011000100100100001110110100010000010100001100000101001
0010111010011000111110110100110011001100110011111001011100110001
0011100000001010110010100010100010001101000100110000111010011000
0011111000101010111101101001110100011101010000101011110010001011
0100100101110000110000000001111011111000001101001111110110010000
0010001110101110110010110001110010010000000010010001111110100101
0010110010011111100101110110010011110100010111011010001101011001
0100010101111100111010011101100111110101001000011011111010000111
0010001001111010110110110110100010100101010001010101110110010100
0100110010010010100010101010000111110000010001011101100111011101
0100110010010010100010101010000111110000010001011101100111011101
0010000110011011111010110011101101010011011001110001000010101111
0010010101111000001100110011100010101110101111001101101100000001
0010101011010110110110001010011011101101100110001011101011111111
0010101000111100001101100001110011110001100101000111101010111100
0110110011010110100010101010000011110010111001110101100010010101
0010010010011001000001010010100100100001100001000111110010100010
0100000101101010001010111110101101101011010111101010101100111000
0011101001111011010000001111110111100000111101011101111100000101
0010000001111000110101111100011010101110100110011000101110111101
0011010011010111110001001010100010111001110000001111000110100100
0010001001111100100110110001101011110011010101011010110011000000
0010001011011000010010010111010001100011010111100110001100100111
0110110011011011100001101011000011000000111001010101100010110100
0011001010011101100100000101000011100000000001011110100000110000
0011001001011100101010111111100011100101001101100111001111100111
0010100100111100101000111001101011100110001110011110001110011000
0000010011100100111011101110011111110100010010011011101110100100
0010100011011110111010000100000011101101010111011001110110010000
0010110001000111100100101001000111101100000010001001101000000110
0011001000001000000010010011100001100001000100100111010010100100
0010000000011111000100101110000100101101000101000111001001010111
0010001000110101011010000000110001101101110011110110110000111100
0010000100111000101000100110100010000111000010110000100011100100
0011001000111000100110001000011000000100001111100111110110011110
0010000100001111001010010110100001000011100000000100111011010001
0011011100101010000110111001000001100001010011000010000011011001
0010001101111100110110010001110101100110101111011111110010010000
0010000011010001001111100101111000101000010101011100100100101001
0010111001011111110110010100100011101000010010110110100110111100
0010001000110100100110110001010011101001010110111100100100110100
0010101100001000100010110110000100000000010000000001011111010011
0010111011100111100011111000110011110111110100000001111010000011
0010101101000110101001101100100100110101011110010001001101000001
0010000010110110110000100101100110110000011100111110000101011001
0010010100000110110101100011000100000110011011010010011000010101
0010111011010100111010000101000011101110010110110010111100110101
0010010000000000010010110010110100110111101001110101111001010011
0010010100000110110101100011000100000110011011010010011000010101
0010000001011100100110010011101110100111000101010010000110111000
0010111010010000100100011100000011100100000010001001111000100010
0010001110111100111110010101110000100101000001110011011000011011
0010000101111101111010011001010011011111111111100010100010110110
0010011000011110001101110111110100001001011111010011111111110101
0010000001000001000111011011100010111100001110001111010000111101
0010110001000100100000001000110111101011101011101101101000100101
0010000100111011010001110011000111011000011000100110111011110001
0011010001110000000110110010100001101110001101001010001000111001
0010100010001110100010100010010011000000010101101111111111010100
0010101110011100011000010111010101000010001100101101001110110101
0010001111111101010010100011110010000110000001000100101000101000
0010101000000000100011010000000101001101010111101011100110011110
0010001001110100110100010110011111110100010011100110100011111001
0010011110110100101000011100111001111100110010010011010010011001
0010000000001100111011101010001011000100000110010110101100111001
0000010000011001110110000000111010010001001101110110111001001111
0011110110100111011011101010010010100001010101100011001111101001
0000010001111000110110010001110010010101001001110010111000000111
0010010000000111111010100000010100111110110111101101011110101000
0010100111101110100001010010000101010101010001001101111011001000
0000010001111000110110010001110010010101001001110010111000000111
0010010000011001110010011100000100000000010010100000111111110010
0010001000011100110100111011101111100110010110000011000011100010
0010111101010101111110100100111110100110001100100011110001100100
0010001000010101101100010000101010001000110001010101001111101100
0000010101110101011110111000000100000100011011010000111111010010
0000011000011000110110010001110010010001011101110010111001001101
0010000100011100111011010101010011110000011110011100011001110000
0010100010000000111010000001101010001001010101110110111010110101
0010000000101110100010100100000101100110000000000010110000010100
0010010000000100110010010111000100100001010111110111101100100011
0011100001000010110110011001101011001000000110000011110110110001
0010101010011100111010010101001001111000110101110111111010011101
0010011011111001100001010001110110000110000001111111110000101101
0011011110111010011111001110010001101101010001000011000011111100
0010110111011101000001001100011110111000011010000000011100010011
0010001010011110010101100101010111110011001110010111110111011011
0010111011011100100010010110000011110001001101101001001110001001
0010001001011010010111001100010001101001010010000110111010111000
0010111001001001001010011001101011001110101110000111110101001100
0010111011001100100000100000100000000110001111111110110111010100
0010111001011010111100110001100111101110110011010111100110100101
0010001110010100000100010101001001101100110111110111111111110000
0010011011111000111101100000010111110010001010110111100000110101
0011001000011011000110100100100001100100010101011110001001011000
0100011000111011001010101010000101111011111100100101100010100000
0010001100001110100011111001000111000111110010110001000111111100
0101000001111011111000100111000111101000110010011111100010100100
0010010110010000110010000000010111100100011010011110010111010111
0010001100101010100100011010010111100000000111100011110010101001
0010100111110010000000110111011111100011010001111111000100000001
0010011000000110011010000001100001001001001110101010010101100101
0010011100100100000101100000110101111010001111001100110110000011
0110101010001100011110000111101011011000000100111010000100101101
0010001101101010001101011001111101100110000101000011010101001000
0010101101010110110110001011000011010100000110101010100001110111
0010111010000100011000010100001001100000010110111110111010101100
0010111000001010001101100110111110010110110110011001001101000110
0101110111111000110000001011000011101000110111011100100010110101
0010101010010110000110011101010010111110010010011100001011101110
0000000001010000000000100100010111101010110010100001101111011010
0010001000010010011011000110100101000011010000010101001000111011
0010011000010110101000001100001001101100100010011111111000100000
0011100010110001100110101100011011000100001100001001011010110100
0010001001011111001101011100000011001100000011101110100011111000
0010100100010100100010010111100011111010011100000010101011111110
0010010001001010110001010111000011010000010010010001111111001010
0010000001111100001010100100000011100110000110100001111100000011
0010101010110111100000011000000010100000000100010001100111111110
0010101111111000101000111101101111100000000111111110100011110110
0010110010011101100011000010100100000111000101111111000110000000
0010001100101110101110111100001001000101000010100111001110011010
0010001001011011101110111101000011011100001010101000110001111110
0010001000101101111011100010000011001101010011011110011110001110
0010011100110111100100111100111110011010111111010000100011101111
0010001000111100111110010001100110100010000011110101110011011010
0110100000110001110111001011001011001101000101010111010010111101
0101111011011111101111111100110011011001110100110001011100110011
0010001100111110001010010100110001101101000011010110001110101101
0010001000111010110110110001000101010000101111010110111001110001
0010010101111010110000111111110111110000010001001011110010000100
0111111010010001111000110011001011111000010001011101110010110101
0010110111011110101101000000111101011000010100101001110110100110
0010010000011000000000000001111000010001111101110110101010110100
0010001101101011010001011001001101010011010011100101011100101010
0010001101101011010001011001001101010011010011100101011100101010
0010000000111100101000110010100010000111000010100110101110100001
0010001010111110111011011110011011101111010011100010010011111100
0010100100101011101000110110000001000011100010110100111110001000
0010001000011111100110100100110001100101010011010110100010000001
0010001000001111011110110010110000100001010010010000111110110110
0010001000111100110100010101010110100000010010111111111010100100
0010100010010010100100010111001110110000010001001011111100000000
0010001111110100000110011010000011101101100011000011110000111001
0011100011000001110011110100101001110110011101011111110111011000
0010001011101010110001010101010010010010110110010011110110111111
0010000011000000001011100100010101111011110110011111001000010000
0010001101110101010101110010110010100100110110100111101011110011
0010011110101010010101010110010101001000010001100011110011011010
0010110011001010110000111011010101101000011001010001101010101101
0010111100101101100100110000001110100111110001101000000100100000
0010001111101011010011000111010000010011000000110110110111001001
0010000000101111100000010010000011000111010111100001111100001000
0010001011011100011110010101110101001100010110000111110111100101
0010000000101010100111010110100110001110110110110101101111010010
0010011011111000110000010001100010110101000001100010110010101100
0010010010111111110111111011000011000101100000101101010111001100
0010001101110010010100010001110110011000110110001010110001101001
0010100000011111111110011011111001001000100111000110101011010010
0011100101001001111000001111001111000001000010010100111010100100
0010010001111000011111110011111100101001010100000000110110110010
0010110010110001110110001101011111000110001000000001110000100111
0010000011011000110000100101010111100011011110001111010011111000
0010001001110111100100001100010011100101100010000010001011000001
0010100000101111101010101010100000000111000111110110111110000000
0010000010011000000000101110000101100100000100110111011111111101
0011011111111100001100110101000011100111101111101000110010001001
0011000110101110101010110110000001000101000001010100111110011000
0010010000101011011111010011100001111011110010000111111011101000
0010111100001001111110111011101101111101111110000001010110111110
0010111010001000001110110000101111100000000100000001111001011000
0010011101111100000100011000110000101100110111000101101000100010
0010011001111000000100010101110101100110000100110011110110011000
0010010000010110011100010111011111001010000010100001101011010110
0010100011010111101010000110010001001000011001011101010000001001
0010011100001101100010100010000000000101000110110110101010011100
0010000100101110101010100110000011000101000000010110111110010111
0010001110101000001100101010101100010001000110011000110110110010
1001111010001110101000101001100110111100110101110000101011110111
0010000001111111010110000001010010101110010111100010100111100100
0010001101111011011111111101000010000001000001010010011111111010
0010000100111000101010110110100000100100000011110000111100010001
0011000110001111100011100010100111000101000100011100111110010000
0011101011111100011000001001100110100111100011110110101111111010
0011010000110000011010010001100101101101110111101111101011111101
0010010110111001100000101011111100010111110011110110110110100010
0010100001110001000111010010101000101100101111000110100000100000
0010111001010010111100010111001111100001010010111111111011011100
0010010110011101100001111011100101100101000101011110101110100001
0010110010100101101010000101000011001010001000000011101110010100
0010010000110010000100011000110000010110100011100101111110000001
0010000101101111100100011101010010101000011111101011000000001011
0010101010010100111010010101001001101010010100111000111000110101
0010000101111100010111111001010011101101000011000010100011110101
0010001000100010001010001110110101101001000101110101011111011111
0010100100110000111100110001110010101111101110011000101110111001
0010010000001110011011000000100101101001100110001111110011011001
0010001000111001011111110001010011100010000001001111100000011001
0010100010010101111011111110010010101001010111100000000110100110
0010110010001011100100101001001111100000000011110010110010110101
0010001101111100111110110000000011100100000011010111011011100001
0010000110101110101010110110000011000011010111001111111110000100
0010001010011110011100011011011010101110010110100000011000111000
0010111000101010001101010010110111101010110011110001110011011011
1010111010011100100010101011011111000111001111111101101110100011
0010011000111100110110100001101101110110101101110011111110010100
0011111100111011111111010000110110101010011110001001100100111000
0010101010110000110010101001100101111110001101011100100010110100
0010100110101011101010110010000010100001000110000011111100011111
0100101011001101100011010000101111010000001100000101111000011000
0010011100111011001100111001000010100101000011000001111000001100
0010011100010100000100011101110111111100111110111111010011111101
0010011000100011100010001000100010010111001111011000001001000101
0010000000010000110000001101111011101100000011101100001111011101
0010111010001010100101010000110101110000000001111111100010010000
0010001111011101001000010101101101101000010111010101001011101100
0011011000010110010100110111001110000010010110101011110001011011
0010101001000110111000000101000111110000110010100011111011111011
0010010001001011101101011001000010011000010001111111100110001000
0000101010100111000011110010101100010101000110010101101100011010
0010001100111000110110101011110010101011000011111111000101110001
0010011010010000100000001111011011100101000011000011101110000011
0011001100100000001010011011100001100100100000100000101010101101
0110110010001101111100111100100110010001111010001101100001110000
0010000101110100110101001000110011001000010111000001011010010000
0010011011011100111010010101001001101000000010010010111110110101
0010111011011100110010010001001111000111100011011110100111110101
0010010010010100111010010110001011011001011010110110101000111000
0010011001001011100101111101000000001001111101010100001010101011
0010111010011101111110011101011111000111001010001000100001101100
0010100110000110101010111110010010001111010001011001111110100000
0010111000010001100000101011111101000100101000110100101110000001
0010011010111100110100010110000100110000010111101011110011100010
0010101000111000101000100101100000100110001000011101110110100001
0010110010011111101001101011101110000111001000001110100110000000
0010010111100101000000100100001100110110000000100100111010011101
0010100000111100010100111000100100100000010010000001111110000100
0010111010001110001100101110000010100001010111010000111100010010
0010011011000110100100001110001101101011011111010011111111111000
0010010011010101100100001010111000111101101011010101100010100010
0010111010011110110111000000110011110110010110101100111000010011
0010101110110110101010100000000101100001010110010000111100000110
0010010101100001110000100000110110110011100010000100011101100010
0110010001011001001101010110101011101111100011000001000010100000
0010011101111110011110011100000011100101000001000000000011111000
0010101100111000110000110110010000100110010011100000000011111100
0010101100111000110000110110010000100110010011100000000011111100
0010001101000000111100100011101010000001011111000111101010001110
0010010101000101000001100001110100000101011011001110001010100110
0010001001010011101011010100100001101010010100011000001011010000
0010100000000100100000011001111010000000100001100110101000110110
0010111000001011110011011100000100010000010011111011111010010111
0010001000111110101111001100010101111000011011000111100001001010
0010001100101111000101001001010011101001010011100001110111001111
0010110010000001110011111001001011111000011110101111010101111111
0110010100101111000001110111001011000111110010110100111110100000
0010101011011111111110111000110000100100110100000111111000000011
0010011100100110011100011011111001000101011000100111011001011000
0010000101011000010001110001000110001010010100000100101111001001
0010001110111110011011110101000001110001000000010000101011111110
0100001011001111000111111001000111010101110110110011010100000000
0110001001010001100101010001000011100100111110001011000100001010
0010101111010011100010000010001111110000000000010111110010010111
0010001101011010110110100001000010100001000011010111110000111111
0010011011001010100001100010000111110000100001110111110000100111
0010001000110110011110100110010111100110110011011101111110000001
0010000100110010000110110011010010101000000011110011011100101101
0011101100011000100110111100011010101011101010110001110100100010
0010010010111100000010111010000000000101001011001011101010100011
0010100101011101101101100010110111000000101001000011001000101101
0010101011001101100001001011101110010000000101110110111000100000
0011100101110100101000111000101011101010000110000001010111111100
0011001010110000111010110101000000110000000000010111110111011111
0010000101111000011100110000100010101000100111010111111000100001
0010011000101010011010110001000001101001010110100100111000011010
0010110000011001100001001001111101001101110011000110100110100000
0000100001011011000001011100010110010010010011100000011001110010
0010001101110010000001010001100001100110110011000111100100110001
1100111110010010101001011110100000011101111101110101000010111100
0011101100110000000011101010100000000101000101100111011010111001
0010001110001111101110010011111100101110100010001000111010001110
0010011000101000111111000001000001001011001000100001111111001000
0010010001011001101000111001100110000111000011110011100110101001
0010001101111110010111001000010011101101110011000010000011111100
0011010110001011011100111111001001100001000011001010000010011001
0010000001111100101000110010100101101011111111001010110100100001
0011001100110000000110111110000001100101000100100101011011111100
0010010010111110010011001000110000101101110010000110000111101100
0010001111111000011110110010100010100001100011010010110111111011
0010011110110110011011010101000001000000010101001101010011101100
0011000000001100100100110100000110100110000110110111001010010110
0010011000111011001000111010000011101110110011010001100010110101
0010111000001010011111100110011010010100110110011011001111110110
0010000000111111011100110100100000101011111010110111010100011110
0010000101010001110110001110010010101100100010110101011000110100
0010011110110100111010011101000001101101010010010000110010110110
0010100110011000000100000010001100010001100011010011000000000000
0010111010111100111110010101011101101100010110111001100011110111
0010100110001100011000110000110100100111001100000111111111000001
0010001100111111001100111010100011100000110000000101111101000011
0101100011011101100000111000000111101100100101010101000010110100
0010110011011101100001101001101111000010001101001101101000100001
0010101100001001111010000011001110000010001000010111101011011100
0010101011100011111001010101000011000001110011110001100111101010
0010011000011000100100010001100111101110001111010011100110100001
0010111010001110100001101010001110011110001111111110111111010001
0011000110111100101110111111111011110101001000011011111010101110
0010001010011000000000111010100000100001000110000111101101110000
0010101110001101100010101000100100100110111110100111011111110110
0010001011001101000100000101010110000100000010100001011010100101
0000111010100111000111110011111000111000000100001000001100011011
0010101010110111111001110001100010011000110000000100000110000110
0010000000011000100111111111010010010011100111010011110100010000
0010011010110011010110110010010011100000000100001001011011111010
0011000100001110001010110110000001100101000011010101010000110000
0010010100000011001000111111010100001100011011100010010101100100
0010011111100111100100111111111001101110010001000001010111101110
0010011000100001101010011110010111100001011011010101110110101010
0011010010111010000101011111010001100101100011000010111010101111
0010010100000010101111011000111110010111001111001100011010000000
0011000110001111101010010010000010100001000010001011011010101001
0010011001111100111100010001100010101110000011110010110000110000
0010110010010010110010010101001001101010010111100000011111110110
0010001100111001111000111010000010001000111100101000001011001001
0010000010011001101110010111011101000100100001001010111011111101
0010010000010100110110001100010011101100110110110010010001110111
0010100010111011001111111010010001100010000001000101111100001010
0010001000111000100110010000100011101110101011011011100011101001
0010001111111000001100111110011011100001010011001011100100000010
0010011111010101000100001000001010101101110010000011110010100000
0100011111111101111011110000100010101000110011100110000111101111
1000110100101011010100111000100011011011111100101110111001001000
0010111010110001110111101001001011001000011110000000110100011100
0010011010010100000111010101111001101001110111000110110010110110
0010111100011011100000111001000010100100100000000100010011010001
0010111010111101110110100111010110110101101110011011111010110110
0010101110011110011000110101111100001010011011101010110001110100
0010001000111100010001011001000011101011100011001111111110011101
0010111011011111100001000010001111011010000101011101101010010100
0100100001010100100000011001101011101010011010010001101011110111
0010101100110011110000111011000011100000100000110000000100000111
0011001100111010000110011010000001100101000001000010011011001111
0010101001011010011100011101101011111110111111110001010010010011
0010000000011101010010001100000101101100010110010101010011011110
0010000101111010010101011000110111100101100001000101011111010001
0000010000101111100111011010110101111010110010100101101011011000
0010011111111010010110011110000011101101100101000111000011111000
0000110111010011011001101011010101000111000001010110000100001101
1110111111000110110011110111000101010011101010101001110101010000
0010010100100110110001011111100001000001001010001110011011010101
0010001101011111110100001100010110101101111011100011000000111000
0010000001011001010101110100111000100110000110100110000100001000
0010000100110111001000111001001001000010010111011111110110001000
0010000101001110000101001100010001100000110100001001101100101011
0010000110000000000110100000000011001001110100001000100101011001
0011000001001011011001110111011100010001000000100110101010100010
0010011000110110010010111111110001010001010101010000111111101100
0010001010101011101001001001001110010001011011100110110110111110
0010011101110100011010011100001001101101000100110000111010110100
0111000001010001101001110011111110010001011101101100001010100010
0010001001100010000111010000100011101100110010000111000011111100
0010001110110110100110011010100001100101100010000110110000001001
0010000010011110011011000000110000101111110101001111010111001001
0010011001000111100110011010010101100100000000100110111101100011
0010111011000001011001011001011111100001010100110000010100110010
0010100110111110111010101010000011100001110001010110100010111101
0000010001010000100010101100100010111111111101011111100010100000
0010100110010100011110000001010101001100010011100010000011111110
0011111010011011001111111110110011011101110100110001011101110010
1111111101100111110100010101111101001110011010111100000011110110
0010001101111100111111110011110001011101010110101000010111101101
0011111010111010011100110100000011100111010001110010011011101000
0010111011100110001101010010100000101110000100001010000100011011
0010010011100000110010101011011011101010011001011001011000110000
0010001101110101100100111110000101111000000001000110010010101010
0010000001111100000100010000110010100110100011000111100000110001
0010001110000110111010010000000011001000111111000101110000100010
0010001100011011110010001110000000011010010010100110011010111110
0010001001011100010011100000100010100101010110011000100111101111
0010011101000000000110001011100110011110111001000010110010111010
0010111001110000110110101001011010100100000010000000001001110001
0010001111010100000010101010001010001000011010100000000010111100
0010011010100101110000111000000101101000001011010010010010111011
0010011000011111110010001000000010101000010011100000011111110000
0010010000110010100000101010001100111011100101000010110100100010
0011000011100100011101000011110000101110100110101011100110101010
0010011101010111111100011000110000001000111011101001010100101100
0010101011010011101110110100010001111110010110000000011110110001
0010001100111101100100111111110011011001010110001011111010011100
0010110000111011110000001100000011011000010011100000011011011010
0010011000010110111010100010000001101100000111100000111101010110
0010111110010110100110000101000001101000010111011001111110110000
0010010010000100110110011101000001111000101110110111011010111100
0010001101111110010111001000010011101101110011000010000011111100
0010010000000011101000001010000001011110011011100010010101010010
0010001101111000111100111001110110100110000011111111010101110110
0010011000100010100100011110000010100000010011100110110001000011
