0010010011010111101111011110110000001000100000110011000011100100
0010010010111001100111101010011011000011101101100101100111110000
0010000001011001000111000000110101000000000101000101111100010010
0000000010101001010000010010000011101010000111010011100001100001
0010000000011111010010000110001010000000111111011100100101100111
0011001000101010100110100001011101101011110010001001100001101011
0000011000000110000101010111001010010110001111111101100111010101
0010001100101010010000111101100111101000000001000100101011011111
0010001000011110000000100101110001001011000111001111110001010101
0010000110111000000000101000100001010011000010001111111100011000
0000001000011010000010000110101110100101001111010000100000101000
0010010001010011101100010111100100101000100111110111101111101010
0010010111010100100110110100100110100111101110110011011010001101
0010110011001010000100111101000110100100001111011001110100001000
0010001011000100010000100110011000010110111000111101001010111101
0010010111000100110000011011100011110001001000010011110000100100
0010001000110110000111001110010011000100011011101100100011100100
0010001100000110110001011111010100100001000011101001000101010100
0010000000110110101100100110100100010010001110010101101010011001
0010000011011110100111100010110111110110001110100110101001010111
0010001000110010110100101110000010101100000011001000100010101011
0010000000010001110101000110000101100101101101101000001110101101
0010011100100110100101001000000011100100111111000110101000111011
0010011101101010100100111100110011101100100110000101100001010101
0010111111000010010001010100111110100111001011010101101111010100
1001110111010011011000101011011101010111000001110001000000010101
0010011100100110100001111100000000100100110111000100111000101011
0011101010110001010111011011110111000001000001000000000111111100
0010001001100000110101100110101010001010100111001101101010000001
0010111111010110100111101100110000010100110101110111011110010011
0010001010110110110011001001001011000010110100001110100011011100
0010001110101000110010001110010010000010011101000110010101010001
0010100010110100110111001000010011101010010000000010100011111000
0010010010001011101101100010100110100011111000010111111010010010
0010001000100010010100001110011101100010011000001100011001110100
0000010000111100101010000010100101111010000100000101001000000100
0010011000100000110100100110001000101010101111000001101010011010
1001110110000111100001001011111001010111000001100000000000010111
0010000100111000010100110000110110100110000001110111001010001001
0100110101011111100111111100110100110100110111011111100010011101
0010001000100001010010000110010111010111000011110010000000001010
0010010010010010100100010110100111110010000101000101101110110000
0010010010000110100000101101001100000011000111000101011000010011
0010011010110010100100101011010011000110001010010101001100000111
0011011101100010100101011011100110100001000011110110000000010000
0010111010010101110100100111011111100000111110111100001000101111
0010100110010100100110101000110001000110010101010111111110010010
0010000011110000110100100000011011011111000110101111001100010101
0010001010111000110110100100001010100011000110011111101010001001
0010001000111110110001101110000110010110011110010110011100011010
0010001110011010100101101001110111010010001001111101010110010101
0010100110010101110101110100000010100101000110110100111010001000
0010100111001100110010001011011001000001010110001101010100000000
0010000101110000100101101101000011100010000101000110001000010101
0010110001010000000000110110011100100100101101110100001110001001
0010110100011111000011110100010100000011011000011111011011001111
0010011111100000110100100110001011101101101111000101100100011000
0010011110000000010010111101001110010010001110100110000000110101
0010000110101001010100100000110100100011100001001101111111110001
0010001101001100010100010100110010001000001010110010001010110110
0010000010110100110001100100001101000111001111001111111000011111
00
0010001011101000111101101011000011100110110111111010101010001011
0010001001000101000100101001000101100100111110010100001000000111
0010001100000011110101101101011011100011001111000100010100010011
0000001000001110001101011111101010110010100101010101101011011111
0010000010111010110100101101000101001101000100001001101010111100
0010100010111110100011001001100110100010000111011101000111010111
0010010110000110100011011000010001101000010111001100110000000100
0010001111010001110001101001000010010010011101010101011110111010
0010100010111010100010100111110011010001011001001101111100000010
0010010101100101110100110000010010010010000010101111110100011101
0010100010110001110110100100011101011010000100001101101100101101
0010000111110101011101111110100000111000111010111100011011000010
0010110000000110100100110111000101001011000101000111111000010111
0010010110001100100100101011100111000000110011010110100110000101
0010001000111101011101110000000011001010000110001111101100011100
0010110000010100000000100100011101100101111011111100001001000111
0010100010010001010010101000010001000010011110100000111011110100
0011000011111001110100100100011001011111000000011111101001011111
0010000000001111110010010100000101101110011010100111101000000011
0010110010000111111010010001101011000010010110100100011110111100
0010001111010101000010000111010110010010001100111110010111111000
0010001101111000110100110000000011000110100011000101010000110000
0010000110101110001001000000111001110010101101100111010110010001
0010101101010110001111000010110001100100010001001101111101000111
0010000010000110110000101110001011100101101110001100111111110101
0011010001111111101101011100101010101101100011001011100010111001
0100001001111101010101101100000011111101110110001110000000010100
0010010000111100001000110100011100100000101111010110001110000111
0011000010100110110001101101001001100110010011001111000010111111
0010000010011100110100010100000111101100000100001101101110001100
0010010101111110100101000111110111101000111111010111001010101010
0010011100010110100100000110000011011000001101000100110110110000
0010011101110110000111000110011001101011110101001100101001110000
0011100010100100111011100001010010001000111100111001000111010111
0011000110111001100100101111001011000101000101001111101000011111
0010100011110001000110001101011001000100011101001101100000010110
0110000000011100010000100101010110100100001111111110001100000111
0010001000000010111100111110011100000110011010001100101000110010
0010010000010110111101001110110110010011010111010100011000000011
0010000111000101011100100110100110011101100000000001011000001001
0010011000011111100110001010010110101100010001100010011101101000
0010000010110000110111101001011011000010001101001101101100101110
0010011001100110000001011001000101100100111111000111110001010111
0010100000001011110001100010010100000110000111000001010001010001
1010101000011111010100000001000110111001000111000100000011010101
0010000000111011110100101001001111001101011111000000100001111011
0000010000111100100100100100101001010111001111011111110000010101
0010011101100111011001111001000000000100111010001101111101010010
0010001101101010010111011000010011101011110010001101111011010010
0010000000010110110101000110000110010101010110000111101010000001
0010000100010011110000001011110110010010000011100000110100000101
0010010110000101100001101010010001101100010011000100110010100011
0010010110000110100011111010001101110110011001000111011010010011
0010011100101010010111011010110001101011100010001101111001010010
0010000000011110010000100100011100100110101111111000001000001010
0010110100011011100001110101110111010110001100011111011110010011
0010000101011000100100011111010011101100100011001011101000100110
0010100010110001110111101001011011000010001100001111000110011100
0010110110000111000000100110010111010010011101000101011110001011
0010001001101100011100101010100010101001110010000111110101010010
0000000011100000001101100011101011101010101110000000001110101011
0010011110000110100101111111110011010000001101110010101111000111
0010000110000110010100001001011111000001111111110110000110100111
0010010110100110000001101011011101100011110010100011100010100111
00
0011010010100100100100101101101101101110000110001111101010110001
0010111011110100011101001000101010101101100000000110010010111010
0110000000111000110000110000110110000111001100001111101000010001
0010100010110001110111101001011011000010001100001111000110011100
0010111000000000000000110011001110101000011110010110101010110110
0010010100000110111101000100110010100000100010010111001111100010
0010111001000010001001011001011101100100001101000111111101010110
0010000000011100110000100100010111100111001101001110001000001111
0010000010000001000000101001010010100000001100001110000110111100
0010100010010000100001100001111101000011110000010100010010110111
0010110000100010001101111001000100100111011101000111111101010110
0010010101001011111110110010100001001010100010100101101011010010
0010010100011111110000111100100100000111000011010011011000001000
0010001011110001100100110100100110001011100110111111101001010101
0010000100010111001000111101110000110011111010011101000110100110
0010000111010010000100110100100011101010100110110000000001000000
0010100101010000010100101010010010000110011100000111101110010001
0010011000011101111100100001001001100110011111010011111101110010
0010010000011000110000100101011100101101101111110110001000001011
0010010110011111010000100000001101001111100001100101000001011101
0011111101111111011111110000100010101011010110111110111100001100
0110000001111000100101110100000011101111111111001110001000101000
0010101101011110000100100001111010100100111110000011110110010101
0010011001010110101100010000110111101110110111100011001011100101
0010000111111101111100111100101010011001110100000111111100011000
0010011111100100100100101110100010110110101100001110011000101011
0110000000101100010000100110011110101101101111010100001000011100
0010010101100110011101001000010010100100010011000000000000111010
0010001111000001010001010010011000010111000010010000110110000100
0010000101000111100111010110000001000100111101001000011000000010
0010110000000011110011100010010100111011000010111100101100101111
0010000001001001000101111100100010010011011100110111011110100001
0100010011110100110100001100001101111111101110001011111010101101
0010000110110110110000101110000011000111010101000111111110110011
0010110110111111110001111100101000010100111110100000010001011011
0011000100110101010111100010010111100101000101101110001110001101
0011011000100010110000100011000110011111001110011100010011100100
0010010100010000000010110000000111100001000001110100011000000010
0111000000111101101000110100111110111001110110101001001000011111
0010010001011011100101100011101101010010011100000111111110010010
0010000000111011111101101010010011100101100101000000010100110000
0010000010001100010010100000011100101000010001000011001100110010
0010001100110011110101111010001010100100111110000100101101000010
0010000010101010110101101100001011100110010011001101000000110111
0011001010100011100101110101000011110001001011001010111001111010
0010011000100110110101101110001011110001011101000100011111110010
0010000011110010010110001011010000000000000011110100010000101110
0010011010110011111100001001000011101100010011101001000110100110
0010010110110010110001111010100001110111101110001110100011011011
0010101110101111110001110101001000100011000101000101001000010000
0010010110111010011010101100010101101110001111011110000000001111
0010101100101111011000110001111111001101101100111111100101100010
0010000101000101011111110010100100100110000101100111100010001100
0010000010011110010000100110000110001101011111000100111100101111
0010010010100010110000101111001111100100110001001100110100111010
0010000010010101110111100101110010110011001110011100011000011101
0010000011001101000010000111010110010010001000111111010110010110
0010001011000110100101111011000010110010011111110111000100010101
0010100111110000010101101000100010100111101101001110111110111101
0010000110101110110001101101001000110101001101000101001000010001
0010100001111011010011101100000010100011111111000100011011111011
0010000000011110010100100110010101100001011111111100111100001011
0010000000010110100000100011100111001011001101010101111100000001
0010010000011010100100100110110111100010010001011111011100000000
0011000111000101010111100000000110100100111101100010100111010111
0110111001100110010000010111110100000000000001000100101110111110
0000000011011000101101110100010101011010110100111111000011110101
0010011010000110110000101111100011000111010111000111111100000000
0011100111000001100100110010100000011010000011000111000111001011
0010110000101011010001110101011001100001111100001100011011010110
0010000010111100000011100100100111011111000100011111001000011101
0010000010111100110100101100010001100001010110011101101100011011
0010011000010000100100101111100011110000001001110100110110010110
0010000101110010010111000110010100110010111111010101001111110000
0010000000111100011100010000010011101101100111110000101000111101
0111000000111100010000100100001101110111100110011100101000011101
0010100010001100001000000000111100100011101101001100011011001111
0010000001110100111100110101101011101000100111110010111010111011
0010000010000010110001101100000101101111000100001111111000011101
0010000000111000110111101100000001100000100110011101111111000011
0010001100001100111110010011000011110001000011101110101111111000
0010000010010101110111100101110010110011001110011100011000011101
0010001000101011001100111000110001001110111010001100001010110011
0010100101000000100001010111001010110000010001010111011010111011
0010010010110011110111101011100011000010001100000111011110010010
0010011010010010111001101101110111111010100111010111101110000000
0010000110110100110001100100111000010101110111001111111000101111
0010000101110000110101101001010001000000010110100111011111111100
0010010101000110000111011001000101100100110011001101101101100010
0010011011111111110111001001010011000001011010000010010111111100
0010001100110101000110001011001101101011001111100111100010110000
0010110110110110110010110111110011010000101101010101111110111011
0010010001000101111111110110110111111101110001110000111111101101
0010110000110100100001101100100001001111100111111111010000011111
0010001001001011100100111111001100010001011100010100110110000100
0010001000101010010101101110001111101101110010000000110101111010
0010000100101010011101100100010001110011011000001011000110010010
0010011011110000010110010101000111100110101111010001100010101001
0110001000001110010000101101001010100100011111010100001101001101
0010001101011100010000000100011111100110100011010000100010111111
0011111011000011001011111100111000110100100101110111111001010111
0010001111001001011011110011000000010101001110010100100110010111
0010010110000110000001101111100011000110110011000110011100001011
0010011000001011111000010110000010101000000101011000000110100100
0010000000011100011110000100010101101111100111001101101000010111
0010000000010111110001101100010000000101001101111110001010011110
0010011000110110100001100100000001101001011101011100101000000101
0000111011111111000111111000110011111001110100000000001100111011
0010110011111001010101100100010011000000101110101101111101101011
0010011101110011100100100010101011010111001101000101000111110001
0000010000101110110001101100010101010010101001001111001000110111
0010001010100010110001011111101010100111011111101110001000011010
0010000001010010000111100000100100001110000101010111010000000011
0010011000010110110101110110010001100010001010110100110101111110
0010000010101010110101101100001011100110010011001101000000110111
0010011000010111110110001010010110101100010001100010001101101010
0010011000111100111100010101110000100110000010101010100000111001
0010010010001010000100011000110101100101001111110101010111010011
0010111011010010110111011010010011100100101110000010000000110011
0011011110100000111000100110001101111101000111010101100000011101
0001110011100101101101000011001101000010001111111100110010000111
0010001111011101011001010101010101011100001100010101100000001100
0010111011000110001011010001011001100000010111000101110000010110
0110001001110100010001001110001111110101010111000111101000011010
0010000100010111110000001001100110110001110111010100101111010101
0010000000011101110000110100000100110110000110011101001000001111
0010000000001100010101110100011110100111110011111100001010001011
0100000000111110010111000000000101101111100010000111101011011100
0010100010101011011000110100100000010111101011000111111010001010
0010010000011110100100110100100001001110110100011111101100010001
0011010010100110101000101011101011111010111100010011001110111011
0010111010100100101111001001100100010001101111100100001000010111
0011011000011111010100111000100110101001010101100001101010100100
0011101011110000111100001100100111100011000110101101101100111000
0010010100010111101000011110100111111010111110000111011011000011
0010101100110011100001011010001011100100100000100000001011000001
0000010000000011100111001100100101010010010011000101011000000110
0010000101011110110000100000010011101101010000001111101000010101
0011010000111100100000100000000111001110001111001011101100101001
0010000101011000100101101100010101011001010110100111011011100001
0010100010110001110111111001010011000010001000011111110110011110
0010100111110110000110100111010111000111010101001111000100000000
0010001101111100110100100000100111000110001111000111001100000101
0010010001110011100111001000001101101110101110100010001111101001
0011001001011010100001100010010111001000111111011101110000011010
0010000110111100110111111001100011000010011100011111011110010010
0010100111111000100100010010000010110100010001010000010111100111
0010000000001010000111101010111010010110010011001010110011111100
0010110100100011110101100110000110001100001110100000010111110010
0010011101110100110110000000100011101110010111000111011010110001
0010011100111110000101101000010011100110110011000110000010111110
0010100010001100101011000000010000101001110001001011010001111101
0011000100001000101000011111011011010100101110101001010100111000
0010001000111110010000101100010111100001101111010110011001011111
0010010000110011110101011110010010001000001101101110000110010100
0010010111100111010000100011010100000111011011010101011000010001
0010101111011000010100011101110100101110001011111000100011001101
0011001011100101101001110001111111010101011001000110000010111011
0010001111000110011101001010000011101101111010000111000011010100
0011010000010011010101110110011101110011001111100101000000001111
0010000101110000110101110101110110101110000011000111101000101101
0010000000101010111100100000000101001001001101001110000000011001
0010010110000100010010100001101101001100010101000101101110000111
0011001100111010001101000011110011101000110011100001010101000001
0010010010010110011110111110110101110100011001110110000010001111
0111101010100110100001001100010101001010010101011110101001100100
0110010001111000010110010000000110101110000110001111101111010001
0010101111011111111010000101110110011110011000101101001110101001
0110001000100010110101101110001010100101111110001100101101111010
0000111010100111000111110011111000111000000100001000001100011011
0010010000101010110111010100001111111110000110001101101001010000
0010100010110100110110101100011111011110000100001111100010011101
0010101100101011000101111100110111011001111000001110100001100010
0010101001110111000111011111011000001010011000100111110111001000
0010010110011110110000101100000001010111010111000110111001010100
0010001100000111010101111011000111000011011011110101010000101010
0010001100111110010101100000011111000111010111001111011110010101
0010011001111100011100110101111001001110010011100111101001111010
0011001101111100010100100101100111101110000111101111010110111101
1101000010111101010011100111111101000111100101000101001000100001
0010011001100010010101101000011011100001111111000100111101111110
0010100010000100110110010110100111111010010000000011101110010101
0010011110100100111100101001100011110010001100101101001111000100
0010000111011101000110001101010101101101011111001001101000100100
0010000100011011110110010000100101101000100110000101100011101010
0010000001000010110101001110001010111101100011001100101101111101
0010001111101110010011001010111011001101110001111111001101101000
0011001010111101100100001101000111010010101111111111001000011101
0011001010110000111100100111001111101101100111010101110000011101
0000010011100000111010000111001101101010010100001010111001011001
0010111010100110100000100001001011110110100110001001110000010001
0010001100110010110101101110101000000011000111100111000110101010
0010010001000011101100010000110010101010000110101000001111010100
0100000110101011010101010000101101001010010010100011111011011000
0010001010100010110111101111011011000000011110001111001111111100
0010010011101110110111010110110111110111011110000111010011101111
0011010010110001111100111110110011011110000101011110011101001111
0011010010110001001011100011110000101010110110011011100110001011
0010000000010111101000101110100101001010010011000111101001001011
0010010101111111111111010110010011001000001010101111000000110011
0010110010001011000100100100110010000101110100000100111011111000
0010000100101110101101111100010110000000011011001111100011010010
0010000000010111111101011010100110110010010111010101001010100110
1111101000011001000010111001000000000001111011000101010000000001
0010111010011000100100000011000010100100010001000101010111101111
0010010010000001100110001001011111000010001101001101100100110110
0010100111111110010101110000110110100110101110001111000110010001
0011100010111001101100001101000110100111101111001101111000001101
0010010100111110010111001010100011101010110011000111011011010010
0010011011010111001101001011101000110100100111110101011101101001
0010000010000010110001101100000101101111000100001111111000011101
0011001000111000101000100000101110010111000111011111010000001101
0101000010111100110000100100001101011111000100001111101000011101
0011001000110010100101101110011011100101010011001000000001011111
0010111110010110000111111111110011010010010101110111011110000011
0000010100101101011011001010010111100000000011000010111011110011
0010111000011100010100010100011110100101111111111000100000011111
0010011101011010000001101010000011010111110001100111010110110000
0010011000100010100101000000100100010110001111000101101100010110
0010101000001001001000001110010111110011001100011000010011000011
0010000101111100010110101100010011001101010101000111001110010100
0010000010100010100111110111010011100100000010101001100000100011
0010111000010001110111100100101001001110000111110111110110110100
0011111010000101111111010110100111101011011000100000010011010101
0010010011000011100100011100100011111110100110110111101010100011
0010001111010010010101001000010000101001110101111010000111110000
0010000000101010010001100100001001010110000110000001101010111100
1000110011000101100000000110001001100010000010110100110010100101
0010001001100011010111000100010001000101111110000011001011001110
0010010001010101001100010000100110101110111110000111000011000001
0010010110010000000011001010001111100111010001000100001010101110
0010001101110001010111100010110000000111000111101111011110010001
0010000000001000011000101011101010001001001101111101000110001111
0011111010010101110110000110011100101111111010010000110010001111
0000000001010001101111010100100101111010100110000001001000100000
0101000100111011110001101011000111000101011111000111001001001110
0010010110100010100100101110100101000010000111000111111000010001
0010100111010101000110100010110101000110000111100111011010010010
0010010000011011100110101010010011010011000111010111111100001011
0010001111110110010110001011100011100001010111000110010100000011
0010111110001010011100100010100111110011100010001111010111110110
0010010100000110100100111001001010010010101110001111111000111001
0010010010001011110010110011100101011010000011010001111110010011
0010100011101100010100010100110111101010011100000111101100100101
0010010010010101100000001110110111110010010000111011011010100011
0010001101110101100010101110100110101011000111100111010010111101
0010011010100011100111110010010101100011010000100101101001111010
0010000000011110111101001100110100010010010111010101001000000000
0010000010111110110100111101100011000010011100011111011110011111
0010000100100110010001011000000101110110011011001001011001010100
0010010010101001001001110001001101111111010100110111100101100100
0010100001000111110101011001111110101111010111010101001111001011
0010011100010100111010011100100001000000011111011010110110011111
0010001101100000100001110000000000100001101110001111101101010000
0011000100111010111100011001100011110010100001111100101110100111
0010011100000110000001011001001101100100110011001101111101010010
0100000000110010100011101110100100100010110111010101101010010010
0010011110001100110110011110100111111111111011000111001110001000
0010011110100010100000101010101001001010001101010111011110010010
0010001000011110001100110001110010100010010011110010010101100001
0010011100111100010011000111000011001100110101001011011010100001
0010000110110100110110001101000011100100010101001111101010111100
0010010000110010110011101001010001000010011101111100000100001111
0010001100001111110011001110011101000010000101000010000010000000
0101110100100001010110011101100100111001101110101110100111100011
0010110010010011110100101110111000000010001100100111001110100011
0010011110010110111111100101000001111000000110110110001110011010
0010011111010100010010000110100001000110011101010111011011011011
0010110001010110011101000010100011101110001100011101000010001111
0010011101111000100100100001100010000110001111000111010110010001
0010110000101011110100110001010010100110011001000011110000010011
0010100100000010110010110010001011100001100110010001110000111101
0010010101110111100100010111100101100010011101001111011010000110
0000010110000110100011101000100011101010011010011111111010110100
0010100011000110011011001000010110100101101000000010100011110111
0010100101110000010101001001100100100111111111111111101110000001
0010100110010110001000100001100010110011101101010010001110010001
0010010011011010110110011111010011100101100011001010010100111100
0100000101101000110110000100000110111100000000001100101000001100
0111000000011100010000100100011101100111001100111110101000001111
0010011010100010110101101110001011100101101110000101100101011010
0010000110010010100010101010101111010110101111100011111110001011
0010010000110000100100110000100111011110001101000111101000101001
0010011010100110110101101110101010010101011110010111011110110010
0011100001001001001111000101110110000101000101001011100111100001
0010011000100110010001111000001010100101110011001100101101110010
0010011000101100000001111001001000000111000110001111110000010101
0011100010000011010101101000010001100011011100001110101010011111
0010011010011010110000111101010000010111010000011001011101000110
0000010000111110110110011000110101010110100110001111101000000001
0010011010010000101100011111001011100101100011001001100010001110
0010011010011111111100101110111011000000110110000000001100111010
0010111100100010010000111011000001100011111010100011110110110100
0010001000100011100101111001001011100110001010001111000010011100
0010001101111101101100011000000010001000111111100101111000010000
0010001001110101101100101011100111000011101110000000000010001011
0010011000011111010111001000011110101101111001110010001100101110
0010000100001100111111001100110010101100110011111110001101001101
0010010110011000101100111111110011100110000011010011010100010001
0010001000110000111000101111010010110010111100001101000111111010
0000000000000010101101011000110100010010110100110101000011100100
0010000001000111100001010011000101100111001100010011101010010000
0010010100110011100101101110100111000010010111000101010011001011
0010011101110010110000011010100011000110100000011111100110011011
0010101000100010110000100111001011110001101000010100000001001101
0010011100111100101100110110100110110010101111010011110010111001
0000000110000111101011111100110110001000111101100100101111011101
0010001100010111001010111001010010110001111010011101100110000111
0010001010110100110000101111110110110001101111011101010001001101
0010001100111010100100000110000010100110111000001111110100011110
0010001100101010111100110000010010101100100011001100101010000110
0111001000100110110000001111000110101101011101000101111001011111
0010011000111110110100100110110000100100011010110110101000011100
0010001001010110100011011000100011011010000111011111101010000111
0110011001100110100000101110000011001001001000000001110100010110
0010001010010000011110110001011000100111101111000001101111000001
0011101100001000111110111101110011001100110111111100111010000110
0010001100011100010011010000010011100101111001001110001110000001
0010011100011111110101101011000110011110011001100010011101101010
0010100001101111100100000001000110001000000101101101100001000100
0010000100111010000000101001100110001111000101110011010110010011
0010001000011101001001111000100100000011101111010101011000001111
0010111000011111100110001010010111101100010001100010001101000000
0011000100100000110000101000001111001101001000111100100000111101
0010111001100011010011000010111001010111010010110011011111000100
0010110110010000100000111101110011010010011101010111011110110011
0010000010101001110111100010011100100011111100100000010101010011
0010000110100110010111101011101011100100111111000001111100110110
0010001101111110010111001000010011101101110011000010000011111100
0010000100000001101100001110100000001110001011010111111000000100
0010100110011100000110000110000111101011011101011101011000111101
0010010011000011100001111001111011000010001101000111101111010110
0010011110101010111111000010001100000101101110001001110101110100
0010101100111100110001000000011110000111100110001111001110011101
0010001101111101011110011010100011101001111110000111100111110010
0010011010101010010011100110110010100100011110111010001111110100
0011111110001100001110101011110101000000110011000100101000000101
0010000000011111110011110100010111100110011110011101001000001010
0010101111100001100001001000110010010011000000101011011110010110
0010001000111010101001110100100001101010010001000101110010011100
0010011010011111110011110101011001001010000110101101001011010101
0010010111100000101100000110000110011101001101010001101000000001
0010000010010101100101101001000011000010011100011111001100000111
0010000000000100000001100001110101100110110111000101001000101010
0010010010100100100000111111100010010000001000010100111010010010
0010010101111001110010100100101101000110001100001011111010011101
0010010100101011100101111010100100011010110111000101111000001011
0010001110101110110101011110100010010100011110010100101111010010
0010011000001011001001111010100111100000000111010110111111010110
0010000000001110011111010100011100111010000110000111111010100001
0010000110110110010000000001011111101110100101000110100100011000
0010100110110110110010101011101011010010011100010111010110010000
0010001100111010000110001000110011101100100111000110101100110011
0110001101100111100101101110100011100100010010011100100100010010
0010110101101100101001110000100111101100101001111111110011100111
0010110010110001100111101001011011000000001100001111011100011101
0010110010010011110110100010010011000010001100001010100110011100
0010001101111110010111010111110001000111111111001111101001010111
0010010010010000001000110011101100011000010101001101100010000000
0010010000101011101111010011111101100010000001100111101101111100
0011001110000110010101100010000111100100010101100101000000101101
0000000001010000101101101100110100010010000101110101001110000100
0010010100011011100010110110010010001000011101001101001110000110
0010011100100100000100101001100100001111011111010110000100000000
0010000110111011110000000100010011011001001100001011100100011111
0000010001100011001111010001100100101110100110000101101001010010
0010000111111101100101011101101010010011110001001010011110111000
0010011000011111110110001010010110101100010001100010001101101000
0011100011101101011000000011011100101111111011011100101110000000
0010001111011000010111100101000111101010101111110011110100000010
0010100110101001010000001111000011000111000111010010101000001000
0010000000100010111111011100110100000000011110000101101011110010
0010001100001000000010000011010011101000000111001101001000110100
0010011000100010001001111110001111111011001001000011110101001001
0010000101110010010101110000010010110101001000001110001001100101
0010101010101000011101001100101011101111011011101110011000101111
0011011010101111000100101101010011011101011111000111100000011101
0010001110101100111010110000110101011110010110001101001010010011
0010100110001010100101010101100100010010010111011111011010000000
0010001101110110110011001100010010101101010011011110101011101011
0010100100010000101001011100110110011010010111010111001100100100
0010100010110001110111101001011011000010001100001111000100111110
0010001011000010011101000110111010100100010110100110101101110100
0011000101000011100110110111100011000110001101110111101010011011
0010001000011100010000101100010110100100100011111100001101001011
0010010111001111011001010000010101001101000010010011101001010100
0010001111000010110000111000110111100100000011000001100011011100
0010100111111010010000010101011111101111010111101010001111101101
0010100000011111010110100100110110100100101001000100000000001100
0010000011000101111111101000000011000010001100001111001010011100
0010010000011011110111110100100101001110000110000111111000000011
0100000010110110110000100101000001010110000001011111100010011011
0010110101011011111100110010010100010100111000001101100110010001
0010001100011111001001110110010001000000011001011111111110000011
0010010000001100010000100100000000100010011011111110011010010111
0010000000011000100000100110011111100101001001101100101000001111
0010001110011100010100000000011101100101101011010100010001101111
0011011000000010100000101011000011000101001001001001000100001110
0010111001010110001001111101110111010011001110111000100111010110
0010101110101011000000100101110111110010001000111101111010000111
0010111000010011100001011010011111100100000001100010001101000000
0010111011011110111110010101011011101100110111110000110001011100
0010101101110001010111100010011001000111000111000101010010110111
0010011000001011111111011010010110101100010001100010011101111000
0010010010001111101001110101000010110000000101001001111111011101
0010001111010111010011001001000110010010010101001111011010100010
0110000000111100010000100100011100000111000111101100001000001101
0010101010110001110111100011111010010010001100000010000100110001
0010011110000000101110110111101001101101101111010001100011011110
0011010101101011010000111100000110100001111100100011010111001110
0010001000001110100101111100000111100100111110011110001110000100
0010010011010100100010100110110001010000100111100101101110010001
0100100011111101110111001000110011100100110101011111100110011110
0010011101010111110110011010110110100100010001000111001101001000
0010001101100110110101101000010110110011111111011111100101010011
0010110011011110111010010101011001111110110110111111111000111101
0010001100110010110100100110100011000100001111001110100110101000
0011000000111000111000101101010110011011101100110111110110000101
1000011010000100100011010001101011001001010110001111100010111110
0010011010010010100000100111100111011110011101010011001101100000
0010011000100010011101101110011110100100011110000100101001111010
0011010111111101100110101100100111011101010101001101001000010110
0010010010111011111000001101100101100111000100001010000010011111
0010000111100100000001101100011111110111110110011101000110101011
0011101100010111111101100100110011000011011001010111010111001010
0010001101001001100010100100011000000010111000101000101011100110
