0010001000000111111110011001010011010110010101011011011100101101
0010111010000111110101010100010111010011011100011111110000111001
0010010011110100111001001111110100001001111011011011101101001111
0010000001010011000011011000110011001101110111110011011010110111
0010100001001011111010111001010100101011111001010011100010111110
0010011001110011011111110010110111001010111110101011111100000100
0010100001011000010111001000110111101110000011010011100110111100
0011000001010001111110110011010000101110011011110001100000110101
0010000001010011111010110011010000101110011011111001100010110100
0010110010100101110111101000011111000010001000000101110100110100
0011000001010011101010110001100100101010000001010001001000111110
0010001101111100100110001010111011110111001000110011110000000111
0010110001000010111010110111110101100010001000000000110010111010
0011010011110100111010110011010011101100011011001000110010100101
0010011111101101000010010111010011001010001000000100101011100111
0011010001010100101000010011010100101110111011110100111101000111
0010100110011000101001010000110001001101011001110010011110100101
0010101010111101010111101001011011000010101000100101100110111111
0010010000000011001100010111111110111010000010000000110110000001
0011010111101111101111100110001001101100001001001011001011000000
0010110110011100001111101010110011100101100001000010101110101011
0010000001001111111010111101110110011000011101101000001010000101
0011110101101101111011101010011010000011011011110000101111000001
0010111100111110010111110111110011011011110000000110110001111000
0010111011111011110111001001011101100011110000010000000000010100
0011001001011011001000110111010111110010011010111010011000101110
0010011000010110011011000011111101010111101110001000010010100100
0010111001011000110110111111110111100001000100011001110110100000
0010011011111010001010110001000011011101011100111000110010010101
0001011011100010011111011111111000101011100111000000101111000101
0010010011111000101100110001010011100001000110000000100000100011
0010010101111100111110011100000011100101000001010011000011000100
0010110000001011001000111001100011100011101001101100001111001000
0000100111100101100010000111100100100100111000101010111010101010
0010010001111111111110111010110001101001001010001010110000101110
0011001101111110111110011001000111101100001011000011111010000100
0011110000110001100110110011010111101000001101000101111000101010
0011000000101111100001110011001110001100001011000010001000101011
0010010101011010110010000001000101100000111000000000100000000111
0010010111111000011101110001110010100011011011000001000010100111
0010101001001111111110011111111111001000101111100100011110100101
0010101000010101011110011010101010011000111000110101011010110110
0010110001111101111010110001010011000110101011011001001000110101
0010001101011000001101111001110110100110000010011101101110110011
0010010001110101111010110011010001101000011010001010100110101110
0010001000100100111100001100010001000110101100000110010000111101
0011010001010001011010010011111001001100101001100001011100000101
1100111000100111001001110000001100001101011100010000110111000110
0110010111111110011011010101100111110100001010011011111010100111
0010101011001101100010010010101111110110101010001011110011100010
0100101011001101100011010000101111010000001100000101111000011000
0110000111101100110011010111101111101101011011011011110111100110
0010100001000000011001001011011101000001000101101101000100011111
0010101110001001110011010011101111011100001010010101110010000000
0110010000101100001000010001101110100111101001011000000110100001
0010001101001001000010010011101011011000101010010111011011000111
0110011000101101000101010001001110000111110011110000000110100001
0010110000001011001000111001100011100011101001101100001111001000
0000111011111001110000010000101110001000101111000100110011100101
0000100011001101100010000100000010101000001100000001111011000111
0000110101110111111000110111010101011100101011011101100010101110
0010000111011001111001100110001111001000110010011101100010011011
0010011000011000111110110101111011101000010011110001000110110010
0011000110100010000011110011000001100001000001000110001111110001
0001001001011100101010001110101011110110011100110010110001111110
1111110101001101100010001101110101110110100010111100110110000011
0010000010001011100110111000010101110110011000000101110000101100
0010111010100000110001101000011011001010001000110111110000100010
0010011010000010111110001011010010101010100010110010111111110101
0010001101111000010111010000110010101100110011010101101110100001
0010000000000101001111100111000101101011101001000110010110011010
0010110111000100000110110110000000010110101011110010110000111110
0010100110110001100101101000110111100110101100111111000110010101
0010000001110001111001100011011011101110101111111011010000111010
0010001010011111110111101000010111111100101100101001011100101001
0010101000001000111000010011101111111011101110000100011100101101
0010001101111010011101111010010011001100110101001010000010011010
0010000101101011010110010100111100010010000010111101101111110010
0010111110110100111011000100101001101000001110111110110100110101
0010001101111000011101010001110010100110000011100011101010110001
0010011000010111111111110100000010101010010111010111001100101110
0010100001111100000100110001110000100110100011110011101100101011
0010100110110001100010010101010101001000011000000110001010010010
0100010001101011010100000010010001101010110011001000100011110110
0010001100011001111010010001101001101100000011010010111110101011
0001000001110111000010001000010010010111100011000100000000110110
0011011000011100111100110110011111100110000111010010101101100011
0010010101001011111011010010000001100100001011001110101000011110
0010001101110101000001011010110010101101110111000110010011001001
0010001000100010011001001100001011100101111010001110101101111010
0010001100011000111010100100101000011000011110010110101111010000
0010010000100001010001100011111101000011101100001001001110101011
0010001100011000111010100100101000011000011110010110101111010000
0011100110011111111101111110111111001011011010111001000111111111
0010001100000111010001110100100101100011011000110011111000101110
0010100110101011000010110001111111101100001010011110111100101100
0011010111001011010110010111101001111100010100010010011110111001
0010001000000010010010101010111001101100001010100011010011110110
0010001100001001010010010011100001000100001011000111100001100010
0011010010001001001100100011011111111010000010001010110111011011
0011011000101011100000100011100111011001001110011000010111111001
0011101100100110111001111001010000100100110111000001010100101010
0010010000011000000110100011001010000011001011011110100000101100
0011111010100000011011100101001000101010010110111000110010101110
0010100011000111111101100110000111110110011000011011000010111101
0010001000101110001111100101010001001000110111001001101110110111
0010001010011100111011011101001001011010010110110000101000100101
0010010100111000110000110100000011100101100010011000000010011110
0010011000101010011111010100110101111101001010000011100010101000
0010000000001011111010011001100111010110101011110011100011001001
0010001111111011001001110000000010000010010011000111001001101010
0010001110101110110011001000010011100000110011000101101001110111
0010010111011101001110110110010001100010010001010111111011001000
0010111000100101111010010101111111000100101010100011110010010011
0000000111011100110100000100000011100111000100011101000000101100
0010001111101111011010000011000001010001000010010110010010110011
0010000101100110011111011101010111011101010001000110110000110101
0010001011011011010100110111111011001000011111011110010111010110
0010011001111101001100111010100010001010111111001111100000000010
0010011000000011110011010111111101100111011111111010110100101110
0010001101111110010111011000010011101101111011001111111111001100
0011001110111011010000000011011111010100101010000101010110011111
0010011110010110001011011100110100011001011111000100100100100010
0010000100000100110100110001010101001001001000010000110000110111
0010101110111010101101101000010000000100100010011000101111001100
0010011111100101100010101111110011000000011100100100110010110010
0010101000111001011010011001100111101100001000110001100101001100
0011010011110100111110110010000001101100001011001011111000101001
0010100000011110111010111110010001000100111010011101011000011110
0010011100111110101010111100011011000100011110001100110000100011
0010011000111011110101000000000011101010110010000010110101101111
0010101100011010111110010001110111001110000010100010010001111001
0010011000000111111000011010010001001100000011110101110010001110
0010111010010110111100110000011010001001000010100110100010001111
0010010000010001100000110000000011001110001110011011111000111101
0011101010010000101010110101011001000110100111110011000100100010
0010000110001001101110110100010101010010010001110001101110100000
0010011000000000111110110111000001001001111100110000100111111110
0010110100100110001000111101100101101100101010101010001111110000
0010000110001111100000110001110101011010011010001111110000111100
0010111011111100111111010110000010110111101100001111101011011010
0010011100111011101111011001110111010100001010100011010001110101
0010000101011100110010011001000111100110010010000010000000100101
0011001010101001111110011101010110100000010011110100111100011100
0010001001111100011100000011010001101000110111000110100010111001
0010100111010010010110101001010001000110010001001100010010011001
0010110011000100111010100100011001101000010000010000000000010010
0010000101001001011110010001100101000100001011110011111010001010
0011001011101101011011111011011010101000011010010111110000101100
0010000101110000111111111001010011100101001001001011001010111100
0010011101111110111110110001110011100111000011010001110000110000
0010010100100110011100111110110101101101111010101000001111100100
0010001101111111111110010000010011101011010011110000110110101101
0010001011011100011010000101001001101000010111010000111010110111
0010011000000000111011011101100011001010100000011101010011110001
0010110001101011011111011000100111101000111101011010111011001010
0010000101111001011110110110010101001010010011001001011010001101
0010010011010110011000010011100100000100100011001001011111100111
0010011000111100011000111010100010101010111110100011001011111001
0010010000010011100110011010010100101100100111100110101001101000
0010001000011010101011111111110011010000010100111001010111011011
0010001101111100111110010010100011001100100010001000011011000001
0010110101111000011110100001110111101100001001011111011111011010
0011001000001101010111101101011010001000011100010100110001001100
0011010001110011111111101011010011001100010011000111010000101111
0010010001111011010010110001100011000110111100010000000011110010
0010001010000101011010111010110111100010111000001100010011001101
0010111010011110111110111101100000000100000110110010010100111010
0010000001111000110100110001110011100110001111001111100110111001
0010011011110100111110110110010001101100010011000011100001101110
0001110011001010101111111000100000110000111101110111111100000011
0010111100010101110110110001000011101000011011001011110000011111
0010011001111100100100110001100110101110000011110111101000100001
0010001010001100110011111001000011011010001000000011011010110100
0010100100110001110010001001110111000010101111011100111001110110
0010111010010001110011000001001110101010010110110010011100100110
0010000101010100111110111000110111101000001010001001011010010011
0100010010101110000000001010000010111011100001100100110011101011
0010010000010101111011110110010000000000110111110011111110010010
0010000100011010101101001001110111000010001010000111010111011101
0010000000100101101010010011010001011010000001100110001010101111
0010010011101100110111001101001101000001000100001110100110001110
0010101000110011110110101000001011000010001110100000000110011100
0010001101111100011110010000110011101110011011010010101110111001
0110000101111101010100010100111110001000011010001010001110011001
0010001111110101111101111001100000011000110100001100111011001111
0010010100111011110010111010110100010110110111110011011110101110
0010010010000101100010111011010001101100011010101110010001101101
0010100000011101110010110101001101110110010100010111100110100010
0010100011111000010011011100010011100000110101011001111100010100
0010011000111001110110001000011010000010011101011001111010110010
0010010100101110111110010011011101101001011010110000010001101111
0000010010001110011111110110001100010011101000101111000001010001
0010010100010110011111110100111101111111010010101000011110111100
0010111101110100010010001001000110010101000011100010100011000001
0011110011110100110000000000100111101110101111011101110000100100
0010000101111100011000111111100011000001111110001111111101000011
0011000000111011100011101111010001101010010001001111000010011110
0010101101010011010110011000111111010110001110101110010111000100
0010001110111011011000011000011001110000000010100011011011110100
0010001101111101011100111010100010001000111110000101111101000010
0010001101111110010111001000010011101101110011000010000011111100
0010011000010100101110010011010101001000101000110010111110111101
0010111000010110100100101010000011001000011011011011100111000010
0011011000001000011010010011101111000111100101100100101100010000
0010000010000100111010010101011000101010010011111001111110100000
0010100110001001011010111100101100101110001100010100101000010000
0010010000111010101100100001101110000010000010100101000110100101
0010011000101001001101111100110110001010011011100001101011101110
0010011001010010010001001000011000000100000101010111101101011000
0010011011101010010101011001000111100110110110010110100100000010
0010001100000110110101001100000001000100010010001010010010001100
0010010010110101111110110101010011000010001000001111110010101011
0010001001011110000101001010100011100100110111011111010100100101
0010100010010100111010010010011001001000010011111011001110110100
0010001101111011110010110001010011001001010111111100010101101101
0010001000110100010111110100001010101000010010110100110110100101
0010010101111100110011001100010011100011001011010010101011100100
0010011000100010110100001110001101001111101111000110110000101011
0010011110001110100110000100010001110100100110010110110110111011
0010001101111110011110011000010011100101001011010010000001101100
1110110010000110100011101010000011000010011001111001101111011100
0010011111011111011111111000111001100010000010110110110011110010
0010010011110111111100110010110100001101111111001010011111100001
0010011000111000110110110000010101100110001111011001010000001010
0010011000001011000010001010000110101100010011100111100101100000
0010011001011110110110001000010110101100010001000010001101101100
0010101011001100001001110001110100010000101001100000101110101011
0010010000011000110111010011010101101010110010110101111000110110
0010110010001100111010010001011001000000001000101011010010111111
0000000000010110010110000110001010010001101111110100101101100010
0010110100000010000010010010100010001001111101100011101101011101
0010011010001000011010011100100100101010111001010101111110000100
0010011011011000000100011001111011001100010010111101111011111000
0010100010000101100011100010011101100011111101101011010010101110
0010001000010110111010010011010011100110010010010000110100101100
0010001100110010001111010000110000001100011111100000100100011010
0010001101111010001111011001110000000100000110100000100101000010
0010001001111100000100010001110110101110100111110001110000101010
0010011000011111110111001010001110101111010101100010001111101101
0010011001000111110011110100101001101111010101101101011000110110
0010100101001011010010001001101101000110100010110111101011101010
0011010111110010010110111110001000011001101101000100101000110001
1001100111110010100101010010000011110110101000101111101110100001
0010001101111000010011000010000111101001001011010011010010101111
0100000101111100011111110000110011100100101010010111101010011001
0011010111000111010111110011011100100111010011001000001011100011
0011011000000000100011101111100000001111101111000111110000111010
0010010101110000011010100011110010101100110001000001110111000000
0011011000000000100011101111100000001111101111000111110000111010
0010011001110010100100010010110001100110001011000011100000100011
0010011010001001110010000011001111001110011010110110000101111110
0111010111011111010101000001001100010111100101001001010011100111
0010001101111100001110110001110000101110011010111001111110001110
0010011011101001011010110010000100101101011001011110111100101111
0010011011001010110101011000010011101100010101011011011101100000
0010010001101111010001101001010111010101001010010001111000000100
0010000111001111110010011001111010000001101010010001111000001111
0010000100000010111011110100001101001000010111110100100001110000
0010011001011110010111001000010111101100010001000010001101111100
1000101011000011101000011000110111011100011000011001000010110100
0010010000001000110111011001010011001000001110000101001000011110
0011010000010111000101110110001011101110001110000110000001111010
0010000100110000110101100011001000010011100100000111110110110110
0010011011000100000110101011011101100110111111001100111110011100
0000010001011100111010111100000111101100111000001011111001100101
0010001101111000110110111000110110100111000111100111011111001100
0011001000001111001110100110110000100000010001001011111100001011
0010000101111100011010001001010111111101101011001010000010000100
0010100000000101100010010010111101011110101100110011110101001110
0010000111100010000010010011110001010011010011010011101111000011
0010110000100001010000010110000110000001101011000000010011000110
0010011001001000001010110101000100010001011100000110111111100001
0010100000000010111100111011010011100010011001101100101001000011
0010001100010000111010010011000110101010110100010110110111001000
0010101110111001011100110000110001101000010011110010110010100011
0110011010000100111111010100000011100000010010110110100011011101
0010101010010100111010010100101001011000010110110100110001110111
0010010010110000110010110011110001000100010011001011110111010100
0010101011100011011100111010001011100001001011110000010011101010
0010010011001000001001011110010011101011000100101111011010010001
0010001100011100001110000010010001010000100001001101111100100011
0010000110011101101010110111001001011110100010011000110111000110
0010000101011010010111000000110111100101110010101010100110111100
0010011000110100111100000001010001001100010110001010110100110111
0010011010101001110110011010011011000100010001001100100101101001
0010011000111011110110110000110110001100100010000111101111011011
0010101000011000100010001000111111000111010010100110000011111111
0010010011010110011101101100101101111011111110100010011100010000
0011011011010110111000110111010101101110001111100000111001101111
0010111100100000100010010001010111101100001001100100101101001010
0010010101000110110110011000010111111100000011100110100010001100
0010100000011010010001011000110011101100101000010100110011011010
0010110010101001111111110010010110000001010111111110110101100011
0000000000001100110010000111100101000001010101110110111001101101
0010101101011101011001011000100011001011110011111000101010001111
0010100001011000110110001100100111101010100010000010000101010010
0010101001011100001101011001011111001100100100101001000000100111
0010101010010011111010010000100101010000110110110011100111011011
0010100001010001100111101000111011101010101111000101110110101111
0010001101101000011000110001100010101100010010100000111000110110
0010011010101010010110010110000001100011001110100001111010110100
0010010011001010110100010000001111101100001011100011101010111100
0010110000001111000000101010000011010000001010010110000100110101
0010000010010011110111110001111101000100000010110110110010111110
0011100110100101100011001011010000000111101001010001010110101100
0010000101111000010100000111010110101110010011100010110001011010
0010111001110100110110010000101001101110000111100111110000110100
0010001101111101010111000000111010000111000011101011000010000100
0010111001010111111110011000010011000100011110110010010100001100
0010110110011111001011101100010100010110010101010011011111001110
0100000001010100110001110011010101110101011001100111001011001110
00
0010010000010001110001001011011010001010010101000101110111101010
0010010011101010011111001101000100111111110100100010111111011010
0010101001001011010111000100111111001010000011011111001000000110
0010010100001100111000011111000111100100100000111111110011011111
0010010001001100000001011000100101101100001110101010101010101000
0010000001000011100111010001101100000010000011011001101000101010
0010110010011100100010110100000011100100100010011110010000101011
0010110010101101001011110001110111000100101001000101111010101100
0010111001101010111110011000100111101111101000010011110011100111
0010010100000010100001001001101100001001001111100001110100110111
0010001111011100110010010101010111101100001010110011001001100101
0010011111010111011111001100000011011101101011000101010011110001
0010111100100010101000010101111111101100011000100100100000110100
0010010101110000110010011010000111010001101010000100001100000101
0010101000001010110000010001110101010011101000100000000101111100
0010111010100110000101111110111100011100011110101001100110000111
1111101011011000111000100100011110110110101100011011001001100010
0010000100101010001110110011100001000101000010100110001111111001
0010001111110001110001010111001010010011110110101100011110101100
0010011100010010001110010110100011100010000001000011011111001000
0011010010010100111010110011010001101000010010101010111000111111
0010110101111101011010110111010111100100011000001011110001101110
0010010101110011100101000101110010000001101110111010000001011000
0010000000111111110111100100010011000010001100001101100100110010
0010011000001010110000001010010110100100000001000110101101011100
1010001000011011110010110110000010001100010011100000001111100000
0010011000101110001101100010010101001001111111001101110001010111
0010011001000011101100010000001001101100101010000011110001100110
0010011000010111101000011110101100111010110110010001111111111101
0010001100101011110101011001011110100101010001100010001101111000
0010001000111001111100110000101010011001111010110001110100100000
0010011000001111010101100010001010001111100110010100111111111111
0010101010110000011000111101000011100010010010100011111010101101
0010100000011000001101000000000101110001100011001101010100110001
0010011000010111111010011010010101101100010001100010001111101100
0010010100100110101010011001010101100100011001100011111101001010
0010011000011110010010001000010111101100010001100010111101101100
0010001000100110001101001000110101001101011011001000001010111100
0010011000000110100101011001011111100100010001100101101101110100
0010011110100111100000010001000110011010000010101100110010101011
0010001101001100101101100011010000011000100001101111010110110111
0010010011011100111100110010010001101000110011000010110000111011
0010101111111011111101010100111111101110000111110101001110100010
0010100001011110110111001000010001101100110001000011000111111011
0010000101110101111100010011110111000111011110100101111010100110
0010100110101101010100111000111111011111100100100101111010101100
0010000000010100101001001100000011011100100110100011110010100110
0010000000010100101001001100000011011100100110100011110010100110
0010100110101101010100111000111111011111100100100101111010101100
0010101110010000010101011000100111111011110010101111110100110001
0010101000101101011110110011001011001010110110110100110110101111
0010101111110100111100011001000001101000100010011110110000011000
0011011000101100011000110111100100100001000000101011101010001111
0010001101011001010101111001101110001010010111100010111000000011
0111111011011111001111111100110100010100110111001111001000111011
0011000100100111001000011011111001010001001000010010111110100101
0010011000111011111010001001010111010100000000001001010110101111
0110010101001110110010101101100111110110101011111011100011110101
0100010011010111000110010011100101110110101011011001100000100111
0011010010101011001111000011111000101010010110011011100111001001
0010011010001111111010110111110001000011111111101010110001101100
0010011001111010100011000000111001010101000101101000110111011001
1010011100010101101010010110000011000110110100001000110010111101
0010000010011011010111001001010110000101110001100111001101111000
0010001101110100111110000011111001110001010011011010110110100001
0010010100111011100000010000000101010111110111000001101000101000
0010011110000100101000101110110110111010111110010000111100001010
0010001111110101011101111110100010000100001000101110000010000011
0010011001011111110001011001010110100100010101100110001101101010
0000000010011000110111001101011000000010001100010111010010010110
0000011000100110101000011100110101011101011000011000100010100100
0010011000000111110001111010001111111000110001100101010101101001
0010011100111000111110110111110101111110000010100011111110100110
0010110010000011111111001001001101011110000000011011011000011110
0111000111010010011101111111010000010110101000110010010000000111
0010101001010001010100110010000010101110100100000111111010101110
0010101100111100111000010001110010110110001011111110010000100001
0010011000110100010111110001010001001000010111001111100001100010
0010010111111110000111010101000001110111110011000011100001101001
0011001110010001110110010111010111001100110101100101100100110000
0010101111011110010110001100010001101100010101000010000101111111
0010011010010111011110100110101101101000010011010010110110100001
0010001001110101011110010011001000101010010110010110101100101000
0010100100111011110110010001101011110110001010011010110010100111
0010000111000111010110010001110110000001010111101001101111110000
0010101000010001101010010001001011101100100010111110111011111111
0010100100101100010101011001000010011000110100111110101110100100
0000000000010110010010000110001010010001111111110100101101100001
0010110010011011010000000110100110001011001011110011000001110110
0010011110001010010010101001010011001000100000110110110010111010
0010011111111100010100110101110010101110011111110000000100110010
0010100010011100111011001111010101101001000000011000011011110101
00
0010110000000010101110010011000101101110100100100110101001010111
0010100010001110010110010001001011011010010010010000111011110101
0010001000101111111100111111100001000011100000010100011001001100
0010011000110010100101011110001011100101000011000000101111101010
0010011010000001011010010110000001101000011010110010010101100100
0010001101111100110111010000100011111101010000001010101000000101
0010000010001001011101010100110100000010100100001101111011011010
0010001000011111111110111111100100001011100000100000011001001000
0010010010111001110111000000110011101110001100001111000110001100
0010010101011011010001010011001001001011010101100111010010101011
0010111111110100111110010000000111100000000111110111101110101001
0010000010001001111010001010100000011010111001000010011101011111
0010000100110100101101100000110100010010010100010001001100101001
0010000100101000111000111010001001000010010111001001110100100001
0010010011101111000111101111010011100110110110011011100010101001
0010100110111011000101101001110110110100000000001101100010110100
0010000100001111110010010001010111010110111010111111010110110110
0011111110101001111000001110010010011001101111110111000111111011
0010001001110110001001101111111101001001011011010100110100001110
0010011111111101011010010111010000111010001010111010000001101111
0010001010101011010101010000000011001101110010001110101000101011
0010010001100110100101000110100100101110101111001111011001100011
0011000111111111101110011011010001100100110001110101111000111111
0010111110100110110010010010000111101001110001101100110001100101
0010111010110011111010011001010000101101011110101110000110011000
0010011011101100001100111110100000000110001101101110100010000111
0010010101000111111001101101111110010111010010110001111000000100
0010100010001111001110000000111101100100010011010111101101001010
0010100010100110001100111110010001100011001010111010001011101110
0010010101010111101000101001110111010101001011010101101000000100
0011010011011000111100100101011011101110100101011000001111000011
0010011000011001101100111001011110010001110001000110110001011011
0010111001010100111011010101011001101000010111110111111011111100
0010011100011110110111010101100111111111011000101011111000001001
0010010000111000101110110000101001011101011000000110100110100000
0010011000010000110001011101110111011001110011001101100111011100
0010101011010000101111011100000110011111101010010000111101001000
0010111011011010111100010101111111101110110111110010001101100000
0010001101001011001100111000100100001000111111100111111001100110
0010000100100100011001111010010011101100001011000101110001010001
0010000010011101001010000000010000100001111011100111010010001100
0010111010010100111010010101001001101000010110110010110110110101
0010100000111100011110110011001011011110000100110111110011111111
0010000011111101000101001010000011000110111100011110001010001001
0010011000101110001100010001101101001111011111010001001010001110
0010011000011001011100010000010000100100000101110011101100111010
0010011011011111110110001010010110001100011001000010011001101000
0010111011011111110010011010001011001100011111000010010001101000
0010001000101110001101000000111100001001011111000101110011011101
1100001011011111111010110110011011011011110111001010110011101001
0010011001011110110110001000010111101100010001000010001101101100
0010011000011100101110010100100001101000010111011111111100000001
1011100110111011000101101000110111110110101100111101010110010101
0010101011001100000110010001111111000010111011011010110001101100
0010101101001000110000010111111011110001000010010110100111111101
0010101010110001110011011001001011100000000100101111001011011101
0010001000111000010110001000010001100100100001001000000000000010
0010011001110100111110010001000001100000000111110110110011111101
0010011001011110010100100110111000011100110011000001000000000110
0010111000110101111011010001101001000010000111101110100111100101
0110101100001110001100110001111111011000011010101101000011101101
0011110110011110001101101001110111100000100101011100010110011101
0011010101100110100011010001010111100101001000000111011000111111
0010000100000110111001010001001101100110010101010110110100010000
0010101110110001101111100000100001101010001110100111000110000000
0011010000000010110000111001000011011111001101000001010001010111
0011001100111001000100111010100010101000000110001000001010010000
0010011001011100111100010001010110101100000011100010011000111010
0010111001011101101000000001110010011100101010010000110101010000
0010001010111101111110110001110001011100111110101000011101000000
0010011100000101000100111010010010101000001011001000001100111100
0010001100110101110111001000010011101010111110001111010111011101
0010101111010110010101001010110110101101010111100011001011000111
0010100010111100011000000000010101100000010110000001101010110101
0100010001011111001100111111001010010000001010110111111010100010
0010001000011111110110011010010110100100010011000010001101101000
0010101100110001111011100001101101000110000111101010110010001010
0010011101011111111011011001100101100011101110100110111010100000
0010111000010100111010011101000111111001000100111011111010110111
0010110001000011011011010100100001111010010100100000110010110010
0010100000001111010110100011010110111010011100110011010111111110
0010110101110000111110110110111011010110001101100110111100110101
0010011000101111001100110011010000001010001010000111101011000011
1011100110111011000101101000110111111001100011111010101100101111
0010111000011001011110010000111011111110100010110011100010110111
0010011001011111110110011000010100101100010001100010101101100000
0010100101100111110001110000100011011010011100101111111000111011
0010001011111100000101001100001110111000100011010011100101100000
0010000101011100011001010011110000000111011010101011110010101010
0010011000100110111110100111110111100001011010000010100010101101
0011101000000010111100110110010101000010011000110100001010100110
0010011000010000101010010101001011101001010011010010011011111001
0011101000001001001000011100010110111010001000011000001111110110
0010000001101001011100111010110010101010101110011010000110001011
0010011001000111001110011001011001101010011010000111110011011000
0010010101000111011000101001110100010101001010010001111000000100
0010011001100011001110001000110100010100010001000000001001010011
0010010001110000110111011001010011011101011011001011000011111101
0011000101111110111010010111110101100101011000011101111000000111
0010111110000110100110001010000011100111000001110011111010110011
0010100010110001110111101001011011000010001100001111000110011100
0010100110111100111111101010111111100110100010111011100101100011
0010010001101101011000110001110101101110100011101010100111101001
0011011010001101111110101100001001001000011101111010001111100111
0010011001111111010111111000011010101000010101100110101101101100
0010000101101010010101000001101101000100000011110011101010101011
0010100010110001110111101001011011000010001100001111000110011100
0010100100111001010110110001000010000111110011100110011011111101
0010011001000111100100001011010100110110001001110011011101110010
0010011001000011001111001011011100101100000101000011101101101010
0010101001110101010111100001010000101110000011001111100000111100
0010101000000001011011001010111101011101110000110010000111101100
0010001100011010010101011001110011011111011010101100010111001100
0010011000011111111110010000100101101100010010110010111100100000
0010111010010111110011110101000011100010010100111100100011101100
0110001000100010110101101110001010100011011101111110001011100111
0000100000100010111110111010101100010000111100101110001011011101
0010100110110110011010110000110011101011111100000110111000101001
0010110011001110011100010111001100001000000010100010101011001011
0010010101111100111100010001100111100110001011011011100110100001
0010010110100000011001011001110001101100011011000011100100111001
0110011000101011001111110011110000101100000000000001010110011001
0010000000111011011011010100010011011001110010011111101011011011
0010011010011010110110001101000011101100110110010000010010111101
0010010001111100110000011000100111101110001010011111111010000101
0010000110110110100000010001001111010010010110011010101011101000
0010001101111100011100010001110011101110000011110010010000111000
0010010000001111110100111001001001101110000011110010101100111101
0010111000110111010111001010010000100100000111100111001101111100
0010001111111001010100111000110011101000000001010100011011110001
0010001101111010010111001000100011101101100011000110011011111010
0010011001011010111100011010010110100100010001100010010101001000
0010001100101000010011001000100011101100010011000011000011111101
0010111100011000011010101100010011101000110011011000100111111101
0010000010100001100111100001101001000010101110001111000111111101
0011010001000001001101110011111100000010000110101000101010101011
0110011100101100000111010001000111100101110011110000000110111001
0000011000111101010111111010111001011110000110000111011110111100
0010101001011111110111001001011110101100010011100110001101111001
0010001100110100010101011110010111100111010111000011010010011101
0011101110001000011010111111101100001101111100110000111000110100
0010010001111111100110010010110111100011100101010000000000101011
