0010011111101001000111101010111011100101000010001001100110010110
0010000101011100111100100011010111011010000111111001001001010000
0010011000011011111010011000010100101100011001100010101101101000
0010100011011010100101110010001000110111110010000000100001011001
0010000100010000001101110000100011101010101011110111100111101000
0010111001110000100010000000101001001010111110010010000100110000
0010001101111101011100111000100010101000111010000000101001000010
0010001101111110110001001001001010001011000111111110010110010100
0010011000100111101111100001001011111011001100001101011100011101
0010011000000001011111000000100001101110100011010111101110010100
0010000001011100111110000010110010100100100010010110100100101000
0010001011110010110001101110010011000111011110101110111001101010
0010010100110100101110000010010001101110000010001010100101110010
0010000111100101110110100110011111011100110110010010101001100010
0010001000111010010010111000110011101000010011000001100000110101
0010000101110001010111110001010011100110000110111111100110111000
0010001001111110011101001010110010111100111011100101000011101100
0010001001111110011101001010110010111100111011100101000011101100
0010011011101010011101111011100000101100100011100011100100000110
1101010010100110010100111010011110000000001111011010010011011000
0010011000111001010100111000110011101010000111110010101001100000
0010010100111010001000111010110110111101010001000000000111010100
0010010101110000010100011001000001101110010011000111100000100001
00
0010000101111100010101001000110010101100110011100011000011111100
0010100110000011010111100001101010101110101011111101101101010001
0010001101111001011110010110010011001011110110010001110111111100
0010000110101001101100010000010001100100000000111011110110101100
0000010101001111111010101001010000000001001100011011001110111100
0010011011110000110111001000001010001110001100000011000110001100
0010111000010001110011011000110111100110110111011100101011111111
0010000001010011111000011001101010011010100111100111101000100010
0010111011110011101111111100110000110100110001100101111000010011
0010001001111000110010101001010010100111100110110011001010110000
0010011000111000110000110010010101101010000010100011101100100000
0010000101011000100110001001011111000010000110001101010000110011
0010001101001010010011100000110010001100000111111111010010010100
0010101110111100001100100010100111100010101111110111101010110100
0010010001011011101000011110100001111100101111100111101011101010
0010010101101100101101000011000111001100001101011011100000110100
0010000100111010100111001100010010101110110111111111000011110000
0010101110011000100110011111010011100100110100001101001001100101
0010001101101110010101011010110000101101110010000111100101000110
0011001100110010110100111100000111101110100111110010111000011001
0010110011010101110000100100010111001101011011100011110000101000
1010100010100111100111101001000011000010011101111001100101100100
0010000010110001010101101010011100000100001110010111100010000000
0011001101101010001110101011010010101100111111001011000110111000
0010011100000101010010110101111111100100110101000001101010010001
0011001100111110011011001010010011101101100110110001000011111000
0010010100011111101010001011110001110101010011000010000000110000
0010011101011111111111001010110110101101001000111011010110101101
0010010100011110101001101011110001110101010001000010000000100000
0111101111010001111101010100110011011011100000110000110100100011
0010010010011010010001000000111111100111100101100111101010110101
0010100110110110001010110011101111100011110110100010001010111001
0010001001001010010111100001010111001101000011000000011011110100
0010000000101100111010000100110111101110100000010001101110110100
0010010100011000111000000001010101001011000011100000110010100011
0011001100111010010011000010110111100100100111110111000011110000
0010001100110110000111111000010010101100100110000000001010111110
0011000111110100011111011110010010001110101001110010101110001001
0010110101011011010100010001011100001100011111100001111101010010
0010011101011000000100001101010010001110000101011101100011011100
0010010011111100100100010100110010101110000110111111101110100100
0010100010010001100101011100010111000100101101111001000010000100
0010001000011001010110001010111111101111100110000110100011111001
0010011000001000011110100010010110101010100111010111011101010011
0010000101111000110010100010010111100010000011100100110100001000
0010010001001010001011000110010010111101111100000111000101010100
0011000101101010100101100000011111001110000111001010000110010110
0010001001101100111100101000010011111100001011110001100111010110
0010100111011000000110000101010101001100011111000001100110100001
0010011010100111000111110001110000111100000001001010100100111011
0010001100100010000001001010000011011111010011100011100010100010
0010011001011100010110010000100011100110000110101110111000111000
0010001101011100100100000100110000101110100011000011000010001100
0100010011111101001010111110110010011001011000010101100111010000
0010000101111001011111101010110001001100110011001100100011010000
0010000110010111100001011011001011000011000111011001100000001011
0010101101011001010110000010110101000110000111100111100011010000
0010001101101000110100111001110111100100010011000001100010011100
0010001111011100111110111100110110001011101001111100001111011011
0010100010110001100111001001011011000100000000001001100010000100
0010001101111110010111001000010011101101110011000010000011111100
0011001100110100010010001010110010101110000110100011010110110001
0011000100110110111000111111011010010010001110111010000011001010
0010001010011110011110000010110100101110111011110011110001100000
0011110011011011000011101000011100110101001101101101001001010010
0010011000111011011100111010100010011000111100101101001011010011
0010101101110001010111100010111000000111000111100110010110000100
0010101101101000000101100000011100000011110111101000110101010010
0010100000110000010110101001010011101110101101111101100010010111
0010011100110111101100001000011000010000001001100000011100100011
0011000101001000100101000001110111101110000111001001000000111000
0010000101101010110101101000011111001110000111001011000100010110
0010101001111010010111011001010011100101100111000011110101110100
0010001001000110010111000100100011101100110001000000011110001010
0011001111010110001000001110011111110110100101010000001111110010
0010101001110010111100111000010011101110100110111011001101010110
0010100010110000010110100001111011000010011100011001000111101001
0010100101101000011010010010010010101101101000000101100110110000
0011100110111011000111101000110111100110111101001101010110010101
0010001111000111011000001000111111001101001110101010110110101111
0010111010100111011101111010011010011000001000000000001100011011
0011011011010000011010000011110111010111000011110011001011110100
0010100010110001110111101001011011000010001100001101101101001000
0011000100001100100100100000011110101110100111001001011110110010
0000001101000001001110010011010000000010100010010011101111101010
0110101000010001011010000100000111111011001001011100100011100001
0010100010001000011000000000111111100011100101010000110110010000
0010111011011111110111101000110111100101000111000010100010111000
0010101000101001011110001001111010001010101000100001001001000000
0110001000010001011111000000010011011111100011010110100010001001
0010001101110010000111001000011011101111110010100111010011110010
0010011111101111000111010011000000101101111111000011010110110100
0011001101100000100111100001111100001111000111101001011000010010
0010110010100010100111101000000111110110100101001011010010010001
0010010001110000111110000010011011100110000100000010000111010000
0010100100111001010111101010111110000110000101101111000110110101
0010101101011101110100101111100011001100111011111001100110110100
0011111001100011101110110001100001101000001110000110111000011011
0100010000101011011111010010100101101010100010000101111011010010
0011101110101100000101101001010111010100101100100101100100000101
0010001101101101011101111010100010001000110000100101011010010000
0010011001100010001001111000000000001000000101101110110001110110
0100010011010101100100001100001010111101101010011011110010100000
0010011010010011100100010110010000101100001101101001100110110100
0010001000001110001001011101010001100000010001011100111100001011
0100000101111100010001010101010011101100111001111010010010100110
0010011100000100100100001000111001100011000100001010000010111110
0010000101111010011111011110010111101101010110101011000101111100
0010000101111010011111001110010111101101010111101110100101111100
0010000101101000000101001001101101101100111000111110011011010001
0010011100100110110100111000111001100011100100001010000010101110
0010101111111000011101101000110011101001100001010110000010001000
0010001101111100010100011000100011101000110110000111111011111001
0010111001000101111000100010110010011000110100000011011001100011
0000100001101111000010010000010010010111000010000100000001110110
0010001000011100111000100000110110101110100011110010100001101100
0011000101101000111100101101011010001110100111001101110000111111
0010010100010100011011010110111111110011100111110101111110010011
0010010011101111001101111011110010111100110100101001100100000000
0010110110000010011000101101010101100000001000000010010011011101
0010010000111110110100011000000010101111101110100011100010110110
0010100000001000110110111001000110101010011100001011000111011100
0010000010101000001101000000110011100101100010001111010010001100
0000101010100111000111111001011010111000000100001010000100011100
0011100010001111011111010010111001001101001000101000010100111100
0010001110110100001011000110100110100111111110001111101010110010
0011011001011110101111011000100111100100100111100011100110111000
0010101010011000110101011000111010001110000110100001010010110111
0010110011010100100110100110100101111000111001010010100001010011
0101111011011011001111111101011101110101000100110011111101110011
0110100010000110101111101111110101111001000000001000001011110001
0000010011101001001101110010000000001100111011101110001011010110
0011010010010000101100011111011010100101000010001110101100101010
0010010001011110101000010000110101101100011101001111100001000100
0010101010101000001000010100111110100110100001100000101011001011
0010100110001000111011011100010111111010100000001011110111101110
0010000010010010000001010001011010011011010011111101101111110100
0011001000001010011111000000010111100110100111000011001011110000
0010000100001000011000101110000110001000111110001111100110011000
0010001111000011011111110001011000001101000100001110110000111001
0010011000101000101010010010010110100100001001110010000101110100
0010001100110011110111101001011011000010000101000000000011111001
1011010101101000100000101101110001111011000111111001011011010010
0010000100001000011010101001000011001100111100111111100110001101
0010011011110010000100010110011011100111000001001011000100000000
0100010011010101100100001100001010111101101010011011110010100000
0010010100110011100101111100010010101110100111101111000000111110
0011000101011000110110100001010011001110110010000001011001110010
0011001101101100100101101001010111101110000111001001011001111110
0000110111000011011000000111011101010111000001111001000010010101
0010110000001010000011100011111101100110001011001101101001110100
0011000101101110000001010010001100000110101100110111000010100010
0010111111100100111000101010101011101100101010010111100110110110
0010010101011011011000010010010001000110010111110101101011111100
0010000101110100101101101000010011101101100010110001000111010100
0011000101011100110100010000000111101110100110111111000100011100
0010001101111101001110101010110001001000110011000101011110000010
0010001101100100100110000010110011100101000010000111110000100011
0010001001001000010000110001010111001100000111010011111010110100
0010000101111100100101111000010010101101110011011110011010110000
0010001100111100000101110101000001100100010011010110100100001100
0010010101111110100011111011100110001011111100011010000110110100
0010000101111011011111100101111010010101111000100000100111000000
0010011010001010001011000001011011000011011101101000001011101011
0010001000011000100111000101011110000111100111110110100101110000
0010100111000011101000001001101101001111101011101100100000101010
0010110101000011100011111100010100000110000111010101100101110100
0010010010010000101001001111011011100101000001001100101010101101
0010010110010100111010110101111010010101001010111111010010100100
0011000101001000100101100001011111001110000111001001011001110010
0010000101111000110101110001010110101110100111001001000110111000
0010011011101010001100100010000010001110010110100011000100001110
0010000100111110000111101000010001101101110011001010000011110111
0010000111011100000111001000010001001000110101000101000001101100
0011000110000100001101101011110011011000100011010100100010110100
0010101111100110100001111001101011000110000101000011011010110110
0101111000100111011001101000100010001010110100010111010001010110
0010000000010011100100011100000010001000000101001100101010110100
0010000101111010010001100001010111101111111110000011110011010010
0010100110111011110000001010001101100110000000000011110010110100
0010100100001010010001011111011011100000010000000011101010100100
0010111011000010111001010000101101101110111100110010110001010100
0011000000011000011010000110011011100011100111110110101011100010
0010000001010100011100010100011111010111100111010010111010101001
0010000100001101100110111000101100100110100110101110110101110001
0010001100101011011010011000000010011011000111100100011001111101
0011000000011010010101100010010011100100010110000110101001111101
0011001000011000011010101011110010101101110010010101101111111000
0000000000101000100001100100000100011011000011110100111010111011
0000000011101101100110000101000011111101110111111011100000110001
0010001101011101000111100010010110100110100111010101001110100000
0010000011101110111000011000000000101100110001101011110001000101
0010101100011000010110100011010011000100110111000110001101100101
0011000000001000101000101101111010101000100010111101100111111000
0010010011011011110001111011100110111010110101000111100110101101
0010001101111001010111100010110000000111010111101110010111010001
0010011101111100011010100010110011101001100011010011100110110110
0010100010011010011001000011111110101111110111000011111110100010
0010000000011101011010100100110010101110100111110111001111110001
0011010010111011001011100110110110110111100100111101010111001101
0010001001111000001110110001001010101011100101010001010101011010
0010011000100010101001100100001010001111001101011101001100000100
0010011000011110010010001010010110101100010001100010101101100000
0010010011110001100101010001001010000111101100001111100010110000
0010110111011000110100000010110110110000101110001111101111011100
0010001010000000011110100010010101100010101000011101100111111000
0010001000001000000011000001010011100110000111000010101110010000
0010001100000011000011101111100010000000010011000001000000011100
0010000101111000111100110000100110101110101111011111101000100001
0010001010000011001111000010010101101101100011011111100011110000
0010101101011110010011100000010111100110110110000110101010111000
0010101100110001100000111010001011100100000000100000101011000001
0011000000011010010101100010010011100100010110000110101001111101
0010111110100100100010101010010101011010000010110011110110010110
0011001101011001010011100010111011100110100011110100100101110000
0010011100101111101011100001000111011011001100010010111110010100
0010101100111110110111000010110011100111100101100111111000100001
0010110100111100010010100011110010111011001000010001110110011010
0010001000010010001110110000010011100010010110111001111110110100
0011001101110000110101101010010010001100100110111111000110110000
0010001111001101110001010110110111101101001100001000100001010000
0011011110011100010110100100001010101111011011000110100111110100
0110110010100110000011110010100110000111001101011001101110011000
0010001101110001101111111000011101001100000011101111001000000110
0011000110111010000100011111011011100111010011101111000100101100
0010001110110011100001001010000010110100100010100010000011010001
0010001101011010110110011100010011001100100111000110000111010010
0010101100110001111000011010111010100100100001100011001110100001
0011001101011000010111100010011111000110000111100111011111110000
0011001101000000111100111001010111000110100110111011001101110010
0010001111110000001111100010110000111110110111111111110111000010
0011011011000111111101001110001011001001111001000011010001111110
0010000010111000100100111111011111001100010011001001101000101010
0010101011011100010000001010111110100101001000100011100101101110
0010011010011111010001001000110010101011100111110010010111000100
0011001110010111011111101010010011100000000000011110000110111110
0010001101111010110110000010110111100111100111110111101001110001
0110001100110001011000000001101111010110000100001000111100111001
0010001101110010010111001000000011100101110111001110000110011000
0010010000010100110010010000001010010101111101100000100001100001
0010001101111010110110000010110111100111100111110111101001110001
0010101111111010011100101000110010111110000011110100011010100001
0010101001000110110110101001010111111000010010101011100000000110
0010001000101000010011100011000011100001100110001101101100010011
0010011001010011000110101000010010111001001011000010010000101010
0010011010101110000111100010100000000000011001001000001101011000
0010100010110001110111011101000111100010010100001000111110111100
0011011000011111110111001010110111101100000001100011011100111001
0010100010110001110111101001011011000010001100001101101101001000
0010101111110111000111101010011010001100000111111101000101000000
0010001101111110010111001000010011101101110011000010000011111100
0011001101000000101100110001000111011110100011001011000101100110
0010010111001111100001111010010101010111101110011000010000011000
0010001101111110010111001000010011101101110011000010000011111100
0010001101111000111100000000010101010000000001000111000010111011
0010110011100110000001001010000101000110110101100111100001111001
0010101111011111100111111100010001100100110101100101101000010011
0010011001011011000000011011010110100100010101100110101101110000
0010000100010100110101000111111111101101000101000001010010111000
0010110011110011110001101001000011110010110101000100100110110101
0010011010110111000111110010110000111100000100001000001110011110
0011000101001001001010110011011011000101000110010110111101111000
1001101111101010101111100001001110000111001011011100011110100000
0010001000011000010100000001110111001110110011110111111010110000
0010101101001001011001001011011011101110000011101000100000010000
1001110111010011011000101011011101010001001111110000110111001100
0011101101111111110111101000110010111100000101110010000010110010
0011111101111111010110000000100010111100010011100110000100101100
0010110100011000100110101011111111000100110111111110000110110001
0010101101110010000111011000010011101100100001000010001011111100
0010110000110001111110100000010011000011011100110111011100011100
0010011000101011001101110010110001110110100010001100100110000110
0010010101010011010111101001010101000110000100000111100010000011
0010100101001100111110101001110111011100001110001100000100010111
0010011000000101111110001010010111101100001001000010100111000000
0010100111111110011000111000010110101101000001000010001001001010
0010000001011000100101101001011011101100000011101011010101101010
0010011111111110010111001000010011101101110011000010000011101100
0010101101111100110101101010011010101101100011001011000100110110
0010011001011111111110011000010101101100010011100111101101101000
0011101100110010010001001010110011100100100000100001001011110001
0011001100001000001100100001010111101110000111001001010010110010
0010001011100100000111110010010111000111000010010011100111100000
0010000110100000001010011001011101011001111011001110000100000000
0010001101111110110111101000010111001001011011000100010000011010
0100011001100110100110101000101010010001110111100110101010100001
0010001000001110110110001000010110100100010011000000001111110100
0010000101110001100101111000100010101100101110011111111110100000
0010101001001110110100001000011110100101110001100010001111110000
0010100011110001110111101000011010000111001110001111000110011100
0010001000001110110110001000010110100100010011000000001111110100
0010000100110100110000101110010010100010101010000011111011111000
0011000101001000100101100001011111001110000111001001001001110010
0010011111101100001011000010110011101001110001110111100110110111
0010011001011111111010110011011010001110010101100110001111100000
0010100011011101010010001111011100111110101001110001011110110011
0010010001111111111000100001110110000110001010011011110100100100
0000010001100011001110010000100101101110100010000101101011110010
0010001001101010000101010010110110001110100111011101101100110010
0010001011000111110011101001010010001101010101001111101101000101
0010001101011000001110111010110001100101010101000100011011010000
0010001101010011101110010100000010001000110011000000001010110110
0010001000011111100100000100010011100100110000011100100000000000
0010101001000100110110000110000111110110000001100110001001000111
0011000000001011011011110011011001100100100110000110110011111101
1011100110111011000101101000110111110110101100111101010110010101
0010010101001001000011010110010001001000100000001110000010011100
0010000111110010100001011010100001100001000111100110101011111001
0010001101000010000111000000111111100110000111101011100101110010
0110110011110100011010001011001100010010010011100100100011000011
0011001100000011010111111100110011100100110011000100000110010100
0010001010110001010001001001111011000101101110000010000010001000
0011000010100111000100111100010110100010101111011101111010001011
0010101001110110001101101001100011101100110011010111100001101101
0010001111101110110111001101010011111101110111101011110011101010
0011111001011111101110111100110001100100110101010111111000010011
0010111010000011000011110011111100111110000001001110011011101110
0010001101111000010111000000110011101110100111001111101101111100
0010001110101010010001011011111111101110100111000001000110111001
0011101101001110001110110001101000101110010111101110111000110110
0010000100111010110111101000010010001001000111111001101100000011
0010001101011101010010000000010110101100000000001010001010110110
0010010010001001100100011001101100010011000011100011000101011000
1011100110111011000101101000110111110110101100111101010110010101
0010001101111111010111001000010010111110100011111011000000100100
0011000100001100000110111001111000001001011001000100101100101101
0010011101101011001001110000000100001100011101111101010110010100
0000001101111111101001100001001010000011110101011100010110110000
0010001001011000111000110000100100101100110001110111100011110100
0010010111100110000101100000000010101100101010001001000010010000
0010101101010101100010001100010111001000110111010100111110000101
0010101010111101110110001000010001100100010111000110001100111100
0010101111110010100101101000001011010110101010101011100100101100
0010000100011111000110001010010110110100001000110100000101010001
0011011100010100010001010010110001100011000001100011100110110001
0010001111001101000010000111010110010010001000111111011010110110
0010001101110000110100001000100010100110100010110111010110110010
0011101111101000110100101001111111001110000111101010000000000101
0010111111111011110000100010110110100010100010110001100111000100
0010011101110001101110001110000111001100110101010010100100000010
0011011010011100010000100010101101100111111011110111001001100100
0010011100001000010010001010011111100101000011000010101101110100
0010011100010100100100110100110111101110001111001111111101010110
0010011001011001010010100000100111101010000111111111011100100100
0011011011010011011111000110111000001111010100100111010111000100
0010001110110001100111100001011101010011001110001111111110100100
0010100010000000110110010111100111101010010000000110011001110101
0010000100110100001101100001000001101001100111010110101101111101
0010001101111001011101101000100000011000110011001101000011001100
0010100111011010011101010001011001101111110111100010000011111101
0010001101111100010011001000110011100101001000011011000010011100
0010011101111111111110011000010000001000010110100110101101001010
0011001100010010011110111110000011101110100110111011111111111100
0010101011110011011000111111110111000011110001110001011000111000
0010001010011010011001100011110011100110100011100110100110100010
0010010101101101001100111001100100001100101011010110100100100000
0010010101011011010110010000000001101100110111100011101011110100
0010101011010101111100101000011011010000101010111111000111110000
0011011000001010100010000011110001001011000100101001100110110000
0010011010101101011111110010100010000010110011111001111111011000
0010010000000010000101111010001010101100111000000011110101000000
0010101111111010010100101000011011001110100011101010000000011100
0010101100110011100001011010010011101100100000100000001011001000
0010100010011011110001101010011111111010011100001010001011011100
0010001101111110010111001000010011101101010010100011000011111100
0010011000011111110010001010010100101100010001100010001101001100
0010010001010100110100101000000010001101111111011001110000000100
0010001011010110111110001100110010011101001010111011000001100100
0010001101111000011100010000110010101110000011100011100110111001
0101111011011111101111111100110000110100110101110111111000010011
0010101011111010111100101000011011111111010010101011000101000100
0010011011011101100100101110100000111101100000011111110100000001
0010011010100111000111110110000010111110000001001001100101111000
0010101011001100001100000001111100100111111111010010000100000000
0010001101101100011110110000110011101100100111110001110101100000
0010011001110000111111101100010011011000100110111010000100010111
0010000111110100101101101110010011101100100010010111000000011100
0010101101111101101100011000000000001000111100101101101001000000
0011001000010001000000100100000010000011101000010100101010000000
0010011101100010011001000010111111111100001001011100001111010000
0010111010110100111100101000110001000000100011011000001100010101
0010100010110000110111111101011011000010011100011111000110011100
0010101010011100111000010100001000101000010110000000111100010000
0010011010001101011100001110100010010100000011001010001011001001
0010000000010000011111110000101111101100101100001101101100000000
0010001101111101011101111000000010001000110011000100111001000010
0010000011011110010110001101010111101100011010000011110010100100
0010101100110011100001011010001011100100100000100000001011000001
0010001000011000110110000001110111110110001111110110111110110000
0010011011011011001100010000010011110101100100110000000111110000
0010001100111000011100000000110011001111011011101010110110001011
0010011001110001010111110011010001100000000100100000111111100001
0010001001011011011101111010110010011001111101100110001010101010
0010111011010110110000010001101000101000010101100000100001010100
0010101101101000010001100001110011001000000101100011010010100001
0010011001101010101111010110110010010010010100110101011001000101
0010001101111111011111110010110010101000010110000001001101011010
0011000001000001101001000100100110100011011100111100110010000101
0010101111111100001111001000110111101011101101010110000100010100
0010001101111010100111011010010011101101110110001000101001111010
0010011011011111001101100000000011011010110100110011011110010100
0010010001110001100100100010011010101110100110111001000110100100
0010001111101000011010010111110110010011100010100101100110011101
0011000100001010010001000010110010001111000100101001010011111000
0010101111000100111010101110110010011001001100010100110010110010
0010111011010001001100011001001110100011001001001101010110110010
0010000100011000110111000010010011101010100110001110101101011000
0010011001001111100110001010010110101100000101100111101101101010
1010111111000000101010100010110011100110000010111001101110010100
0011010110011010101001011111011011100100100000101011000111101101
0000000101111111010111001000010011100111100010000000000001110100
0010001001110100110110001000011111100100001000000111100100001100
0010000010111011011101000000110010011111010011100011000111111100
0010111011010101100000000110000010110000000000001111111010100011
0010101010110001110011011001001011100000000100101111001011011101
0011010001110001010101111001001101101110101110111001110000010101
0010101111110100100100001010100000110011100010110111011000100011
0010001111101111011000101001110111011101011010111010110110001111
0010000100010100101110000110000110101110100110111011100110110001
0010011011011110010011000000110000101101010000001110100011001100
0010101100010101100100010011111011100100100100100001100110100101
0010001101111001010110101001110100101100001011010110110110101010
0010001010001010000100011011011111100101100010011110110010000100
0010111010011100110111010010100111101010010010010111111111001101
0010000101111000011101010001110010100111110011101011000110111000
0010110011000001011111010001000111001011100000000000110010100111
0010100010000001110111000110110111111110000000110011100010001100
0010011110101110000001011001000001100100110111000101010011101111
0010000100101100000111011001010011101100100011101010110110010101
0010101101001101011001011000000100101000111101000101111101000010
0010001011111000000110010010011011100111010111000010101110011011
0010100110111001010101101000001101000111111100001001111111001111
0010000001000010001110000000000010011110110011000010100101100010
0011000101001000100010100101010110011010001100111001011011110110
0010001110010111000011001000100011110001100110110000100110001100
0100001101101101001101111000000010011000110100011100011000000010
0010110000000111110010100011010010001000000000011000011010100011
0010101111101100111010100010110011111000101000000001100100010110
0010111000110010110001111001001011100110000000110000001011000001
0010001110111000100111100010110011100101001110000011110100010010
0011010001011100000100011100011010100111100110001111000010110000
0010000001110001111110111000100011001010101110000111101111000010
0010101110111101011110101011110011000000111110000100101101000001
0010010001111110010111000000110011101111110111001111000011101100
0000000101111111111111101011000111101101010011000000001000110100
0011101000110000011101111011110011100010010110111101001110010010
0010111100011110010011111011100001110001110001100010111100110101
0010011001011110110110001000010110101100010001000010001101101100
0010101000010010100001011001011011100110000101100111101101110100
0010001000111111010011001000010011101100010001100110001101101010
0010100010100011010001101000011010100010000100100011100111011100
0000000000010100111010110010001100010000111001010011011100100110
0010110100011111000011101100010100010110010111000011001011001111
0010000100101110010001000000110011110101110011000011000010111000
0010111101011111110000010000101010101100101000100010000011000101
0010001110111010011011001000110011111111010101100011000011101100
0011011010011101110110010100010111100110001111110010000111110010
0011001000011000011010000100110011101110110111110011000111110100
0010001011011010010010001000011111101101110011000010000011111100
0010100110110011110011100000011011101001100100101110100100000011
0011010011000011101010010100101001101100101010100110100010101011
1011100100111111000001100000110110110011101100111101011110010101
0010100101010001110111110011111000000100100111110001100110100010
0010001001111101001100111000000110011000100010110101111000100010
0010001101111100011100111000100010001100111010000011100101000100
0010011000000010000011011010011110100101010001100110001101100000
1010100010011111100100001000010010111000010011110100101111100000
0010000111111000110101101001011011001110000110101001101001110001
0010111011000000110000101000000010101100001011101001101011001101
1000010101001111101001100110001110111011000100001111011110100100
0010010010001010001101011000011011100010000010011011011111101001
0010001010001010110000101110000110100000100011001111101101110000
0010011110000111100011011011100000100001000001100010011010111111
0010001101111101011100111010100010101101111110000111100101000100
0010110001000011101111011001011101100110001100000111101101100111
0010101110111011010100101000010111001100000010110011110000101111
0011010000001110011100110111011100000010000010100111101000000010
0010101101110010000001110011011111100111010001101111000100000000
0010101101110011100110011000000011100100100010110000001011000001
1011100110010011011000101000010111110110100001111101000110010101
0011100000000111101100010010111001111110011100101001000010100100
0011001111001100011110011101110111001001001110011110011111101101
0010111011010010010001011001101100100110111101001110011000000010
0001100001100111000010001000010010010111100010000100000001110110
0010100000110010110000001000011011100100110000000011100010100001
0011001001111010010101001011110111000110100111111100010110011100
0010001101001011010100100000010010011111010101111111100011110100
0010010100000001100101000010011110001010011011001001010010110000
0010001101111001010110000001110010100110010011110111010110101110
0010000101011101001110110010000111101010110100100110001000000011
0011001101100111001101000000100010101001100000101001010011011001
0010001101111100010110011000000111101101101111000111100000111000
0010001110001011100011001001010011101110000011111010001110001110
0010011000011111110111111000010111101100000101111110101101000000
0010000010111001111101101011011011000000001110001101011100000010
0000110100100111101011011011011101110100001101010010101100000011
0010101010010100100110100110111100100110010000011111011000110011
0010100110111001110001011111010001000000011101100100010101111100
0011010101100000001111100011111010101010100111011001100010001011
0010010110001000001010010111010100011000001000101001011010110100
0010001001011111011111111101110110100111000111100011000110111100
0010001000110000010011001000010011100110100111000110000011111001
0010010000001111000101101000000101010000110001100011001110101011
0011101100100110010001001010110010001001000000100001010010111001
