0010001001100000110011001100010110100111100000000011110110011110
0010001001111101001110100001111001100100000011111010010100110010
0010001111001011000110110000000111001101110011101000000001101001
0010101011011001111010111100010001000000010000011111101110000101
0010101001101111100101110000110000100100000000011100000000111000
0000000100110110010011010101001010111110101011111000000101100100
0010100000011100110110110100110000101110000111110110000100010100
0011011011111100101110100001010001100001101010001000100011001000
0010010110000110111011011101101111000101000011000111001001100100
0011100010000011100110101101011101100110011101010101101011000111
0000110011100001100111100011001001100010001110001110100010110100
0010011000011111000111101001000000100101001010010110110010100111
0011000001100010011000100011110100011010011101010001101111100000
0010110010110011111010101010000011010111010010000010101110110000
0010000111111100000110000000010111101100110011001110100000001110
0011101111011111000111111000110000110010100111110111001001010011
0100001110111011101101011000100000000000101100100001000010000011
1011100110111011000101101000110111110110101100111101010110010101
0010001000010111010110101010110000110000000011011100110011110010
0011001110101010010001101111110100000010111100111000000101011111
0010011010010001011110100011001001101101111111010011101110110111
0010101001110001011101111001011011000000001100000111111101010110
0010001000011011011011011001100110001000010011000010011001110110
0010010110011111111000011101011010000110110000001010100001111111
0010000100010100111010110111110011111010010011100100101111010010
0010101011010101000001000100000110110100000001000010001010000001
0011010010100000111000010110100010011000011110111101001011110000
0010001001111001011110100110000011100001010011010100100110100000
0010010001011110100111100000110001110101100011110111101011010111
0010000111001111000100110101111101011000100010000001010000001000
0010100010011000110110100001010001101010010111000111100000011101
0010010101110101110111010000110111100100111111011101110111010100
0010011111011100011110000001010001101100010011000111101010010101
0100001111011101111101010000100100110100101010010110100110000100
0010000110100001100101111001000001000000110001001110010010011000
0010001100111100110001001000110011101111111110001111000011011001
0011011000000110110001101110000110001010011101010010110110100100
0010010001001000111100000111010011100100000010101001101010100111
0011000011010001100011101011111010000001011100101100000010000100
0010011010101110101110011000010111101001000110100011011010101100
0100100110110110011010110001101011101110101001111101001111100100
0010011000011011100111101010100011100000001111001100110100000001
0010010110000110111011011101101111000101000011000111001001100100
0010111001111011101101111000110010110100110101110111111000010001
0010101100010100101110110001010000111010101000111001010110010011
0010011011111001100100001010110011000000000011000000100011110001
0100001110111011101101011000100000000000101100100001000010000011
0010101011110010100100011111001011101000101001101001100010101101
0010000100001000000100111001010100000001100011011100001000010001
0010111000000011010111000110110101010000000001010011111011100101
0010001100010101111110110010011011100100010010010010111001010000
0010101011111000011110110101010001011110101011101111100010000111
0010101110011011100110101101010010110100000011001010101110110000
0010001011100011001111100110111000100000110010001000100110101010
0010011011111010111100010101101001101110110111111001100111101000
0010101011010100110110000100111011101100010111000000001010100100
0010001100101010011101101100010000100000001010100110011011010000
0010000100111000110100011001011011100100000000001011100110001100
0010000000001100110110010111011011111110100100101101110001110100
0010001111001110110011001110101010100001100010000110011001100010
0010110000011010101011001101110001011001011100110010000010010100
0010111000011110111000000010010011101000010011100000000100111000
0010100100000111010101101000011010000010001111010110001010111001
0010010000011011101100011110001000111100101001001010100110110110
0010100100111001110111101001010111000011001100001111101110010101
0010001110111100110101010100110010101100100010110000000010111100
0010010011110100000110010101001101111100000010000111010000100001
0000110000111011110110101000000011100100000001001110010000000100
0010010100011100110110011000100111101100000000000010100110001100
0010001111011101110100011101110111001110010110101101111110010010
0010000001000110111000101110010100100110110010011101000110000010
0010011010111100101110110101000010101000001010111000110010001101
0011001010000010011000011101110111101000001011110100111110011100
0010001101111001001110110100110000100100000001110100101110101101
00
0010011100111100010111101110110000100000110011011111000110111010
0010100010110101110000001011001011100001000011111110000011101001
0010110010111111011011110111101011101000000001011101111011010000
0010101110000111100010011001011001100000000000100110011000000101
0010001000111000110110101001010011101010010111000011010110110100
0010000101110100110100110000000111100101000011000010100010001000
0000100110110000011010110011101001101010101010111001101111100010
0010001000111010010111001110010010101101110110001110000111111100
0010100010111000110110110001010011101000000011000011101110111001
0110101100110010110001111010001010100101101100001100101111010001
0010111011011111000110000110000101100100000001000100110010000101
0010100010000011000001111011111111111000110010001100111010100010
0110101100110010110001111010001010100101101100001100101111010001
0110101000100010111001101110011011100111011110000100101111011110
0010001100111101100100110100000000110100001000111000101010000100
0010010001100011000110110000100111001110001111101011001000010101
0010100100110000110100101011011011100100000010001111100110001100
0010100011111101010111000101010111000000011100001111001010010100
0010101101110001010111000010111000001101100011110011110010101110
0010001001111111001110001100010001100100010001000000000010100100
0010001101111000010100100001110011100110010011110010010010111000
0010111011011010110110010101110111101110110011110011100111101001
0010011000011111101110101011110000000001011001100110011000011011
0110000100101010010001010000110111100110100010000101101011010011
0010011110010101111001011110110011100101110000010010110010110101
0010010110011010110000011110100001000100000001000010110110000001
0010011101111101001110111010010000101100010011100110011100000000
0011101101101010000100111101010000010000011011110101101010100101
0010011110111100100100110100010000111110000010101000000110010100
0010001001111001001110111000010000000100010001100100000110100100
0010011100000100110111011100011110100001001111000111111110010001
0010110110111000100101011010000011100101000010100000100010100000
0010010010000111100011011001001000000010010100010111111111011111
0010110011011011011110000101011101000110010001000000000010010100
0011000001000010011100110101110100100110011001100101111011000101
0010001100011110010110101001110001100000010001000110000011111100
0010110010010100110111101011010011000010001001011111100111011100
0010000100111010110100111000010011100110010010001011010011111110
0010101111000110110001101010101110000110101100110111001110100000
0010000110011111000110100010001110000001111101001101111100110000
0010111010001000001110110101001010011100001010110010011100100101
0010001011011111101110111100110001100000010011011000010100100000
0010101111010100100110010101011101000100010101000011110001101110
0010001001110100010100001001000110101101110011001010001000110111
0010011011011110010111100101010111100100011111010100000100100010
0010100110110010110111001001010011100000110011000011000110111100
0010001000111100100110100100110100001110001001011111110100100000
0000010101110001011100100000000110100100000011011110000100000101
0010010010010011110011001001001001011110001101000111100000101000
0010101100101011001000110101110111000101101000010010000000100010
0011101001101110000110101111010011100000011011110000010010101000
0010011000110110011101001000100110101001111111100011110011010111
0010110101111100011010100110010011100100110001011111100011010010
0010000101111110010100110000110110000110000101101101001111010100
0010111000010101001100000110111011100100010001001100100100000100
0010001101010110110111000010110111101111110000000011011011111101
0010001101111000000110001001110010110111010011100000000010110110
0010000011110001000001101110011001100010011001100100000010110011
0010011110010100011100011101010110000110000101100000100100010010
0010111010110001111110011101011001000000011100100010001110010100
0010000101100001110110111000111111000010000100101111000110111101
0010001010111001010111100011011011000000001011000001100110110010
0010011101001010100011111011100101100100001001110011111010010111
0011001001100010100101101110011001100000011001101000001010011001
0010101100000000101001011000010011001100101100111101101001110110
0010000001111111101110100110110101101110010101010110010111001000
0010000101111101110110010101100011100100000010011110111110000110
0010000101111101100110110100010101100000010010011000000010001100
0010000001111001110100111001000111100110001111011111100100110001
0010010100001010110000001010101111000001010001011001010011010100
0010001000111110000110000000110001100100110011001111111000100011
0011001010000111011010100111100111101100111010011100111110010100
0010001010011011011100100110010000000100001001110000000010001100
0100100001110010100001101111000001100100111001011111100010011010
0010100111011100000110000101010101101100011101001101101000000100
0010001011111010010010011111100111010000011101010111011111111010
0010101010110001010011100101011010000010001101001111010110001100
1010100110000010111000011101011101100111011100101101011011110101
0010101001000101100110001001000000100100001010110110110010010101
0010000010010001101101111011011011100000101001001111000011111110
0000010010010000111000011001011000110111000111010010110011110111
0010001001111000110110100100110111100101000011110110100110000100
0010001000111110010111001100010011100100010011000100100010110100
0010101111011001000110000001010001000100011101010001101010000110
0110001000101010010101110000010101100100100011001100100110000110
0010000010010001111011100001011011011000001100011110001110011010
0010000100110100110111100000100000101111100110101001000110111111
0010001110110101110110111100110010100110000001101000000110001100
0010001000011100001100110100011001100001001011001000000010100100
0010001001011100000111110101010000100100010111110111101110000001
0011001000111111001110000100100101100000110011011100111100001011
0010010000011011001110101110010001010100000001110100000010010100
0010111111011001001110000101010001000100011101010000101010000110
0010010011011100101110011110001111100111000111001010111010110010
0010001011010000010100101110100010100100011101010110100110101110
0010001110110001110101110100011010100101111100100100001100000110
0010001000111001001111111110110011110000011001101100011110001101
0010110001011101101110011100010000000100010001110000011110000101
0010001101100010010110110010110010000111000111110010001010010101
0011001001010110010111101111000011101100010001010100111010010101
0010000110011000101100011101010011100101000011000110101100001010
0010101111111011011101101010100010000010001111111111100001111011
0011000000000100101001101100001101100111001110101111010011010011
0010011100110110100101111010000001100101000001101110000010011111
0010111010010100100110010101001001101000010101101101101000011100
0010010010010100111000011001011000101100010111010010111111110111
0010001001111000110100110100100010100100101010011011101110111000
0010010010010100111000011001011000101100010111010010111111110111
0010111010010110101010000111001001100000010111010110111010110111
0000111010010110101011010011001000100100010111110110111111010111
0010001110010000111100111101010001100100000001100101001011010110
0010000000111111001001011110110000010100010101110001011111010101
0011011010001001100110111011000010100001000011000011101010001101
0010011001111010011110011000010011100101000011000010000010101101
1100010100111001011001101100011111000110001100100101101011010111
0010111010010100111010010101001001101000010110110010111110110101
0010000000010011000000111111000111101000001000001000111010100110
0010011100000111110110011010110110100100000001000010100110111100
0010001010010101010110101001011110000111111100001111000000011010
0010110110001011010110000011001011111110010110111010100010110001
0010101000110101101110110100110000000100010101010111011010000000
0010111110101010011000111011011100011010000010100011111100110110
0010001011001100100101110111011101100100011101000100101000010110
1011101011011011010100100100010111001111111001011101010000100100
0010101111010001011011010010001000000101000110110111111011000100
0010011001011010110100110101000010101100111110001101101010110010
0010001010110001001111100010111000000001000001100110010010100101
0010111100000110100110011110101000110000000001100000100010000100
0011001000011001101110001110010011011000001101000001001000110101
0011111100110101010011100111010000100101000010001000111010100001
0010011100100111010001101000000110100001000001000010000100011101
0010011001011110010111101110111101100100111010011010001010111010
0010011010011100101110000011000101010010011110111101101000011101
0000010110101101111011011011000110110100011010111010101111100111
0010011010110110010011010101010001100100010111101110000100101110
0010101001101011010100110011010001001111011001110111011010101100
0010000000110010001110110001100011101100010011011110000010111001
0010000111011001011100010001100000011100001111100111100000000001
0010001001110010001100011110011010100100000001101010101110100100
0010101111111100010110000101010001001100011111000111111010101100
0010010010011100000110011111010101000100010011000110101000001100
0010100010011001110100101101011111000010001100001111100010001110
0011111010000000111100101101011101100011000110101001110011010011
0010001101111100011100110000100010101110110111000111100100101001
1010111011011000010100110011010111000111111000011101111000100000
0100001101111101101101111000100010011000110100110101011100010010
0011001001101110000101001011010110101000100111000110001010001100
0010011111110000000000011101011000010100011001110100000110000111
0010000101111000110100111001110011100110001111011111101010110001
1001011110010101110111110100011101100011010001000000000110110000
1001100011111100010010001111001100111110101011000001011111110011
1010100000100010011001101100001101101011101110010100011011000111
0010000011000001011111010000000101000110001100001011001011010100
0010000111000001100100010010000101110101000000010011111011000010
0010001001111010001110110000110001100100010011111011101010110101
0100000101011001010101110110100011010101101000011110101010000100
0010000011110001011111100000011011000100011000100110111110110101
0110001000100000110100001010101111100100101010011110100100011100
0010100101101001100101101001001001010000001001111111000010011100
0011101100111010100100011111001011100101000011100000001010100110
0010001000010001000111001001011010100010101011010111100110110000
0010000100001010111011100001011011101101100000000100001011111111
0010101110101001100110001100010110100001110001100011001010111110
0010001001001000001000011110000111100100000011110011111111100010
0010001001001000001000011110000111100100000011110011111111100010
0010000000001000001110110100110000100011010101110101111010001001
0010001111011100011011010001000001100101010010010011111011111100
0010011001111001101101111110011011100100100011001010101100011010
0010001000110000111100110101001010100100010110110010111100111001
0011011111011111101111101100010001100100110101100011111010010111
0010011011111010111111010000000001101010110010110011000111110100
0010001100111111001111100110110001100101010001011101111100010010
0010011011010011001111011100001011101100110001110111011010110100
0010001001111110110110011100000011101100110011001110000110001110
0010011001111000001100110110000011100101000011001000111010010100
0010100110010001100111101000110110001000001100101101001010101011
0010000010010101000110010100010100101100111101001100101000000111
0010001000110111110110001010010010100100110010100000001101000010
0010001001110010011110001100010101100100110001001000010111000101
0010111101000101011100110010100110101011010000010110010000000100
0011001100111100100100111110010011110100000011111110110100001011
0011111000000001011010000011101101001000001100111010100010101101
0010101001111000010110111001110010100011000110100011010101010100
0010001000100000110011001111110111010000001000010011010010010101
0010000100010110010010000100000010000001110011110100001101100001
0010100101110110100100111101011011000110001111101011001111111110
0010001101111111001100111010100001101000110011000101111100000010
0011011101110110101110110111000001110011101110100000110011001000
0011001001011110101010110111101001100000110000011110100010110101
0010111010001101011010010111111001001010011111011011100000111110
0010101110110011100011011010001011000010101100101001000010011001
0010100101110110011011010001001011101110101001111101001111100100
0010010111100111011000111101110000011000011011010001100011101100
0110001100111110110111001100000111100101000011000010101010011100
0010001000110010100101011110001011100101100010001000101101101010
0010001101111110010110001000010111101100110011001010000010111100
0010010011000011100000000100010010100110000010101011001010110100
0010000011111000010100110001110111100110001011000001010000111100
0010000000011010111100101110011010100000011100001100101111101010
0011000100011010011011001100010010111101110100101011000111111100
0010000101111000011100110010110010000101010011011111011100010000
0010110101000000100000010100000010100000101001111010010100101101
0010001000011110010100100100110110110100010011100011110111011110
0010010011110011111111011110011000101111000111101010000011101101
0010011011100010111111100110001001101101010001110101010011110100
0011011010110100001100111101001100110011001101101110001110000110
0111111001011101101111101010110110110011100101110111110110010100
0010100111001011000000000101011101001100011101001101101000000110
0010100010100011010011101001010010100010011000001110010100011110
0011110010100100110000010111011001001000010010010101110000010100
0010001010011010001110000010110010100011010001101000111010011011
0010111000100010100100101111001010100100100010001000101000100010
0010000000110000110110111101010010001111001010101101110001101100
0010001001110001100101111000000010101000001111000111101100000000
0010010010000100111000000101010001100010010001010111110011110100
0010001101111110011111011100010011110101010011111010111010111100
0010001000101010011101110110100010100111011111100010101000001000
0010100010110001110111101001011011000010001100001111000110011100
0000010011110001001111101011001101001110011101001010000000111010
0010100001011011001101111111110110010011111111011101111001111001
0010000110010011111110010101011001101000100010101010100000111000
0010011010011110111010100100011001011000010010100010100010110100
0011000001111111011111000010110001101100010001001110000110001100
0010101101011101000100011011010011100100001010001101101001000010
0010100110110100110110010000011111000000000110011110110110011100
0011010010011000101100011111011011100101000011001010100000001101
0010011000011011100100011010011011100100000001100010001101101000
0010001100010110110100011110000010100100101110111001000101011011
0100010000101011011111010010100101101010100010000101111011010010
0010011000001011000110001000000110101110000001100111101101110010
0010000001110001101101101111010111100101101110001100000101000010
0010000101111111110111101001011011100111000110001010000010111100
0010010001111000101100010000100111101110100111101111101000100001
0011001101011011001001100010110100100101000001110011011000010001
0010000101011100010010000100010111100100100000001010100011101110
0010001100110010100001101110001010100101101000100000001011110011
1011011100011101110110110100000111110001001010011110100110110110
0010101000111001111101011001011110000000011101000111011101011000
0010011000011111110110001010010110101100011101000111001101001000
0010011111111101100100010000010000100110001011110011000010011100
0010001101111011010010001010010111101101010011001110111101111000
0010000111111000101100111111011110100001010011101101100100000000
0010001101101110110110111011001001110111000011100011101001100001
0110001001101010010001111111100010010000011110010101101101110000
0011000000110110101110110110110001100110110010011000111010010100
0010101101110011110111100010111011100111000100100010010010000000
0010100010001000001000110000110110100011101101000010001000010001
0010000111001011011101110011111111100101100010000010100011111000
0010100010110011100101101000110111110110101100111111010110010101
0010010100001100111001101100011101100111101110101111100011110001
0010111011011110011000110001111100101100011001000010110001010100
0010100000011111100110001010010011100100000000000000001100101110
0010111110110011000111110010111101100100010011000111100110110000
0010100110011000110100101111011001000100000001001000100010000101
0010010001101001110101100100010011001100111111011110101111110010
0010000101101100100100011000000100101010110011000100101010100011
0010100010001100111010011100110000100001010101000010000000110011
0010101110111011000101011000010001011111110110011101000100000011
0010101000000011111101101111010101000101111000001100101001111010
0010001111010001010001111001100110110010001000101111100011011100
0010010000011100100100011100010011100100000011100000100111000100
0010001111100000110111011001010001100110000010110011100010110110
0011001101101011000011101010011001100101110011001111000010010100
0010001000111100001110000000110001100100010001011100110110101100
0010000000000101100111111000000101100110010010100111101100100101
0010000010011000100110010110110011010001000001110000001011100101
0011101011111110101111111100010010111100110111110011110000010000
0110001011110000110100111000100110111101101011111110100101001000
0010000111011011000110000101010001011010010001011000100010111110
0110011011001111100111101100010111100101111110001100000100101100
0010100110110001110011101001011111000011001110001011000010001110
0010001100000011100011011010100001100100000000100110001010101001
0010101111011100100100010100110111100100010001011110101000011100
0010101111110101100111001000110001010101111110110101110000100011
0010000100001000111110010101010110011000111100111001000110111100
0010101111110000101100001000100000001011100111111000110000010000
0010001101110011011100111000000010101000110000000010010001100100
0010011000010011110110001010010111101100010001100010001101101000
0010001011100001110110100001011010001111011000111111100111100000
0010100010110001110111101001011011000010001100001111000110011100
0010100011010001110110000001011111001110001100000110000011011010
0010001000001010000101000000010010000100110010000010000011111000
0010000101111010010011000000110010101111110100001111000111011100
0010011000011111100100001110010010100100000001100010000100101000
0010000111011001010000010011010001100101000001010011001000010001
0010001101111010110101011000011011100101110011100010000011111000
0010110101011101111100000110110111001110111111110011110001111000
0010111000011011101010001011010110101100001001000010101101001010
0010101000011011110100000000010111100100010101100010110111011000
0010010011110110100001011111001001100110000101101000110010010100
0010000110111011101000011100010101011000111111100110010010101001
0010101101011011000011001000010001101100010101000111001011000100
1010100010110001100111101001111011000010001100001101010010110110
0010100011111110010111001000011011001000010010001011010011111110
0010100100110010110001011000011111100110000111100010101111100001
0010001101111111010111100010110001100101010011001101011110000010
0011011110010101100111110100011001010101011101110111010010000100
0010100010111001110110101001011111000010001100001111100110001100
0010010100000001101000000011101000001111010011110110000000000000
0010110101000001110001001010000110000111111011110000000110000000
0000100011110101100100100110001001100010001110000101110110100101
0010011011011001010100110111010111000111111001011101001000110000
0010000001000100010001101101010110111001110011101110000101101101
