0010001100110010110000001100000110010110111111110100001010110101
0010001111100110000001000010100101100100111000000010000111100100
0010110010011101000100100110010011100010010011011000100100101010
0110111010011100000111101001110000111100110101010111001000000000
0010000011111011011101010000100111101110011111100001101001111010
0010000010101011010111000010000101101110001011000101111001111010
0010000110001010110100111011100010000000101110101100111000111100
0010000000000111111100011100000100111010110111110100001110110000
0010001100010001010100010011110010101010101111001001000110101111
0010111010010100110110110101010110101101110100100100101110000001
0010000100010110110010000100101010000000010010110100000011100110
0010101011001101010110100110010011100110011011110100111100111110
0010010101000111000111110000110101000001000111000010010011001000
0010100110001100000010001000010100100111101101000010000000100000
0010001101111101001101011000000010101100111011000111111011010000
0010110101001110010100000011010111110100111011011110001101100110
0010011000001111010111001010010111101100011001100110001101101100
0010100010000101110000100100010111000110011111100000111101101100
0010101110110000100100011110001011100101100000000001000111000101
0011000000011000101000111101010111000000101011111010101110010010
0010001000111010110101001110011011100101110011001000000101111000
0010100110110011100001111011011011100010000000101111000110000001
0010001101111111000110010110010000110110000001100111101111101101
0010001101111100110010111100110111111100100011001100101110010111
0010000111001000001110111011111011000100101110000101000100101110
0100000101101011111101011010100100001010100000111101000011110010
1100001111000010101100110100111001100000110111010010000110001101
0010010000111000111100101001011011100100010011001011100100111110
1001011110010101110111110100011110000011010101100000000000000110
0010010011111000111100110001010011100110000011001111100111101011
0011010011111000001110100011100101100100110011000111000000100001
0010000101011110010110010010000011101100010011000010110111010100
0010001000001011010101001010000101100100001000001110001100001100
0010000000010111101000110000010000110010000100000000111010110110
0010100110000101100110011011001001000011100100000000010110111001
0011010100001110001110010101011110000110110110101001101010011011
0010101101001111101111000110010101101110001011101101010001011001
0010011001011111011110001111111011100000000011001000000000010000
0010000000101100000101100101100110100111001011100101101000001010
0000000001000100010000000101110001010101101000010100110011000101
0010111110011011000110000101110101100101011111110000110011111010
00
0010101100110011100101011000001011100100100001100000000011000101
0010001101110010000110011001110001011011000011110110011110001001
0010111010111110101111110100110110001111010100110011011100110010
0010010100001010000100010101110110100110100010101001101010011001
0010001101110001111101011000000010000110001000001111100010000100
0010110001011010010100000101110101101100111100000010110001010010
0010011100101011111011010000110001100110100011100100000110001011
0010010110000001000101100101010100010100110111101101101010101011
0010011001010011000000010100110010100010100010011101100100010011
0011101000011011011000001110110111000000010001011000100010100000
0010101110111010111111000011110010000010010111000111010110010101
0010100100010111110101100001010000101010000010010111000011001111
0010111100110000010000110001011000100011011111100111101001101110
0110000010000110110011111000011100100111111001100011011000101100
0010011000001111010110001000010010100100110011000010000101101100
0010001101111011011001111010100101000000100110010101001010000101
0010110100010011110001100000110000000110101100001000111000011001
0000010000010111001100110011000111110000111110101101111000010001
0010000000010101110000101100010010000100111111110000111100101100
0010000011110001010111101001010011101111101110001010000011111100
0010000110001100110010110000010000011000010000011001101110101001
0010110010010000110110001011001011100011000010001111100000101110
0010110010010000110110001011001011100011000010001111100000101110
0010100111110110011110010011000001101110001011011111101110111111
0010011100110011100110100100010010101000100001100100101010000001
1011100110111011000101101000110010111000000111010100101010110000
0010101000010001100100101101010000000010010000001101110000101110
0010010010001101101100111000010010100111110011001010110000101001
0010001000010110100111001001001000000010001110010000000011010000
0010001111001001011101110001010110100100010111101100000000101110
0010100110110000010011011001010011100100100100001111100010011101
0010101111111011010010110101111111000010011101101111001100001100
0010110001010010011100010110111111010110110010111110000001111110
0000010110000100110111111101011100000010010100100100100100001111
0010101011010100011110110001000000101100010111101010011100100101
0010001100011111001010100100110001100000011000011101111100100011
0010000110001111110000101111111010101100100110001110001001101110
0010000000011010000110110000000001100001010111101110001010011000
0010000101010100001001001100010111100110101001010010000111011100
0010101000111010100110010010100101111010110010010011110011100000
0010001010100100111101100011100101011100000100110001111111000011
0010011101010101110111101100010011000101111011000110010111001101
0010011010110000001111100010111000101010010110011011110010111010
0010001101110001010111100010011000001111001000100101100101101100
0010001100110010010101101000001011100010110110101101100111111110
0101111011011111101111111100110011011001110100110001011100110011
1011100110110011000100110101001111110111101011000010110000100000
0010100000010010100110110111000100110011010010010011010110100000
0000110010100001101110110011000101101010110010010001100110100001
0010001100000110111010110111111100010010100110000100101010001000
0011010101111101001001011010110101110000101000000111101010000010
0010100101010000011111001101110111001010001100111011001010000100
0011001010011110001110101110110001100000010011001110000100111110
0010000010110011100011111101011101111111001000000110100110010100
0101001010100110001001101010101101111000000100111001011110000011
0011101110011101000110011111110111000000010010000100001000110100
0100100111110011100100011110001011111100100000011001001010000001
0011000110100100111110001111010110001000000000000100111010010100
0010010000110011111111010000111000111010101110100111010110001010
0010000011110101111101001000010000111100011001111000001010110110
0010001111101100010101011000010110111100110111101111000111011111
0010001010110110111010010101000001100000010110011011110011101100
0010101101011111000000101010010110010010100010000110101011110111
0010000100101100001101100111110101000000110001011110101010011010
0010010101000110111100100000110011001010101000001011010111111100
0011111000000110111001001000101110100011011000100101100000100011
0010001001010011001000101001000010010000010110110111011011101010
0010101000110011100000011000000011100100100001000000101010100001
0010111011110101110101101001010011000111001101000111010110011100
0010000101111000100100010000100011101110100111000111101110101001
0010100111111000100100101000001011000110001111001111000100010000
0010001110111100001100110101111010101110000011111000000110001101
0010011001111000101100010110000010100110000111001101100100110001
0010000100011111011110100111111011100000000001100011001000100000
0011111010101000011001100100000010110111010000111110001110000010
0010100000110111011111101000110000000111000111010000000111000100
0010001110001100010000010101010001100000010010000100001010110100
0010000111001100011111110100110100000110011101001110100000101100
0010000111011101010100010000000101000100001000011111101010000100
0010001010011010101110010000011000010100100111000101001010111010
0010100111111100011111111001010011001100011100001110000010101010
0010001000011110111110000110010001100100000001111100101100001110
0010001100111000100100011011011011100101000011001011000110000101
0000000000010101000101100010100111100100011110011000011011011100
0010011111110110110011110001011000100000000111100011001110101011
0010001001001101010110001010010100100100011001000001111100000100
0010011001011110100101001110000010101100100111001010011000101100
0010000111011001000100000101010101000100010011001101100000000110
0010000010000010110101101111001001100000111110000110101110111101
0010101110010100110110010101110000101000000010110000101110111101
0101111011011111101111111100110000110100110101110111111000010011
0010000100101111011110110010110101101000111110000110101100110011
0010011100110001100100001011001011101100010011101011101001101101
0010101010010010110000011101001001100000010000100000111010000101
0010000010000011011110000110010000001100000000001000101110100100
0010101010111011010101001100010111100001111011000000100101110000
0010100011110001110111101001011011001010000110001011000110011100
0010010000010011011110000110010000001100000000001000101110100100
0010001101010110000000000011010011010110001010110110010101110111
0010000000010111110101001010010010010010001110010000011001111010
0010000110111001011101101000111010110110111110001110001110011110
0010010011110001100110101001000111001010001101001111100100011000
0010011000111001010011111110011111011011111000000000010111001101
0010101101111000010001001010011011100101000011001010100111100101
0010011000111011001111011001110000110101000010101010000010011110
0010011010011100001100101011000011100101110010001010100000100100
0010101100100011101111001010010011100100100000000000001011110001
0010011110011111000111000100010101000000010101000000000110010001
0011000011110001001111100011111000000010001100001101000110101100
0010011011010100111011001000101000101011100100000010000010110100
0010000000000000001010001010011101001100001000100111000101101110
0010001010001101001100011101010110011010001000111110100110111100
0010011011010100011011001000101000101011101000000010000010110100
0010000111101100100110100100110101111010000101001001011000001111
0010110101010011011000100011100010000111101110100011010010000111
0010000110011001100101010000110001011001000010110100111110011100
0010100110111011010101101000010011100110101100101111010110010101
0010010100101010011100010001110001101100101111001110110110100110
0010001111111110010111001010110001101111101011000010100010010000
0010000101010010011100101000111111001101000011100011011110000001
0010001101011101110100001011110111011111101011000101000101111101
0010010010100110010101011111010111100101000011001111110001101110
0010011000011111010110001010010101101100010001000010001101101010
0010000110100111011000110001100101010111011011000010100010100000
0010011110111011111000111000110010111010110011000001011011011001
0010000101101111110111011001010111001110001111000110010111000000
0010001101011010010101000100010111100110010011011001010001100001
0010100111100000110011111101010010111010101100000000100001000001
0010000100000110000001011000100011011010110011001111001111011001
0010111000001010110000011011011100101100000001100011101101100110
0110001001111110110111101100010010100101110111000110101001111010
0010001101110011010111001010010010000101000011100011010100100000
0010000101010111100001111001010011011011110110011110101110001001
0010000101111111110110011100010010101110110111100011010110001000
0010011000101111010110101001000010001000111010000111111011011010
0010101010010000100110000101010011000011000010001001100111000011
0010100010111001110101001111010011000111001101001110101100001000
0110001100101101101100111001000010110000001000001110000010010000
0010100010110000110111001001011101000100001100101011010001111010
0010011110001110110101000101111000111110100111101101111100110011
0010000000010010101101011010001000100001000011000101110101011010
0010000010110101100110010001010111100010001110001111101010100100
0010100010001110000010000000010111100001111101000010000000010101
0010100110111010110111001001011011000011000110000010010010111000
0010001000101110110101001010001010100101110010001110101111111010
0010001101100100010110010001110011100010101000000000110011001000
0010100111110011010111100000110110111101110011110010001111101000
0010000011111111011111001100000111101100111010100010001010101100
0000010001000000000100001100001100110100101011001011110011110010
0010101111001011100111110111111101001010110111100000011010101000
0000010001000000000100001100001100110100101011001011110011110010
0010001111010110000100110000100111101110000011000011110100111011
0010001101111011011001111100010010000000011111110111111111101111
0010010111011100000101101010100011110101100011000010010000010101
0010010100011111110011011010000100100100000101000010011000101110
0010000101111110010111001000010111100100110010000010100011001100
0010001000110001110100110001010010100010001101001000000110110100
0010011000011111110111001000010111101100010001000010000101111100
0010000000010111101011011010100000011011000111010001111111111011
0000010001000000000001101000010100110000101011000010000101100010
0000001001000100111010010110010101110010001010100000100111000101
0010100010001111010011101111101010001110100011101000011101001010
0010100111011101000110000101010101001100011101001101101000000110
0010100111011101000110000101010101001100011101001101101000000110
0010111011010111101110111100111101010100101101111101111000010011
0010011010001001111111101001011001100110000011100111110100110001
0010011000010010100100011010000010101000001101001000100110111100
0010000101110011110001001001001011101100000010110000100100111101
0010000010011100011000000010110000000011111001001010100011010101
0010101101001110110100001100010101100110110011000010110001101000
0010001100011101001110100110110001100000010011000110001010101010
0011110000000110110101010000000111100010001001101100100100010011
0010010100000001001010101110010001010010111011010110000111100011
0010101101111001001100011010000010000100110001100000111001000010
0100111001001111101111111000110100100100110101110111111000010011
0010000000000111000111111010110001100001100111000110111001100111
0010010101110110100101001001000111101100100010001110100000101001
0010000100110110010111010101100111100110001110001110110010101101
0010000100110110010111010101100111100110001110001110110010101101
0010011001000111001101001101000101100101101111110110101001100110
0010011011000001011111001001000101101110101101100110101000100110
0010000000111011110111001000011010000011000110000101000111011000
0010000010111011010111101001010011001010011100001111000110011100
0000111001110110100000001111000111100100110001000001110000010111
0000000100111001011101111010000010001000011101011011101100001011
0010001101110001010111001010010011001101000111100111110001111110
0011011100111100010111100100011000000011010101100000010101010001
0011001110000100001011111010000101010101001011101110011000101000
0010001001000100001110011011000101100000000110011110101100001100
0110001101111010110101101000000010100101110010001110101101111100
0010100100011100000100010011111101111100111000010100001110101010
1001011100011100010111110000110111100001000101000000000011001100
0010010011011101100000000000110110001101001000010011110111000100
0010011001011111010110001010010110101100001001100111001101111100
0010010000110000011100100001111010110110000010100000010000110011
0010001101110110010111001000010011101101110011000010000010111100
0010000010110001101000010010111000010011001110110110010010111111
0010000010110001101000010010111000010011001110110110010010111111
0010011011000010001100010111111011100101001011001011110101010111
0101101001000111101101111100010011011001110100000001011100100011
0010000000110111100100011010000000110011001100010111111011001011
0010100010000101100000100111011011100010000010000111110110110101
0010011001011101110110011010010110010000001000000110100101010100
0010000101101011000101001000011111010010101011000101010000111110
0010001001010000011110001000010111000100111011101001000011101010
0010000001110000110110111001000110000010101110100000010000011010
0000010011100001001111100011111000101010100110011001101110100001
0010001101101111010111000010110101101111110111001110100111000010
0010101010010011110100011010111011100101100000100011000010000111
0010000000000111000110101110000110000001100001100101101011111011
0100100111110110011010110001101011101111001001111101001111100100
0110001001100000110101001010101110100101101010001110101111101010
0010100000110000110011100000110100000101011101000011010011100000
0010011000000100001101101011010001000000000001000101101011010111
0010001000000100000101101011110001000000011001000101111011110111
0010101000011000100100100111110000100010001001001000110000010111
0010100010110011110111101000011011001110000100001111000110011100
0010100010110001110111101001010011000010101100101111000010011101
0010001101111110010111001000010011101101110011000010111001111100
0010001111011100110010010100010101100000000110010011100011110110
0010001101111101010111101000010011001000111110000111000111011100
0001010011100001001111100011001001111001110101110101000111010101
0010101100010001010101100010111000000011000110000100111001001000
0010101111110000010110011110000111110001000110000100000110101110
0010010110110100100000011001111001100100001010001110100010010010
0010010011010100110110010111110111111110010011000010110101101110
0010010100001100111111010101110100101110011000101001010111011110
1010100110111110000101001000010010111001010011010100101011110100
0010010000011011001100111010011001100001000011000110010110101101
0010100001011101111100110001110000111100110111110011110110000011
0010001111001101011100010010100101000100000000010110101011000100
0010100010111001001111100010010011010000011101010110001010100000
0010101101010011000111000010011001000100100000100100001010000110
0011001101011000000100001000010111110110001001101111000111101110
0010011001111010011101111010010011101111100110001110100100000001
0010000101010000110011010100001111101011110100000110101111011001
0011001010010100110000110101010001100100101100001100001010110000
0010100010110001110111101001011011000010001100001111000110011100
0000000001000001111110000010000011100010101011011100000001100010
0010010000011100110101111000011111100110000101001111100100110101
0010001000010100111110011001010101100010010111010100101100100100
0010001100101000101001111110000010101000111100010000101111100000
0011101100000011110111110100001110001111111101001010100010101000
0001000011101001001111111111010000010010001111111001100110100111
0010000100010010110101110000000111100011010111000010000100100100
0010100110100011100100101101101101000110000111001000110100000000
0010011010111010011111011010011011101101000011100110000110010000
0010110010010101010111110111011000001010000100001011001110011100
0010000101011011001110100111010001101100010001011101000000000011
0010001011101100100011010000100011101100101111000111111011101111
0011000110111101101111101101010001000010011001111001100010011100
0010100001011001010111101001010010100110011001001111000111001110
0010011010010101111101010100111101101100000110010010110110000010
0100001010010111001001111000000000010001100100110101011011100010
0010001100100001000101110110000010001000110011001111010000001100
0010011100110000011111110100001010101011010100111111001111000001
0010100100111011100101101000010011100010101011100011000101101001
0010100010110001110111101001011011000010001100001111000110011100
0010101111011100010010001100001011101000010111111110111011111101
0011000100110001100101111101010010000010101110011100000110001001
0010010001011010101100011000010111101100100111000111101001110000
0010000100110001100100110010100010001000101101000001101101000011
0010001101000010010110001010010100100100101001001111001101100010
0010110101000111100101000110000100110110101011110010010000101011
0011111011011111001110100110110001100100110001110111111000010011
0010001100111100100100011000011100010011001011010100110110111110
0010010000001011100101010111010001111110100011000000101100110000
0100000101010110011000010101101010001000001000101101011100100100
00
0011001000011011010001001111010010000100000000101100101011100010
0010101010011100001010000000111001100000001111001111011011111101
0110001011100110110101101110000111111001000001000101110011111110
0110001100111110010110001100110011100101110011011100100100001111
0010001100100010010111110000110111100011100110000100100011011010
0010111000001010001000111001011100001000011011000010110001010110
0010101100110011100111011000010011101100100001100000001011101001
0010111011011111100101101100010100110100100111111111111010111111
0010011000011111110110001010010110101100010001100010001101101000
0010011001011111110110011000010100101100010001100010101101100000
0011001001000111001110100001000110000100011001010111101010011110
0010101011111111111111111000110010100100110100001111001010011011
0010001000111001010110111001110010000000001010000111011100010000
0010001110110100000101100110100000101110100110111001000110010111
0010010101100010001000010000111100010010000010100101101111110111
0010100010110001110111110101110111010000001000010111001110111100
0010100100100001100001011011010111001100001000100110100011101000
0010100010110001110111110101110111010000001000010111001110111100
0010110011010011111110010001111111101110100110100111100110100011
0010100000010111110101101010011000000011001110000101101011010110
0010100011010001110110101000111011000010001100001111100110010100
0100011001000110100110110111010010010110001011101100110111011110
0011000101000011100101011000001011011011110111000110001110001001
0010001111000110010111001000110001110101101011101010001111100011
0010001111000110010111001000110001110101101011101010001111100011
0010111001011000001000111001110000100100001101110111111100010110
0010010010010011010011100111110001010111011100001111000111001100
0010001101111101011110111000110010111001111101111001001011111101
0010000101010110001100010001110001101110001011111111100000011001
0010111110101010110000101011011010001010000010100011100100100100
0010110011010010000100110111111111100111000101001011000100001010
0100100000101110110001010000001011100001001011000000011110010101
0010101000101000110101011111001111101100000011000001100011001101
0010001101110010010101100100001010100111100011100110111000100011
0010001110111000111011010101111001011000001110011001011011010110
0010001101100011010101001010001001100100100011000100111000101010
0010001100011110011110000010110001101000010011001110101011111100
0010100000010111010000101010010111100100010000001100000011010111
0010011101011010010111110100100010110100000101111111100000110010
0010001010011110000111000110000010111000000100111000000111111110
0100000000100110110100001110100010110001101110110100101100100110
0010011000011111111110011000010100101100010001100111101101101000
0010000001001110001000001100111100101011100111000011111000100000
0010010101110000010001101000110111101101111010001110101001110110
0010100011010010010000010001111110100111110010111111101111100101
0010001100110101000010010100010010101110110111000101101111000101
0010000000000111111100011100000100111010110111110100001110110000
0010010110001110110100011010100000110000100110101111011010110011
0110000000101010001010111100111101100011110101000101110111000001
0010011000001011110110110101110100100100010011000111101110001001
0010100010000101110100010110010111000110011011100000111101101110
0100000000101001011111111011111111101100110011000100101111010001
0010000010100000011100110001110100011110101111100001011001110011
0010001111001000110000011010101101010110010010001110000111110111
0010000011101000110101101101010111000110000011001110000110011100
