0010001010010100011000011101010001110011100010111110100011000000
0010001000001010110001001000001111010011101111011001010111011010
0010001010110110110000010000100001101010100110100111110000110010
0000001001001001011111010010010101101110010011010111000111011000
0010000000110110001000110001000011101010010110111111111001111011
0010001000010100010010010110001010101010011110110001100010110001
0010010010010100111011010111000001100000110101110111110011010100
0010111000011011011110010000000011001100010010011100111001110101
0010011001010000010110110010001010001001010110110110110011100001
0010001100111100001100001000110010101111110110001100010011001101
0010000000110000011110010010010110000010101110001111110011110011
0010001010101100011011010000011001101011110110001111111111010011
0010001101110100010100100001110010100010000010110011110011110111
0010000101100111100101110100000100011010101011111101010010101011
0010100101110101101001011001110110111010110011110100001111101000
0010000000111001000101011100001000001010000100110101011010110100
0100101011011001111000110001100010101000100011010101110010111111
0100000000011011011010111111100011000000011100111101010001111000
0000011110110100100110010101000011101000000100010000011000000110
0010111010111100111010010100000011101100010110110010110000110110
0011001100110000010110100011010010110010000111111100111010100000
0011101010110011011000100010110000101101000001010111100011101101
0010001000010110110011010000010010101101110110101111111100010001
0010001011010101010010111111000000110000110111101111000011110000
0010010000000011100000010001011111001100011010010101101110101000
0010001101111000010100010100110000100110000011110111000110101000
0010000100110101110100010001010011100000010110010010111110111111
0011010000011110010100100011011111110010111011110011100101111000
0010001101111100011000010001100100101110000011110000100001110010
0011001011110110010100110011110111100000010110101111110011110011
0010001000101110100110101001001110101000001001011010010100011110
0010010001100011100111011001000111111000100010100111100001100010
0011101001000010100000010011100001100100010101001111011110001010
0010010111011001100000001011011101010001010011010111000010100110
0010110101110111010100010001110010101010100110001101011000101100
0011011001111010001111000110000001101100010001001010000000011000
0010010010100110000101001011000111110001100101101110100011111010
0010001101110100010100100001110010100010000010110011110011110111
0010010110000111011010111001011111101000010110110111110110000110
0010011010110101001001110101000010001010001111110100111010001011
0010111100110000111000010010000011001000010010110010011110111100
0010001000011111110011011110010010011011111101000110101100101000
0011111101111111011111110000100010101011010110111110111100001100
0010101010011100111000000101101011110000000010100110100111010100
0010001010010111100100101100010011001010000000111111011110110011
0010101100010110111010110100111011001000010011111000100011100101
0011000100010100101010110100010000100100000111111111111110011001
0010101100100100111001101100100000011000010000111111111110011010
0010000000100000100101101000101010101111100011001110111010100111
0010101001000010110001001100011111111011100011100010001001101101
0010001110001111110101001001011111001010001100001010110101110110
0010001101111000011100010000110010101110000011100011100110111001
0010010000010100111000000111110100110010000000010000011000000101
0010000001111100110111001000010011101110101111001111000000111100
0110010011000101000000010101000100110000000000000111011010010111
0010010000011110000100100000100001100100110011001111101000000011
0010011101000000011110010010100001001000111000001011010011010010
0010001101111010010110111000010011101101100011000011011011001011
0010001000101100010101011001000111001101000011100110100110101000
0010110011010100011000011101001011001100010110101100101111001111
0010000001110110010100110011000111110101001110111111101010000010
0010111101100011101111010000100001101010000110110111111101001111
0010101011110100110100111001011011100111000100101111110110111011
0010000001111000010100110010100111101010100111001101110010110010
0010110010011101011110010101000101101000010110000101111011011010
0010010010000100101110000110101001101010010111110011111110111101
0010001110111011010010100010111011000000011110011000000100101110
0010010101011001010011000010000110000100111011001001010111111100
0010001101000101100100111011000110011010001100110110110101000011
0010101010001001011111010100101010001111000000010000110011110111
0010000000010100111010010111010101110000011110100001110011010000
0010000101010001110101110111010011110010001111000111111010110010
0010000111001000100100010001101101011110101011000100101000110101
0010100011011111001110000111001101100001010011000101101110111011
0010011000010110011111001110000101011101110111110000100111111100
0011110000010001110001101010001111101001111001000111110000011111
0010010000010111011010010101101001101000010010010100111111100001
0010001100110000100100110100110010100110000101011000000110100001
0010101100110111110011011001011001100100110000000000000111100100
0010100000000110101111001001110010000011001011100101101100000000
0010001000101011011100010011111100101010000010100111101010111010
0010000011010111011001010111100101001010110011011001001011001010
0010101011011001001000010101010101101010011111010010010011001110
0011011001110010001111110110000010010101000101001100011010100010
0010010001111110010101000110110010101100000110100011100010101000
0010111001010101101000011001100111101100101111010110101011111101
0010000101111001111100110001100110101100110001010101100100100001
0010001011110101010111101011010011000000011100000111110111111010
0010100011000110110101000000100011111001010101000011011011111111
0010010000000101011101001110000101101101101101101010111101010010
0010111110010110111010011101000011001001010110110011010011110101
0010011100010100011110011001100001100101000010000110100111111100
0010101011010110110010011000010011101001010110101010010011101100
0010010000010111010101110110001000001001110110100111100111111000
0010001011010111010000000010010111010010110111001000000101110100
0010111011010000011111010000001001100110010011100111010111110101
0010001010011110110111000000010110100000010011001111111101101000
0010100000010100011000000000001001101011000101001111110011111101
0010100000010100011000000000001001101011000101001111110011111101
0000000000001100011010010010110101100011101011000001111011010000
0010000000110000110101011110001011100101100010001001100010101010
0010101101101001010111110110010000000101000101001101101110000100
0010101001001111101011110000100011001000001110110111111000001000
0010000000011010011110010000000111011010100110010111111111111010
0100000110110101100010000011100101100110110001111110110010001110
0010110011111110111100101001100011100110100001111001100110111101
0010011000010111010011100010001011101000010111100010100110110100
0010001101000100000101110010000011100010100111110111100010100111
0010001101110110010101111000010010101101110111101111110011111010
0010001110010101100101010001100111001100100011111100101001110001
0010111011010101101101000111000111100000000111101101100010100010
0010100110011000011000111000010110011100110110001111101110010101
0010011111110100011000011001000011110001010110011111101011100101
0100000000111111110011000010111011001000111110000111000011001110
0010000001111101101110110010111001100100100010110011100000110101
0010001000111111100010111100110001101010010111111011110011111100
0010100010000101111000110001101101100010101001010011111010110011
0010001110011000001000110000110100000000000101010111010010010011
0010001000111011101000111110100011001100011110001000000010111000
0010111011110100110100110101000010111010010110110100111111111000
0110100011101101111101010000100111100001001111011110000011001100
0010111000010101101110010101100010100100011110111000110000010100
0110110100100110010110100011000111001010011100100110110011010001
0010001001111000101110111010001011100001000101100001100010100010
0010001100111100011100110101110010001000100110111001011110001100
0010110101100110011010101000010001100011010010000000110000101100
0010011011110100110110010001000011101000010110100010110000110110
0010010000101001101010011100110111011100101010111010110010000010
0011000000111011010101100111011111000010001110101111000100001110
0010010101011000011110100101100010101010001001111001111010011101
0010001000111010011110100001000011110110000010101111000010100000
0010001011000110101010010111001001001000010010010100011110111100
0010100110110000010111111000010011100111001100001111001110011000
0010001010010100011010001001110000000000000111110101100000001010
0010010101011111010110010000010101101110010101100111001101100010
0010011011010100110110010100001011101001110110011111110010110000
0011101001010100110111000010001011101101000011100010110101110101
0010011111000010001001111100011001100100000001000001111011110100
0010101000010000110001010000100000101111000001100110100111100001
0010000000111100000100110000100110010110101100011101110011111010
0010011010110100100110011001111001101111100011110111110011110011
0011101011110111011111110001011011100000001110001111110100111110
0010111010111110000011011100100101100101000001010001000011011100
0010000011110000010101110011000110111001100111001111100010000010
0010011100010110110111000000100010011110110001101111100111001101
0010011001110010000111011010010011110000000011000010011111011000
0010011001010100110111011000000001101101011011000010110011111100
0010001101111000101101011010010011101101110011000010000001101110
0010001000111011010000101010000111011001100011110111101011010010
0010011000101000011100010101010011101000000011000111110111011101
0010000110101110010100111011010111110000010011101110110011110011
0010101000010100111011010010101000100011000100100101111110111111
0010001001111000110100110001110111100100000111100001110010110000
0011001110010001100100010111000011101100001101100001100110110100
0010001010011110110111000000010110100000010011001111111101101000
0010100010110100001001001011010111000001100101001100000100111111
0011001000011111001110100110010001000000010001001101111000000011
0010011000010101111010011010000110101100011111100010101101100001
0100111011001111100001011001000011101000110011000101110010101111
0010110101110010111101101011010011001000110010010110110011111010
0010111011011101111011010100000001011001010100110011111011110101
0010000101110010110100011111011111100101010000001011000000000100
0010001110110101010111101011010011100000010110000111110111110011
0010101010000100011110000101000001101101010110100001111010010100
0011001001110100000101100011010110101000100110110101110001111010
0010011110001010001010010000010001110001000010010010011010010101
0010010111110010110100110111011000100110011011101100100100111001
0010000101111000100000100011101111001111001011110011110100111001
0011001011111011010100100011010111010000111110101110011000100010
0010011001101110100100110001110011101110101111000011101000010000
0011101101111111011010111100111010011001010010101100011101100100
0010111000110001010101010010000010101100010000000100000100011101
0010001001110000011100110010110011100100000010111110100101010111
0010010010100101011101001011000101110000100111111010101111010010
0010001111111110011111100010010011101101110011100110110011111000
0010011001111001001101100111000001000110110011010100101111111110
0010001101111110010111001000010011101101110011000010000011111100
0010000110110110110010110010000011100011010010111001100110010101
0010000110110110110010110010000011100011010010111001100110010101
0010011000011010010110011000001010101001010110110010110101101100
0010101011010100110000010101011111101000110111100000000001110100
0010010101010100010110011111010101101101100001010011101010001111
0010101101100100000101110001101010100000000111001111000011001010
0011100010011101001110101111011001000000000001001101101000000110
0010001001110110110101011010010110101100010111000111100011101010
0010101010110000111110110001010011100010010100101111110011110110
0010011001110100110100010001010110101100000111100011100000110010
0010101011110111110100101011100001111111000011110111110010110100
0010111000010110110110001001011111101100010101100011110101110110
0010001101010101010111100001010000001101011111101010000110110100
0100001101111100110011011000100111100101001001011010000011110100
0010101110101111100011001010100010011010001100011000000111000110
0010000000010110100000100001110101010011011010111111111111000000
0010011100111010001110111110100111110101000000011001011011000110
1010010100011000110010111110100000101100111011111000011100010101
0010011000111100110100010001000010101100010011100011101101101001
0010000101111110011110010000100011100101101001011011101010000001
0010010111011111011110000001110101101100001011000010010011010100
0010111010010110111011010001011001101000110111001100110111110010
0011111011011011111111110101110011011001110100110010011101110011
0010000101110110010101001000011011010100101110101000000011110000
0010111110011111110010011100010100010000010110110011111011111100
0011011000000000111010110101000011011000011100110001100001111100
0010101101111000111110010001111111101111100011011010101011100110
0010010111111100010111001010000011110101000011000010111110000011
0011011010010000101100011111011011100100000010101011100011101110
0010000000110010000101011111011001100101100011000010100000101111
0010101100100000011000011001110011101110101011100001000001000010
0010011110110010100101011011001011100100100011000010000000101011
0010001010100100110010011101001011100000100010010010100101011111
0010111010010100111010010101001001101000010110110000110000110110
0010100001010110111111000100000000110011010110011000101100100100
0010110011011101001110010101100101101110110110000100111001111000
0001110101000101110001100000111000100000110111010010101110100011
0011001011100110010100110011000001010110100111111000111011110010
0010101110110111110001111010011111100000010010110010001011100011
0010101111100001110100110000100101011110110001000011010010011000
0010001000110110010111101010010011101000010010000111111010110110
0010101001000001010011100011111100001100000110110011110101100000
0011101000000011110000001010011111011000110010100111100110101000
0010000000010100000100010011010101110001110101101110110001110010
0010001001100000100100110000011111110011000111101111010011100000
0010100101110100010100110010011010100010100110111111110011000010
0010010001110100100101110010000111100000111111001111100010100010
0010011001011111011110010001010100101100010000100111101011111001
0010011001001000101110010101111111010110101000010000110100110101
0010001010110110110110010100010011101100010110110110100011110100
0010001010011100011110000110010101101100010100010110111010010000
1000000101011011110100001000101011011111111101011011111011000000
0010001100110011111100110011010010100010000001100110011011111101
0011100000010000110101110110001000101001000101100111110011101010
1011001001101011010100110011100111011001111010101110010100111011
0010000000010110110001110011110011101001010110110101111011101110
0010100001111001100101101010001011101101101111111100000010100011
0010011100101111111110101000010110101001010011010000010010111011
0110010011111110010010001001010111111000110011000110000010111101
0000001010001100010110000001000000111001111010111111010111001111
0001011011100011011011110011011000110001100010010010101111100011
0010000100110100100100100111000110111111000110101100110011100000
0010001000011111110110001001010011101101111010000010100010011100
0011001000001000000010010011100001100001000100100111010111110000
0010001101111110111100100010010011000001010110100110111110100000
0010000000100100101100111000100111110011111110110010110011011011
0010101101111111111110000000011011100001010010111000110110111000
0010010000001110010110010000000101101010010010000100010111010010
0010011001111100000100011001110110100110100111000111100100101001
0010011000011011111110001010010101101100000001100110101101101000
0010011001011011000010001110100011000111010001101101111000101010
0010011011011110111010010100001011101000110111001010110000110101
0010001101111111110101011001010010100100010101101011011110111000
0010011011000101010001010110001000000101001100010001101001001100
0010001101111100011110011000100011101101111010001010001010001111
0010010011110110010100010010001010101001010110101111100010111110
0010001010110100100110110010011100100010010110101111010010010001
0010000001110110110101110000010111111000110111011111110011110011
0010001101111110010111001000010011101101110011000010000011111110
0010001101111101011100111010100010001000111110000101111101000010
0010011111001101000110000101010101000010111011110110001001101001
0010011001111010010110000000110010101111010011000011000010111001
0010101000110101111101101000010010001010011100001111101110001010
0010100101111000110100110011000010101100101111110111100110111001
0010111000001111100010100001111100001011101011110100100111110001
0010011000010110110010011001010001101100010001100110111001111100
0010011000011101110110001110010110001100010111110010111000101000
0011001001110110000101100011000111111000101111100011000010000010
0010001110110101011010010010011111001000000011100110001100111011
0010100111000101100100010110000000111110111100101111110110000111
0010110111110101110110101100100010100000000000001011001010100010
0010001001111111010110100110010011100000010111001111110010010011
0000111010100110100111110011111111111100101100001010001100011001
0010101000000000100000001010001111101000101011011001100011100110
0010101001110010110101111010011111100000110110101001100011110010
0010110011111001110111100001011011000000011101000111010110111110
0010011000011101111110011010000010101000010111100000001101100010
0010011000000010000011000100011101100100001101101111000101110100
0010101010000000101010010111101001100101000010100111011010111001
0011011001100100100000110001110001100000001110011101010010010010
0010001001110000010100110001000111100000000111111101110010111010
0010100010110001110111101001011011000010001100001111000110011100
0010011000000100011100010001000011101000010110101111110010110000
0110010011000000011011011001100010010001001000011001100100001111
0010011010011000101100011111011011100101000011001011100011101100
0010110000010101001010010001100010111100110101010111100010101101
0010111001011100100110010001100111101100100111011111111011100101
0010110011000100101010000011000111111000110000101111111010110111
0010001000010110011101000001000111101101101110111111100011010000
0010011011110100110000010001100011101010110111001111101011100101
0110000111000001000101100111110000100001100101110010101010100101
0010100010110001110111101001011011000010001100001111000110011100
0010110001001011101000101010000100011010110001110101000001010001
0010001101110101011100111000100010001000111110000101111101000010
0011100010001100011010100011100111111011001001100101011011110011
0010010101111101101010010001100111110110001011011011111000100101
0010011000011111111010001010010110100100010001100010101101100010
0010100000110100110101110001011011100000010110001111100010111100
0010000001110100010110010011001111101001010110011100110011111010
0010001001111001011101111000010011001110101010001011000010011000
0010101110110101011100110100000000101000111110110101111001011010
0010100010011101010110000101010101101000010110000111110011011000
0010101011011100111010000101000111111100110101111101001010111101
0010100010110001110111101001011011000010001100001111000110011100
0010010101011111010000001010000110000100011101100011100000101000
0010010010110110100110010010010111111100010011100011011101010000
0010011000011111110110001010010110101100010001100010001101101000
0010011000011111110110001010010110101100010001100010001101101000
0010100010110001110111101001011011000010001100001111000110011100
0010011100110101101110011010110110101110110110000010001010000011
0010001111011100010100000001111011110000011110011110001111110000
0010110101110000111101100011110011001000110110010101111111111010
0010011001011100111100010001010110101100000011100010011001111000
0110100000011111111010010001111111001111100110011110001011111100
0010011101111110000101011000000011101100110011000110100000101001
0100001101111101101101111000100000011000110101110101111000010010
0010011000011111100110011010010110101100001101000111101101100000
0010100010110001110111101001011011000010001100001111000110011100
0010001001111001111100110001100111100110100110001111100101111000
0010110000000001011001100011100000111011000000100110111111101101
0010111010010101110000110111001001100100000010101100101010100000
0010011110110110011110011100000001101101010011000011011011111100
0010000100110100010100110000000010101100110110011110110011101100
0010101011110100110100110011001111101000010110111101110010110010
0011011010010000001010010111000001100001000100100111011011111101
0010011011010100110000010100001001101001011110010110101010111101
0010001101111010010111001000111001000101100011000110010001011100
0010001101111101010110001000010011001100111111000101101001000110
0011101000001011011010011001101011011000100000010011110111111111
0011101010110001010110101011011111010000001100101111010100110110
0010101010110100110110110001011011100000010110101111110011111100
0010001110110110000101110101010101000100110110011110011000101011
0010011010010010010101111010001011101101000111000011101111010100
0010011000011110110110001000010111101100010001100010001101111100
0010100010110000100100111111011011100011000001001111000100001100
0010101000100100100000010001001111111000101110101101000111110110
0010010101000011001100111001110100001000101110000111111101100010
0010010101111110010111001100010011101101000011000010000011101100
0010010000000110110101001010100001101110001001100011100000010111
0010100001110000110101110010001110101001101111011101100010001010
0010000000010101001110000011011010111011000010110100100010101100
0010111000110100111101110010000111101001011111111111110011001010
0010100010000100010111110010001001101000010110101100110010110010
0010000100101110111001110010000110100101010110001110110110001000
0011000001011111010111001000010111101100110001011011001101111110
0010011101111000011100110001100011100110000011110011101010111001
0010100100110001110001011110011000001001000101101110010101011111
0010010100011101110100000010100001011000100011001011111011101010
0111100110111010110001001001011110000011000110000000110010101010
0010111101111111011111011000010010101100010011100010011101101100
0000000101111100011011011101010011110101111000001010011010100101
0010100010011001111010110001001011100010001100101010100000101101
0010010000010100011010010010011101100100100000110011110111101100
0010000000000111101100110110011011100110000111111111111011100010
0010001011110100110010110000101001101001001110100011011100011101
0010011010110110000110110111001100011101000011000001001100011000
0011101110100000011010101110000101110101000000100000010010011100
0010010000001000110010010011100101110001000000000111011000000100
0010010100011110101010101110001010010101110101011100101111100000
0010111001010000100010010101101001101000110110110011101110101000
0100000111100001100101111000000100011000110011011100111010100000
0000111011001101110011100000100111010000000100001011110000011000
0010001001011100101110000110110011100100110000011111111000000011
0010010101111010000111010110110001101101100111000011001011101000
