0010100010101101011111100100010001101010001101011011101101000010
0100110111101101010101110111010011011000010111010011100010000011
0010010000000010111010010101010101001010000111001100101000110010
0010011001111100111100110100110011101100010111010000100000100010
0000010001101000001100010000100001011010000010100010100010100001
0010000101000011110100000001010101001001101101001111011011101001
0010001011001110111001001100101110101010000101111101001101110101
0010010101111010110011000010010001011100100110010010100110001100
0010010010011000000010010100010001011010011011010110101110111111
0010001001101100010100000100010101101011000011001010111110010111
0010000110000000001010010111000101101001010101001011110110010000
0010111000100000000001110011111010111111010011010100010111111101
0010011100001011101001011001011110010110010001100010001100011000
0010101000000110011100011111010100011110001000101000001001111110
0010000000110100010100001010010011000001100010000100100100100110
0010000100100100101010110101100001001110000010010001101010100100
0000010110100101111011001001011010100010000110110110001011110111
0010001001110100000100000100000001001100000101000111110110001010
0010010101111100111100010001100111100110001011011011101010100001
0010111011011010111100010101111111101110110111110010001101100000
0010010000000100110100010101010001100001000011001010101100110111
0010001010001100110110110111010101000011001000000000010001100010
0010111010010100111010010101001001101000010110110000110000110110
0010011000011011010100011000010111011110010011100011111000111000
0010000000000001000111111001001111000011001110001110000100101110
00
0010111011010110111110011111000001110000010110000111111010111110
0010001111111111000101010111111101000010111110010011101111111011
0010010000100100011100110010100101101011111111100101101111000010
0010000000010010011100011100010011100100100011000011001111100001
0010110010100000110110001000101111101110000011010001011110110100
0010011001101110000100000110110111001101010001001001010001000110
0010011000000010010010010001000001001010010010011000001010110111
0010001010001110111010111010100101001000100000001000100010100011
0011001100100110011101011000110011101001010110000010000110111000
0010010000110110111000000100111111011011000000100111000010000111
0010010010000111101100000100100000100001010011100010101100111111
0010111000010010011010010100101101101010010110000010011001110101
0000010111111010000101000001000101101100000011000100001000110111
0010110000000101010011010010001100100000111010100000000000100100
0010001100110110110101001000000111100101100011000110100001111111
0010111010010110110010010111000111101000010110010010110000110100
0010000101010110000101111010010011110101110011000010100011011111
0010011001110101100110000101100000010001000011010001100011011000
0010010000110100101100010110100100101000101111000011101100101111
0010010000111000011000010001101011111010000100110011011000001101
0010010111110100001101110101010001010100001101010010010000000111
0010001101000100000111010100110101010101111011010111000110000101
0010010000001000001100001001001011010011101011100111010000100110
1000000011111011110110111000111110100100100010100111010100001011
0010101000010100111110011001101011100010100010010010110010110100
1100001111000010101100110100111001100001001010010110110100111110
0010010000001100011000010101101101100011000010101001101110110101
0010010000010110001101011001101000010000001010000010110000100000
0010010011001100111101010100110001011100001100010111100000010110
0010011101100110100111011010110101101001100111100001110111110001
0010011100000110010011101010101101100011110011100100001100010011
0010010001000000000100010111100101001001001011000111100110111110
0010101110100000001001100100000010110111010000110011100011110000
0010110010000110101010110001110101101000010000010010110100010101
0010100011011101110111110110000111001100101111001011100011000000
0010000101111101000100110000000010000101110011001100011101110000
0010011000000110000010000000101111101110010011001101101100110001
0010010101000011101101011000000101101110110011100110001001100011
00
0010011101001100101101011111010010100110110011100011010010101111
0010001000111010011100110101111111101110000011101011101001011011
0010011011110001011000101101100110000111101000000110110111110010
0110001001110001110100101000000011001001001000000101110111011110
0010110000010000000010110100110000100100011111111101010100011001
0010001110000101000011011000000001101100101010000110110011001011
0011001101011101101100000001110100101110001111111000011000010011
0010011111011111011011010101110110001000010100110100111000110010
0010010000110000000010000100011001100100010001010011111111000101
0010011000100100100000110010000111011111101101000011101000101000
0110101000011111010011010100000011010001010100110100100000111000
0010011001011100000100011000000010110101101010011010000010100010
0010001111101000001100011001011111001001001011010011011000101100
0010011000101001011111100110110001101010101000001101010110111011
1001100000000111111000110000010010000000000010100011000101110010
0011000100100111000011100110000011001000011101010110000111101001
0010010010011000100000000100100100100111000110010001100000011111
0010001111000000111100000000000110100101001011000110011001101011
0010010001000011101001010000101101101110001111100110101011110110
0010000111011001100101000001110111000010101110100001111100001010
0010100011010010100100100011010100110010110001010111100000100000
0100011000011110001111111100110000001001110101001100011001100010
0010001100000110000000000010100101000011110100001110101101000010
0010111010101100011010010100111001001000010110010010010100010100
0010010110110011101101001001010001000110001110001101100110111000
0010100111011101000110000101110101001000011111010001000101100010
0010000101111100100111010000110111101111110111001111001000111000
0010111011001000000110101010100110111111111001111010110110000001
0010011000011011010110001000001011101001010110000010111111100100
0000000100001001101000010101101111110111101110101110111011010000
0010001100100110000111110101100001101000010011010010011111001001
0010011100010110001010110101110001001000110011011001011100100111
0010001000101000000110001100100000111011001001001110001010001001
0010001101111111011111001010110010101101110110000111000111001100
0010011100101100010100010011001101011100000001000100001001110001
0010010010101010011100010001111001101011100111000011111110110000
0010111010101011011110010101010101001010001110100010111010011010
0010011011110101010110001001100011000010010110011100010100100101
0010111011011101101110010101010001001000010100110001011000110111
0010111000000010011011010001001101101000000110000111110001010110
0010001100111111001011000100110001101000010011010111101100000011
0010010000100010011101000100100101011011010000000111001010000110
0010011100000101111010011111110011011000110110000001110011111101
0011101000011111000100100111000111000111011101001101111000000011
0010010000010001111100111011011011000100000010001011100100011100
0101110001010101101111000100100110111011101000011000010110001110
0010011000100110001101100110111100001001011111001100111101110001
0010011001101010011111010010100111101010110010000101111010100010
0010111100011111110101010110010111100000100010111110100010101100
0010011000010101111010110100001001101000010110110010011110100000
0010000001111001100101110100100111101110101110001110001000100010
0010000000101100010100111100110011001011010011100010001000010111
0010001001111011000111011011010011101000110011000000111011001010
0010001001111011000111011011010011101000110011000000111011001010
0010010001010010111101010000110101101010110111010101001000100010
0000000001100001101111100101101111011110001101001011010101100000
0010010100011101101111101010110100010100000111010101001001000001
0010100011111000010110110001110100010111001100010110101111111100
0010000010101010011111110110001110001111000101001100111001010001
0010011001011100110100011011100011100000100000111111100000101011
0010001000100110001010010110101101000001000110100100110010000110
0010001101111010010111011000010010101110100011000010000010110100
0010001111011100011110001101100001101100010111001010111001110110
0010010001111100011100110001010010100110000011100011100000101001
0010101010110110110011111001011010011000010100111000000100011010
0010100010111100111111010100100101101010110000000001111110101001
0010011101110110111100110111010110100110101111000011101001101001
0010011000110110001100100110111100001001011111001100100001110000
0010011101010101011100010001011000010010001110010011100010001111
0011011000100011000001100110001011011010001001010010111101101100
0010101001111111010110001100010011101100011011000010100011101100
0010010000001101011101010111100101111001101011001010111001010010
0010010011110001001100100011111000101010100110011011100110111001
0010111000011111110100110010010111100100011000010000100000101001
0010001111011110010010000000000010100001001001010101110100001110
0010100100001010110001101111010101101000010000000101100001111011
0010011000011100011011010100100001001010000011110010111110110101
0010011010011110011011000100010001101101010110100010000111111100
0010011111110111010111010011011101000111000011000010110010000111
0010111001010110011011110001001000101010010110111110111100011110
0010001000100010001010010100010101001110010001011011101100000110
0010011010100110010001010001100001101010110011000100111000110010
0010101100000011110011011110110011010000101101100111110001010101
0010011001010100010101010011010111001100111110101101101100101101
0000000010010000101110110101010101110000011010010010000010111100
0010010100001110010001111001101111100111110011100100101110110011
0010000101101101101100001001010110000100001110011110100100100001
0010011010001010011011011000100110111110000010001101010011010000
0010011010100100111001010101011000001001010110110000110100011010
0010110011001101000111000000010111001100001111010110100000000100
0010001001011011011101110000000010101100010111000011100111110110
0010010010001100000000000101110001001011000001100111111110111001
0010011001100010000000110101110000000011001111001111100100010111
0011011000010110101000000011000101101111001100100100010010100101
0010011010100100010000010101010000101001010100110010101100110101
0010000001111100000100010101110111100110001011010011101110100001
0010000100100110101110110010000101010111001100000011100010101010
0010010001000010001111010000000001101110110111000111110011010110
0010001001000010011101111100110011011110010111000110100010010101
0010011010101110000000111100110001001011000011100011111100010111
0100111011011111111111111000110111001001110010000101100110111010
1011001010110100100110000110010001110110110101000111000100001110
0011001100000101000101011110000010000001111011011110110011011001
0010001111111100001110000000111001100111100011110010110010110011
0010010000000111100010010110100000000010101110000100010100110100
0010110001010011001101010101010111001100001101000110101001100110
0010010101111000011100010001110110100110000010010100001000101010
0010110001000010011001011010011101100101111001010000010101010010
0010001000001100101001110111110110101001011111001111101010100111
0010000000100110100011001110001011000000101010100011000101111101
0010111000100100111000110010001011101110010101011110101111111101
0010011010010100010000110101011101100010010000110011110110110100
0100001011101101000011000100110011011011000011000111110011001010
0010011110001110010101100111111000010110100111101100111001111000
0010100111011101100110000100010111110100000000001011110000000101
0010001101111001001111100010110000000000010001111101001101110011
0010001111110110000111001000010001100101110011000110110000101011
0010011110000110100001011010100100101101000101110010101011110101
0010011000001111011010001100001000101010011111000011111110101101
0010110011111110011001111100110011010001000101001010110110100010
0011010001000011111110110100100010011000101101101100110000010010
0100000101111000011011110010000110101011101100011111111010010000
0010010000110011000101010100110000111011001101001101101100101101
0010101100111111011000110001101001101000100000010011100101000111
0011101110111011010110001100110011101000010111010100101110110000
0110101100011001000101010011111111010010011010101100000111101000
0010100110101100101001100100000101001101011101001101111001101000
0010001000010111101101011100111110111011011111001100011010100001
0010010101001001111110010101100101101110001000000011101010100111
0010001101101101000101111000100111110110111110001111001100101000
0010000101101100001011000010001011011100100100010011000110001001
0011000101011010100001001001101010001010011011111001010000001000
0000101000000110111000111000110101000100010000011100010100100100
0010000000100011000011110111101001011110000011000101001000100011
0010011101111000010100110001100111100110001011000011100010101001
0010010100100010000111001111001011111111000011101110000011110110
0010010000001010001100110111000100010011001100100011100001001010
0010101001100100100101001101010001110000011110011011101100101110
0010001010100010000001100011011011101000000000110111110111110000
0011010000010011001110010111010001100100100010000110100011111111
0010011100111111001110000011010010001011101110100001110010111001
0010111110101010110000110111011100011010000010100011101100100110
0000010000100100100111000100110001011011000101010110111100010101
0110101000011100001100010001101100100100011110101000011111001101
0010001101111101010101100100110011101111110011001010101000110110
0010011011011000111000010101011101100100100101110101010110010010
0010010100001110011010110111000100000000110110101010100001111111
0010000111000101001110000100000101101110001110100110001010101001
0010001000101011000000110011100101101010000100010111100001010010
0010111101011101111110010000100001101100010110101110111110111101
0010100010110001110111101001011011000010001100001111010100111110
0010010100001010011001010100100100101001010001000101101100111101
0010100110111110110010000000010011100101010011011100000100101100
0010011000100010000100000100100000101001010011101011101001010001
0010010000010011011000011101000000111000001111101110111110100010
0010011000011111101010010110110001100000010101110101011000000010
0011010111101101001101111000100010111111111110101111010010100100
0010100101010110010010110101000100110100011110001111110000111001
0010011100110000101001000110001101101111000010100100011001011010
0010100010110001110111101001011011000010001100001101101101001000
0010011010000100001000111101100001101001001011010010111100100101
0010111010000100101010010001100111001000011010110010111100110101
0100010001100100000100000100000001101000110100000110110010011000
0010001101111110010111100010011000000111000011100010001001111001
0010001111010001101000010001110100101110101111110000110000100011
0010010101100010101010111001001101001001101101110000010101010110
0010110001001000111010110110000100000100111010000001001011000110
0010001100010100101001001111110100001111011100101111000010000000
0010010010110010101010010100111001101010010110100011111110110011
0010010100110010111010011001101101011111100001010101000100011011
0010111011010100100110001001001001111000000010110010110000110111
0010111001010001011110010111111000001010010100100110011010100010
0010011000101110011111110111110100011000011101001111001111110000
0010101101110100010111000000011001101101010111100010000010110101
0010000001010001100100010001110111101000000110010111100100001111
0010011001101100010100101111100010111000001000110000100000100101
0010111110000100110111010111011110101111000100110101101101110110
0010011010100100010000000101011000101011010100110010101100110101
0010110000111000101000010101100101110011010011100100110100010100
0010011010000101001100010011001001001011011001101100111010100010
0000000010110011011110010101010110101100010011010110110011010000
0010001010110110111001001001010010110100010011000111101100101010
0010101110111010011010001101110011101010101011101111111110101110
0010000000000110100100110010000100110001101110010011111010101011
0010011110101110011101110101111101101000111110000111100000001011
0010011000100010100111101010000001101001001111000110101001100100
0010001101111110011101100000110010100110110011000111111110101011
0010111000001100110010010101110101010001011010000011111010011101
0010011010101100010000101101100001101011011011110010111101110101
0010000000110001100111101000111101010011110111100101001010100010
0010000101011110000110000101010101001100011101001111101111111000
0010010001010111110100010100001100111100101111101110000010100011
0010010101111100000100100000110010011110100001001111101001101001
0010001011101001000101111010011000111110100110001000111110111111
0010010010101000111100010001000011101010010011100110010111111011
0010011000100110000110110101100011011011010000110110100100010101
0011011010101001111100010110111100001001001010101110100001001001
0010000110010000001000100110110011110011010001110110110111001100
0000100110001100111111110111111111110100100111010110111111101011
0010011100000110110001100001100111101111111001100110101011100010
0010000010110000100100101101111000101011010000111110101111010110
0010010110100010001011011001001101111011110011101010000100000111
0010001111010101000110000111011000101010000110011111110010111011
0011010000000110110001111000101101100111111011101100100110010010
0010010010101100001110010100100001001011001001100110110110010011
0010100000011100000111001000010111010101001001010010011000100111
0011001100111110101100010111000010100110000110010111100010011001
0010011000101010011111110000100110001100100101010101111011100011
0010001010111000110011000010111011101111101011111001010011001011
0011100011001101010000001011110100000011111101101000111101111110
0010111011011100110111011100010011011101010011010010010000110111
0010001010110110111001001001010010110100010011000111101100101010
0010010001111100010010000100101001011011000101001000101100010101
0010011101011111010111000011100001100111011100100100110010000010
0010000100111001000111011110010011111000100000000100000010010100
0010101011110001110110101010010111100011000100000110000110101100
0010011001111110110100000101010011101111010111001000111101110111
0010010001011100011100010101110010010010000001001010000100011100
0010011000001010001111100110001100001001000110011111100010011001
0010110001010100001010011101110010101000110101110011100010110100
0010011001000110011100010011011000100010011010000101010011001010
0010001010000010001001011000010001011100010010011010101010100110
0010011000100100011001101100110101111001101110000010010000100111
0010011001000011001000011001011111101100000001100101111101111010
0010101100011010010110011101011011011000010010100000010100011100
0010110001000011101010010001111101101100001110000111111011110011
0010001010010100011010010111011001110000010101010110111000010100
0011101010100000101100000101101101101010001000000010011100110111
0010000000010111111110011100100100001000101110000001101001000010
0010001101111110010111001000010011101101110011000010000011111100
0010000000010011010101011111001101100110000011101011000001000100
0010111010010110001010010101110000101001011100110011111010110001
0010010110000111010111101011101100101111001011001110001100011110
0010011000111011011011001100110011101111010011000010000111001100
0010010000010000101011000100001001101010100110100101001010110100
0010011000001010001000100001110111011011001001010010011100011101
0011010001100001001101110011111100101010101110001001100110100011
0010101000010110000111110101000000100000010111000011110000110110
0010011000000110000011001011010001100100110001000010011001101000
0010010001000100000101000100010001011011010001001000101110010011
0010011000100110100101111001100011101010001000000110100000110110
0010111010010100111010010101001001101000010110111111111011111101
0010001000001000111001101100000010100110110010011111011001100010
0010011010001100000000011111100001100011011011110001101100110101
0010011000110110100000010101010101001100010100001001101000110110
0100010101111100110100111011100011100111000010000111100110011000
0010000000110011000010010010010001001101111111100110101001101001
0010011000000110000101010010000110000111101011000101001001010111
0010001000101111010100001101110101001100010000001001110101011101
0010100110011011100011101000010100100010010110010010010100100011
0010010001011110110110010101011001111010010011011011001010111101
0010111010011101000110010101110000100000011010011000100100010101
0010010110000000101010111101101001001101101101110001010011110110
0000000000111101000101110001011010010001110100011100100000010100
0010010001000101100100000110100110111000000001001011101110100011
0010000100110100101101010111010011001100000010001101101100110101
0010011011111010010111011100010011101111101011000001100111110000
0010010111010111110111010000111101101110100111000110101001001001
0010010111010110101010010101110100101011001101000111100000111110
0100110100101010010111110011010111010011000100000100110110110001
0010010100000100100011110000100101000011110011100100000110110000
0010010000110100100100111100000101011100100100010000100001011110
0010010000010110101111110110010100010010010110000000100000100011
0010010100000110001110111100100001110001110011001101101100100011
0010011000010010011010000111101011100000110010111110111000011110
0010000110000010110100111101100110101010010000000001010100101101
0010101111111010110111000100100101100100100111000010110010110100
0101101101001101100001110001000001101100101110110101010111000010
0010001101101111000111001100010101010101110111000001110001100100
0010001101111100011110111010100010101001111111000101111101000110
0010010101101010011000000100100101001011100001110110011101010101
0010010111101000001111100011111010100011000111010011111110011001
0100010000101011011111010010100101101010100010000101111011010010
0010011000000111101010011101001000001010000110110001110110010111
0100010100011010001110111001010000101000110101001100010011101110
0010111100101100100000111101000011111100100000100100110011110011
0010101101101000010110100011010010100010011001110111100000111001
0010011011111100011100110011010011101110010110110011100000110010
0010111011100100011100010111111001101001000110010100110010010111
0010101010110100110111001001011011101000010110001111000011111100
0011111001010101111001101110000010000010011100001011010110111110
0010010011101000010101000100101011011011011010000110110110011011
0010010010111000100100001101011011000101000001001010100110110010
0010011010101110001101010010000101100000101101100000111000100011
0010011111001010010011011101000010000010001001111110000010100100
0010001111010100010011010001010011101001110111110010001011110101
0010010000000110110011111000100111100010110001101010011110010000
0010111110001000000100100001000101000000011001001100111111110001
0010010101111111011101111100110011101100110001001110111011100010
0010010001111110110101110101110110000110111011010011011110101000
0010010100110000010101001111101011010101000011000110110101000111
0010011001111100111100010001100011101110000011111010010000101011
0010001101111100011100010001110011101110000011110010010000111000
0010001111101110110101001000000011100100110011010010000010101000
0010000000101001011001011101001011011010011001110100111100101000
0010000101101110001011010010000001101111111111000010011010101000
