0010100110010110011111011000001011100000101100000001001111000000
0010000100011000010000110011010111100010000110110011101111110010
0010000100011000010000110011010111100010000110110011101111110010
0010000111001000011111000001000011001101100111101010100001111110
0010000011001101110010111111010110010100100110010010010100011011
0010010011101011001011111001011011000010011000000101000110010100
0010100011110011111100101000011011000010001110101111000110011100
0010101110111100100000000111110110000110000111110111010011010111
0010001101100110100111101001001110001111000111000010001110011100
0010001101100110100111101001001110001111000111000010001110011100
0010000101001000001000000000011010110011000011111000110011001001
0010110010110000111100101101011011100100000010001110011010110100
0010111010000110000101101110111111010010110011011001001101001110
0010001000101110100010001000100010101101110111100011110001110001
0010001101111000110101110000100010100111101110100111101110000000
0010001111110101100100001010000010100000111010000011010000000011
0010000110000000110011010100100111111000010000000100100010100100
0011001000111010011000001010110010101010110111110111000001111000
0010001101101101011101001100010110101101111001001110100100111111
0100010011010101100100001100001010111101101010011011110010100000
0010011000111001110100011111011011000100000111001111100111101100
0011011001101100100110101001010010001000111110010010110000101101
0010011000001101101000101010010010100101001011011100101101001100
0010001001011010000111100010011111100110000111001101101101110000
0010010000001001011000010011010111000100001010000010111010011010
0011001000011010100110100100010001101110010000000111100100000101
0010000100110001110011111110110010000010101110000010100000111011
0010101100110001100101101000001110100111100001100010110001110000
0010100000110011010010001110010110111011000000000100000101101110
0010001100001000011000011110010010100110001001010101000001011100
0010011111110011010111000100010100101111010111100000000111011000
0010101000000110110111001100000011111001011000000010100111100111
0011001000011000011010000010110111100110100111110111101111110000
0010000111011100000111000000010001001100101111001101000101001000
0010000011011001101100100011011001101111100010110110100010111000
0011001000100010111101101110000010100100111110001100101111111001
0010011000111000111000000011010011101001100111011111110010010000
0010000110110001110101111101010010000010000100101101000110011110
0011001101111000000101111100001110101010101101110101011000000100
0010100010000100110110010110100111111010010000000001111111101101
0010000111001011111111010100110010011011110011101010000111111100
0010100010100111000111111111000111110110100100010101111000111101
0010001000011000011010100000010111100010101000011111101110010000
0010001111111011010111001010111011111100100010001110100000011100
0010111011100000111100111000111010101000000000100001110100111010
0100010110000101101001001111100010111011100000010110100000110011
0010001001100110111111101000010010000010011000001011000010111100
0010001101111110010111001000010011101101110011000010000011111100
0010001101111110010111011000010011101101110011000011001011110100
0010000100100011001101010100011101010110100100000101001000111000
0010100110101000111101000000100110110111110011111010101110110000
0010000100011100000010010010100011100001000100110111010110000101
0010010111000011010000010010101111000010100000100001111001010011
0010010100010110111001001000101111100111110110100011010111111101
0010001001111100011100011010100011100100111111000111111101100010
0011001100011100010110101010110011101101110011000110111011111010
0001110000101010101110111010100010101111100110011100110101001001
0010101011111011111100101101010010001100110011111011100000000010
0010001101111110010011100000010011101101110011001110100011011001
0010100101111101100101011001100110100111101111111110101000101000
0010111101011001010000010100100111011000110000000101011011100110
0010011100110110100001101011010010001100000111110101011010111110
0010000000000000110110010110000010111000011100001001101110101101
0001000011010111010011010010110000111100010101000100100110101100
0010001001111010010110000000010011100101110011110110000011111100
0011100110100010111011001001110110001001101100110111111110011111
0010111111101101100011100101110010010111000000110101010010110111
0010000100011011100111101010010010101110110011111110111010110000
0010010001111100100100010000100111101110101111001111010110001010
0011000100111000000101101000110111101110100111110001000110010110
0011011100001110111001010011110101010010101000100000010010101000
0010001110011100110110100100110001100010000010111010110010010100
0010001101110111001101010000001010101110100110101000000010010010
0010011000010011100001010100010010101000011101011001000110110010
0010000001110010111011000010111010010011110111101011101111111000
0011101010100000110100101110110110100110011101111111010001010111
0011000110000110100111111110001011101110100010011001111010010100
0010010001001010111000001011011110011011001001001111011100010100
0010001010110100010111000101010011000000011111000111000000111100
0010011101110111011000111001100010000110111000001101000001111000
0010001000110010010100000100110011100001111011001010110010101101
0010001100101110110100011000010010101110100111101010111010110001
0010001011110111110001111001100001110000110001010111100010110000
0010110011011001101110100000010110001000000011110110101000101001
0010010001001000100100010001000000101110110110110111101110111000
0010001000010000110100011111110011000011100011011110100011010101
0010110011000101011111010100010111001000101001000011100010011101
0010011000010001100000010000011011101111001000011000111110000000
0011001100000010011011001010110011101100100010110110110111110010
0010000000111110110100110011000010001110000111110101110110010100
0010100001101011010111010000110111111010101100111011010110110001
0010001101100011101101011100110000110110000000111111001000101100
0010100101000100100110000010101111100111000010100011111000100011
0010101110001110100111101101110010000000010010001110101011110111
0010010101011011010000110010101010000100011111111111011100101100
0010101000011101111010010010101010001100010001100011100100111100
0010101011111010010110001100101010111100010001110111100000000100
0010010100011100001011110110110001011110010010100100111101000010
0010011100001001000100110001110110011101001111111111011111110011
0011100010101011000101000000110011100110101101111111110111010101
0011010000010000011010100011111001101010100111011111100110110000
0010000101101011110011000000010010100001010111110100101100101100
0010000111101111100111001101010010010110100011111111101011100001
0010110000010110110011000010000011010000111110100100100101110001
0010010111110111100100101000000010101100110010010011000010110000
0010111001110111011111010000111010111100000100100010000001111001
0010001101101111000111101000010011001101001011010010010101011001
0010001101101101001010000010010010010111001110010101001111110000
0010001000100011010111111010011010101100110100001000001111011001
0010000101101000010100110000110011100110000111111011001100010001
0010001101011000011110110000110110100110100111000110101100000001
0010000100000110100100010010110110100101000000010000100100110100
0010010011010100100100111000000010101100100010111011110110110100
0010010000110110100101111000100111100110101010001101101010000000
0010111100001000101110101011111101001110100111000110011111111011
0010100111001100100100001010011110110111000000111011110010100011
0010000110101011000111111000010011111000110011010111101100100000
0011010001011000111100010001000111110110100011100110100100110001
0010010000111011101010101010000111111111011101000101001000000100
0010011101011000011011100010111111100110101110011010101111110000
0010100010011011100000000110011011100110000000101011000000000111
0010001100001000011010100011010010010110100000111101100001010001
0010001101011110110111100001110011100100100110001010110010111000
0110001001111000010001010000010111100100101001101111101110010000
0011001000001000001110000010110111000110100111000100101010000000
0010010000011100011100110001011011101010000110101010100000111011
0010001010011001010010000011010111000010001100111111001110111100
0010100001111000010001010000110110100111101100001111101100110001
0010010000011100011100110001011011101010000110101010100000111011
0010001010110110010011010101010011101100110011010000011010111111
0010101000111100010100101001110111000110000011010111000010010100
0010100101001001011001011110001111101010100010110010110110011101
0010001110101000111001010101111110010011110111110110101110111000
0010000100110100110110001101000011101100100110111011000001001101
0010001101101101001111111010100010111110110010100100111111110010
0010011000011110010110000101010111101000111011000010000101100110
0010101100110000011010101011010011100010100000100101011000010101
0010001010001110000011010011100001111101000100101111100100010000
0010000100111000010011101000010111001110100111000111101111110011
0010000111110000110111101001011011001110001111001011010010011110
0011000100010010000001111100010010101110000110110101011011110110
0010010010111111011011000100010010101101010000000011000011001100
0010011101111100001001111001100010001011100011000110111101000010
0011001001101110100111001110000110111110100101111111100011100001
0010000101111110010110101000010011101001110011000100001010001001
0011000101011000110011100000010011101110010111001011000011110100
0010001101111101010101111010000010011100100000100100001001000111
0010001101110001010101111010100000000100110111101111111111000011
0010100110110001110001011100010111011001011000000010001001110100
0010100010110001100111001011011011000000000001001010000010111110
0010111110001110001100100001111000011110100110101000011000011001
0010111000111100011110110001100111001000101100110010111110110111
0010001000110011110111101010011010101110011100000000100111101001
0010001011001010010001011110111011010011110100010011000111110010
0010001101111001011111101000010011001000110111000100101111110000
0010000100110101110111000000010011100000100110111011100111010101
0011001000110110111101101100001010111010010110010101001111001100
0010000101110101111101010110100110101000101110110101101000100010
0010000100110101110111000000010011100000100110111011100111010101
0010001101111101011100111010100010001000111110000101111101000010
0010111000101011011111010010110011100010000010000101111101000010
0011011101011000011011101010000111101010101101110111001011110001
0010001000111011100110000011010110001000110011000110000010100000
0011011000101100010010100001010110001010001000100011011010010010
0011001001010000001010000110100111111110000111010001000111111000
0011000000001000100010111010000011100010000101110111101111010100
0010001101111001110101110010100010000011110101001110011110001100
0010101101101110000001011100000011101110010010110010110000010011
0010001001010001100111101010011111100110000110100111000110000000
0011001001111000010101001010110111001100000110111111010010101000
0010011111111110011010011100100001101101010000000011000011001100
0011001011011100101110001000110001110110110111110111111000010011
0000000101101111110110001000000010101100110010011010100000001000
0010010100010010111000011100010101010100011010110100111000010100
0010111011001011010011000100000010101001011011100011000010000110
0010100011111001110110111001011010000010011100101111110110011111
0010001101111010000100100001110101100110001001100101101001110001
0010100100010010100101001100000011101100000001000000101011010001
0010000100011000011000100010110110101101100010001100111101010000
0010001101111110100101100001011010101111101111011001010110010110
0010001101011110100001100111010111100110111111111010000100000001
0010000110001000100101011001011010111100000011111011101100101100
0010001101101010010110000011110010100101000110110011110010101001
0010111000111011011111010000110011100111100111110011110110110011
0010001001011100011100010000110010101110000110100111101010001001
0010000010101011100101100001000011100100100101111101000100101001
0010001011010001010011000010110010110110000101100111000111001000
0011000100010100111000011100010111000110100111111111001110110010
0010010000111010111010010000010011011101101100010100100000010000
0010100001110001000100110010010110000010010101111011000100010001
0010001010010001101111010010010101010100000011111011101110110100
0010110010111001110011101000011010001010011100001111000110001100
0010000100100000010011011010110111101110100110010001101111110000
0010101010110110111010111010010011100111010010000001011101010001
0010000111101101001000010000000011010100001010000101000001010101
0010000100101000110101001000010111101001000010000010001011111000
0010010001111110010111000000110011101111110111001111000011101100
0010000010010001110011100011011111000010001100101111001110011000
0010000001100101110010000111101101101011110100011100111010101011
0010101001011100011000001000110010100011111101000011110010111100
0010010110101110001001010000000001000011100111000001101101000000
0010000000001010100100101011010010001010000001101010011000110111
0010111000001001111101001001000001100001100101101010001001101010
0010000100100001011101111010010010001000100010000110000010111101
1000000111101111100111001101000010111100110111111011100001100001
0010001100111110010111101010110011101100110111010100101010111000
0010011000011101010100111000010000101100011001100101011101000000
0010000001010000111001001110010111010100001110111111001110000111
0010001111100001111001010100011000010011010110110011011110010110
0010000001000010100111010100110101111010000110000111111111110111
0010000110101100101011110101010110000100000010100000110000011101
0010100000000010000111010110110101111010001101000101111101110101
0011001000011111010010000010010010100110000001100101001101100000
0010001001010110010110010000110011101110110011100010101011110100
00
0010000000000100001101010100110111100010100110110101100011011010
0010001000011100110000010000110111101110000101010101101111100001
0010001101100001011101011000000100100010111110100111111101010010
0010010001010011101011110011000001000110101100010111100000100101
0010101011011100100110001010110011100111001000001011110110010010
0010100011110110010100110010101011111110001100111000001110001001
0110100000010110011111110000101011111111000101111101001100011001
0010001101110110010111000000011010101101000011000010000010000000
0010001000100000000100101100010011101110100010111111001100010101
0010001111001101000010000111010110010010001000111111001110100011
0011111011011111101111111100110000110100110101110111110000010011
0011001100001001110001000101101110011010011110111100110100111010
0010000000010011111010011010110010101000000111100110100110010100
0010001101011000110101100000011011001111000111000011010001110000
0010001101100110011001100000010010000011000001111100010010000110
0010101111000010010110000010010001101010010011111111001011111100
0010010101111100000101001010010011110101100011000010000011111101
0010011101111110010111011000010011101111110111000110100011101001
0010111010000110110011001010000011001000010000110001100010111100
0011101101011111110101110100101011011100011100111011001101011101
0010001101111111011110110010000001001101101110000100011101111100
0010000111111010000100010101100000100110000111001011001110101000
0010110000010110011100010011001101101011011001010100010001111010
0010011101111011101101110000011011001010000111111111000100000110
0010100010001101001000111010110010100011111101000010001000001011
0011010010101010111011000110001001111111100011100011111111111010
0010101100100010110011010010100111101010101000001110101110111001
0010000011001011100110001010010010100111010101100011100011110000
0010011001011110010111001000010111101100010001000010001101101000
0010011000010110100001011011011000100000000101100010111000111000
0010001111000111100100100111011101001010010001000001100000110001
0010000100100100110100110101000011101100110111011111110100111100
0010110011000111100000000100001001100010000010110100110100000101
0011011100111111101001000000010010001011000101111111011110010100
0010011001011111100111001010010110100100111011100010010001101011
0010001110111100101101001101110010100110100011111001000000010000
0010101011010111111010011000000111111100101101111011100001100011
0010001000010000110010000011000011000010110011111111101111110000
0010100111111101010100101000110010101000001110000101101000100000
0010001101111000011100010000110111100110100011111111100110111000
0010100111000111110000000010000011001001010100000010110010110001
0010000111101111110011001101000010011100110110111011000000100001
0010000101011100100010000010000111101100100101111101001101000000
0010000101111000110100110000010010100110000010010011100010011100
0010000000001000100100001000000011001111001111100011100010100000
0011000100110110010101001000010010101101100010100001010010111100
0010000010001011001010111010011010100010100111010100001110001001
0000010101101111001001001001110010111000110111111110100101101101
0011111101111111011111110000110011101011010110011110111100011100
0010000000000010111000011011011010100100000100101101101101111000
0010100110110001110111111000010010001000001100000101000110001000
0010100111010101100110000110010101110100001000001111111000000011
0011101100000010011000010111110100000010000011100011001111000000
0010000000110010000110100001011111001010111111111100101011100000
0010100000111000110100110000110110001110100110111011010110010101
0011011100110100110011101010110010100100010001101010001111000100
0010001100011100011010001101010011101100110110110010101111111101
0010010010000101001001000100001011000011101101111011101111011000
0010100000011010011111110000101111001001101101101111101111000000
0010001100011010011010000010110111101111100011110011101111110100
0110010001110000111100111010100000101001110111101101101010110001
0010101010000110000011101000010011001010000011111011001110000100
0010001010100010110111101111011011000000011110001111001111111100
0010010000011001111101110011000001010010000100100011101011010100
0010000100000100100101101010010101100000000111011010010111111010
0010011011000111010000000110010010110001000000001010011010110001
0010101010111000110010101000110011100010101100000111101111000100
0010101010110100011110010010100011101000000100100101101111111100
0010110000111100101010010001000011101100101110011000100000100011
0011100000011000011011000011100110101000000111010111100111110001
0010011100111000011011010101001010001110000001011111000111000000
0011001110011110011010100110010011101100110011010110101000001001
1101110100011001011000011010001011101011100001101110000001110001
0010001101111110010111001000010011101101110011000010000011111100
0010001111110111110001111001100010010010110101001101011110101010
0011110100101000001011010100010011001001001111010100010000011010
0010101111101000010101001000011111100100101001000011100001100100
0010010100111010011011011000010010001010011101110110011100001010
0010011100011010010101010111100010101001001111010010100010101111
0000010101011111001110110111111100001110000101101101101001111000
0010010101100010000101110010010000100110001111100110000101111111
0011100111100111000111110001111001101011001110011101010100111001
0010100101001000100100000010110111100110000000010011110010110111
0010101000010010010011001010010111100100000101100111001111111000
0010011101111011011101111000000000101000011111100101111101010100
0010001001111000011100110000110010100110000111111011100110111001
0010011000011110110110001000010111101100010011100010001101101000
0010010001010011000010110010000001001010111111100111101110100101
0010100011011000010110101101011101000110011000001101000010111100
0010110100011110110010011100000001101110010110010010110111110101
0000110000111111100010001010010110111101010001000100001001100100
0010010100010010100001011011001011100100000001000011100000100011
0010011101111100011000010000010010100101001000010010000101000101
0010010100110110000111001110000111100100110011000010000011110000
0001110110011110011001001010101011100001011011001111100111001000
0010010101111100100101010000110111101100100111000011101010101000
0010100101110111010010000000010010000111110011000100000001110100
0100011111101000001111001111001010101100000000101000011100011011
0000000011110000011111100000011000101110100110011011100110111011
0010101100110001000111101010111001000100100011100111100000000100
0010111110110001111111001011111000100110100011011000101111110100
0011010010011000101100011111011011100101000011001000101010001101
0010101111111110000111001000110010101101110011110111101101001110
0010010001111101011100111000100010101001111110000011110101000010
0011000110001100001001000001111111000011000101000001110100011001
0010110110100001111111101010111111000000001010110111100110100101
0010011001011000011000110000110000100110010000100000010101000011
0011000110001100001000010000110010100011100101000011111101011101
0010001110111001011111100110010001100110010101000011000010000100
0010011001111010001011010000110010000111000101101100110101011001
0010001101101101001101111010000110011000110101110101111101000010
0010001000111000010000000000110111100110000011100111101110110000
0010001011001001110001011001011010010101010100101111111110110010
0011010010011011011011000110110000111111010100101111000111001100
0010101011110100110100111000001010101100100110110001000000110100
0010001101011000011100010000110011100110100011110000110010111000
0010011000001101001101001010010101100101100111110111001011010100
0000101010001011001011011101011110101000101110110100010100110111
0010111010110101010111111001011010110000000100001010000100011000
0010001100101111011111111010110010101000000100101100001110010000
0011000100011010111010101100010010011100110100111011000101111100
