0010001110011101110000110010111010001110000001100011101101100000
0010011100110110000101100010110101001000011101001101101110010010
0010001001101100011100111010001100001000110000100101101001000010
0010001010011010000111110000100001100111001101100010100001010110
0011000000001000001111101010110110101010100111111101101010110110
0010010100011001100001110111111011000010000110111111001110100010
0010011100111001000110100011110111101001100111000011101111111100
0010100111010100000100101001111011101111100001010110001110100001
0010010000010000100011001000000110100110001011111011100110110000
0011011000001000101110101010110010101010111111100000100000011100
0010001101111100111100111110110010000111110100000100011101011100
0010111001011010011101100010111110010110110110011011100000000100
0010000000001101100110000101100111001111100111010101101110110100
0010011000011000111110000010110111111010001110110011100010011000
0010011001101101010010110100110010011100001110010111011101000001
0011000100011010000111100000111111111110000111111000101111110001
0011000001001000001100110010111110000110101111100010011101110000
0011000001001000001100110010111110000110101111100010011101110000
0010010010011011111000111100000001001110101011110110010001101011
0010110100010101110011101110000111001001110011001010000110010000
0010100000111100000100100100110011101110100100011011100100000101
0010001101111110010101101010100011001001111111000000111001010110
0010101101110000000111110001111110100101101101101111101110000011
0010000101111100110101111000000010101101110011101110000011111100
0010000000001101100110000101100111001111100111010101101110110100
0011010010010101100100001100000010111111100110111111010010100100
0011000100110100100100111100000010101110100110111111010010110111
0010011101110000100001011001110110100010100111000101101100101010
0010000100011000100101101000011011001110000111001011110000111010
0100110011111111111111111001100111000100000110000111100110111110
0011000100001001011011110010010001100100100000001100101001110010
0010101101111110010101101010110011001000110011000111010010111010
0011000110010011001110111011011011111100100010011101111010000000
0010001000011100011010101010100011000010111111111011101111011000
0010111101011000111010110010010101001100101010001101001010111101
0010010110000011111011101000111011001111000111001111111101111000
0010000101000110010010000000011011100110001011010101110010001101
1001011111010010010001111011100100100001011111110000011100000010
0010000110001011011001001100011101100100010000001010111001000111
0010000101011001101011110011101110001011011101000100011010001010
0100000101101001101101111000000100011000110001111101000011110111
0011011000001100111110100010110010101010011110110010101011011110
0010000000000000100101010010101111101110010101100011010100110111
0101111011011111101111111100110011011001110100110001011100110011
0010101010011000011111000000111111010110000010111111001110101100
0010111100101010010110001000100110101011111100000011100011110100
0011011010000011001010100010111100110110100110110101000000101100
0010100100001100000000001011111010001011001001000100000000101001
0011000000001100000010000010111011000011100111000101001111101011
0011110001011110001101000110111111011110100010011011100000011001
0010101100100110010011001010110010000101010011000011010010011000
0011011000000110101110111010110111011000111110011101011100110111
0100000001101001101000111110000110111011000000011100011011011001
0010011100001011010100111101110111000001101010111111101010010000
0010000110011110010110010011011001100101110001011100000000100100
0010001100011000000110001100010111100101010111001101011101100011
0000001111101101010010100011010111001010011001101101010000111001
0011001100001000101010101000110101011110000111111101000011110000
0010001101111111010010010000010011110001111011010010011010111100
0011000100010000100110111100000010101110100111111011110110111001
0010010000001001010110000000111011100110001111001110101110110100
0010001101111110010111001000010011101101110011000100000111011110
0011001101101000110011100101010010001100011011111011000011111000
0010110010000110010011101010000011000010011001110001101111011100
0011000110011010011110010010110110101110110111010111011111111000
0010001101011000010111110000010010001010110101111101101110110100
0011001101001001010111100001010011001100010011111011000111100000
0010101010101011100001111010010011100111010000100001101110001011
0011000110011010011110010010110110101110110111010111011111111000
0010000000011000000011001011011101000001110111000110101100110100
0010001000110000110100011011011011101010000100100011011011111100
0010101110100110101001001000011011000011100110100010110100011100
0000000010000101001101000010111000100011101111001000110011100011
0010010000000000111110001010100111101110011110111001110111100100
0011000101011100110101110010011111001110101110000010010110001100
0010000111001111100111110011010011111100100110111101100100110001
0010010100101010011011110110010001100110100011001101100001010011
0010000101001000100101110001001111001110000001001001000001110000
0010001101111110110001001000100011100101110011000010100011111100
0011001000110100001110110010110101100000100111110100101010110000
0000100000001110100001000010110010010000100100101001011010110101
0010011001011010011100110111111111100110000011110010101101010011
0010000110011010100101011000011011100110000010000010101100000101
0010000100110100101110111100010010100110110010000001100111110011
0000000000100000011110011010010000111000011100000110111110010001
0010100010001010110010101000111101100110010100000011000010100110
0011000110010000011111010010111111100110100011010111111110000000
0010000101011100100101010000001111010010000110000101001111101110
0011000100011100000100101011100010000011010110110100101110110101
0010000010101011000100101111010110100011111110110011110101000111
0010001111011110100000000011011011111011001110110111110110000011
0010101101100010110101111010000011100100100011101111100100010000
0010000001011000010111001001011011101110000101001110000101000011
0010110001100010111100111000100101101110100110100011100101010110
0011001000010000011110100010110010100111100111100111110111010000
0011001001011110010011001000110011101111110111000011000111111100
0010001111100001101101100101111111001110101011100000110010001001
0010010010011101000000101100101111010011101111010110111010010100
0110000001101010011001110110100110100011111100001101101111010001
0011011000001100000100000110111010101010010110000000101010100110
0011000101010101111100110010101011000000101100000110001100000110
0010000000111000010011100111110111101011110111010110101100100100
0010101111000100000000000011100001100001000000100010110000000101
0010000100111011011101101010000010101100000010000110001100010000
0000001100110011100110110001000010101001001111010001001110011110
0010000011000100101100010100010111100111100110001011101110011101
0010001101111110010111001000010011101101110011000010010001110000
0010011001110111100001001010001110101100001001000010001101000000
0010100010110000110110100001011011100010000100000111100000001000
0011000100010000110000101100010111101110100110111100101111110100
0010000000011000001100001011110010010001001001111011000000101101
0010100111110010000100110010011011100111000011101111000100001000
0110110010000110100011101010000011000010111001011101101010011100
0010110101001111010111100101010100110101001101000111000111010100
0011101100110000111101001010000011100101000110110001100111001101
0011000110000110001001001001011110000010101100111111000011110011
0010010111000111101100000010110001101100000111000001001011100000
0011011000011111101000100101011011100001000001011100010101011101
0010001001111000011110000000110011101110100111100111100111111000
0010101100110100100101001010110000100010101110111010001110111111
0010000011110110100010101000000010101111010010111010011000010110
0010111000100110101101001000100011000110001110001010011010000100
0011001000101000011011100010010011101111110001110110111011110001
0011000110000011001111111011011011111100100010011101111010000000
0010100010010100010010100000001111110110010001001011100011111100
0010001000011000000110000010110011100110110111110111101111110000
0010001011011000011010000010010111010110000010111111001110110100
0010000100011100100111101100110010101110000111111001101111111100
0010001101010000110111111010110111101101101111101000100100001110
0011001000010110111000101110110111000010111101010111010111110010
0010101101110100010011101010110111100111100011100010101101011100
0010011011100100100010100010110010000110110011100000000010000100
0011000100101000100111100001000101001100001011000010111001111010
0010001000011010011010101010010111100010001111110110100111010010
0011000110101100100100111000001011100110100110111010100001010010
0010011001001101000110000100100111101110000111000110111010000100
0010001001011100010101110001110110100010000111011111100010010010
0010000110100011011111101011011011111100000010111110000000011100
0010011101100110011100010001100010100100000010010110110100100000
0010001001111100111100110000110110101110101111001001100100100011
0010000110010110010111011011100101111010110000000101110000110011
0010001000001110010010000010111010011000011111000001101100000001
0010000000110111000100011000010111000110100110110000110010100011
0011001110011000001111111000110010101110100110111001100000111100
0010111010101110001011001000110010101111001100000000010001001110
0010000101010010000000011011000011000010010101111001000000000001
0010000111011100011011001000110111101101100011010010100111111110
0010000100111010000101111000000011101111110100100010110011110010
0010101010110010010110000101101101101101011011001110111010111110
0010010100101000010110110000010001101111111111010000101001001110
0010001101111100010100001001110010101111000001110000100100000010
0010110110110100110111110101110010100111110010010000010110010110
0010000100110000110101001001010010000110000110101011010100001100
0010110111000100100101100100110001100010100011110101110110010100
0010011000001110110100010001100011001000100101001010100001100010
0010001100100010010101111011110000101110001100001010011011001100
0010011001111100011100110010100010001100011100000001100101000010
0010101111010010011101100011110011000110000110100001000110100001
0010001100101110101101011000110011100101100011100111010111000011
0010011101001100000111000101100010001011000101110110111010000000
0010001110110101010110100001011011010110000000001110010111011101
0010011001111011001101110001111011101110000111011111011110110100
0010001110110100101110100000110011100110001011110111100000010011
0010000101011000111000010100110111100110000111010011101110110000
0010001101111111100101111100000010101100110010110100000000010101
0010101100111111000101000001011110000100111111011110011111110101
0010010011111100100101001101011010111001110110110111100000101000
0010011011100110010010010010110111011010010010000011011001110110
0010100000111101110111100101010010000100000100001011011100010000
0010100010110001110111101001011011000010001100001111000110011100
0010111001011010001101110100110010010110110110110001011100000011
0010000000001000000110100100110100010001011111010100101000000100
0010101011000000011110010110010011010110100101010000110010111101
0010001000001101000110000010111011001111100010010010101100100100
0010001001011100010110101010110011101110010111100101101100110100
0010000110010001110111101101011011110000001011001111100100000000
0010001100101110011001001000010111101011000011001100100011011100
0010001100001101000000001010110110000100011010100101000011111000
0011111110110011010101111000010111000010001101101101010110010101
1000000111101111100111001101000010111100110111111011100001100001
0010011001001101100010000101101011101110010011010010111010100100
0010011000001001110110101100110011001110011011000000010110001110
0010110000001110100100000100101010100011010011001010100000100000
0010001000000011100000000011000000100001011100000101000111010010
0010000001011101100100100100100000100100111111001111100110000001
0010010101110110000100111011100010111110100011100010010110001001
0011001111001100110101110111010011011101001100000111101111010000
0010001110101001101011001000010011100001011001100011100100101101
0010000100001010111010010011011011100101100001111111101111111101
0010000010010001100111001000110001011011000110010111100110101100
0010000011011110000110100101110011101100011101110111000110001100
0010100010001111101000100000011011100011000000001100010010000001
0010000001011110000110101010110010101000100101000000101010111000
0010001011100100110001100011010010000000000000100111111010110100
0010011001110100101100001100010010000101101011000011000010111001
0010001011110101111110010000111111101110110010110010110010110000
0010110111000100010101000100110011100010100011010010010010000100
0010001100111000011100111000010011001100100011100110101111100010
0010001000011001111110110111110011100111000111100110001110110010
0010110110001100100111000100111001100011100010101011010110110100
0010000000011000111001011010010100010011000110010101111100100110
0010011010000110100111101010100010101010010101110011100101010100
0010000110110101010110100001000010001010101100101001010110011100
0010000100000111101010001100110110101110000101100000110000100100
0011010010111001001111100010110000101000100110010001101110101000
0010001110010100110101101000011111000011100111111011000100110100
0010101110111110011101100000110011101110100111100011010111000000
0010001101011100000110111110010010101110000010111001000010001100
0101101010011000101111100101011110000110100101110011000100100011
0010111111001110111001110101111011010000010100100011011110110001
0010001011011000111000100010010011110100100111110111100110110100
0010111110100100111101001110100100000000110001001000100110111101
0101111011011111101111111101100100000100000111100011100110111010
0011000100011000110100000000010010101110100010111111100000110000
0010100010000100110110010110100111111010010000000011101010001001
0010001111001010010011010000011011101111110001000010101111001001
0010011100001000001110111010111011101110100111000111100001001100
0011000011110000101101101011011011100101100001100101101100110110
0010011100001111011000010010010110001110000011100110001101111000
0010001000011000011100000000000111100110100111110111110111110100
0010100101011011001110110011000101000001011001000000001100000110
0010011100010000110101100100000101011110010111000101100001110010
0010010010000100110000010100110110101010000010001011101010011101
0011001000100100001101001001111110101000101011110100001100001000
0010000010000100110001010110100110110010000111001010100010110101
0010001001111011010100011110100010101000011100000101000100001000
0010001000001110000110000011011001101010010111001010100100100101
0010100001000101100000000111010011100000010110101111101110110100
0010001001111001110110101000100010001000001100000011100100001100
0010100110100011100011111000101011101000100000011110110010100011
0010001110110000110111101000010011100111101011000110000110111000
0010101111111000010111001000010101101000110101100101100000111100
0010011100101010111100101000011111100010110111100000111100110011
0010001111101010011110000000001101101010101111101000011111001010
0010000011111000011000111010110011010000110100100101110100010000
0010101010011110000101100001111001101110011000000001010001010100
1011010111011011100100111011101101001100110001001000001110110000
0010001001011110110111011001000000100010000111100111100110100100
0010110011100010000111101011010011000100001001011001101110111100
0010011000011011110011010011000010100011010001000111001100100111
0010100110011000111101001001111001101110011010100001011011001001
0010111011101000000110100000110110111000100001100011001101010010
0011001001010100010110110010100110101110101010110110101011110110
0010011101111000011000110001110110000010010111110011001111110100
0110000001111001011000110000110010100110001110001111101110010001
0010110110000100001111100000011101011000111101000001001101000101
0110100101111000010001110000110110100111101100001111101110010001
0011001100011110010100000010110111101010000011110101100110110001
0010001100111001011000100001011010100111000101000111001110010001
0010001101101011001101111010011011011000010010010111111111110110
0010011000110100110110100000110001101100000011101111100100010000
0010000101101000101001010101011110000010000111101010101100110000
0011011000010010101101011111011011100100000001001010100001011110
0010001100011000010101110010110011100100100110100001100111010000
0010111001111111011111000100110010000101110011101110000111111100
0011001000110100001110110010110101100000100111110100101010110000
0011001100110100110111010110010110101110100111110000010111010000
0010001110001010010110100011010101100111001000000010100010111001
0010001110011100010100001101110010101110100010111000010000011110
0010000001000101101110111000000110111100100111100100000110010101
0010101100000110011001110000100111100110001010111010100000100000
0010000100011100111010011000110111001100111011010101000101101000
0010010100000001010000001010010111000101101011001011010011001000
0010001111011101100100000001111010001100110100000011100110100100
0010001011010000110000111110010110110011010110010110100110111010
0010000110001110000100010110011011100011010011001010111000110010
0010001110000101000110000111011111001001000010110010011000111010
0010010001011101000110000000000111101100101111000111101011110000
0010001111111001110000011101101010110001010000000011110110101000
0010001011000010101110100011100000000010011100000111100100000101
0010011101111011111110100001110010100011000111101001011100111001
0010011000100110111110100011100010100111001110100110010000010111
0010101000100101011100000010010011000100000010110101110010110001
0010011010110100000111100110101000100110000011111100000010111100
0011101000000001011010001011111101011000101000110010011001011011
0010100010111000100100011111011011100111000001001111000110001100
0010001111110010000110100000010010101110100010111011110000011000
0010101111111010110100011010011011100110000111100111100101000100
0010101000001001111010110010110100000011001101100001101000000000
0011011011011100111110001101110010101100001000110101100000001011
0011000100011100110010100101010011100110100000111000110110011110
0010100110111000000001001011011111100101000001001101100100000001
0000111010101111000111110011111100111110000001101100011000001011
0010010101101001111110010111110010100001001000100010011100010101
0010011100011010001101100101101010011110100111101000011010010110
0010000111011100110000010010100111100000110011011100010100111000
0010011001001010000100000101010111001100011011010111101000101101
0010101110110101010101110000110010111011000111001010000100110010
0010001101010110010110001110010011110100110111110111001101100000
0010010010010010100010100110110101100000110001001101111010011001
0010010101111010111111111000110011101100011111100010000010101101
0010001100010001100110011000110011101100000111101101101110100100
0010010001001101000100110011111010110000010101000100001100000000
0011000100111100110100111100000010101110100110111011110000000000
0010001101001100010100001010111010001100111001000010000101101100
0010011100011110111110110011000110001110010011100110010000011110
0011001100000110111001101011001011100111100010100001100011010010
0010111110010000110000010100100110110111100101001001010000110011
0010101101111110100011101011001011100011001001111001111010010100
0010010101011001111100111000110010001010101011100010011110000111
0010101100010110011111001000100011101100001011101100111011011101
0010101001010101010110100000111000101101000110010111110010100100
0010101100010110011111001000100011101100001011101100111011011101
0010101101101100010011101010111000100011101000101110001101001000
0010010001110000110010001100010111101000110010011010110010000000
0010000100110111110010010010101111100011101111101101100101100010
0010111011111010100010001110010001000111110010101000011010000010
0101111011011111101111111100110000110100110101110111111000010011
0010100000000110101001011100010111101100000001000101111111001110
0010011001011010111100010000110110101110000011100011101101101001
0010011000011111110110001010010110101100010001100010001101101000
0010001011111010111001001100011010011111010110111111000100011100
0010111011011110010111001000111000101101110000000010000011000100
1011100110111011000101101000110010111000000111010100101010110000
0110110010010010100001101111000011100100011001011011100011111101
0010011011011110111110000010010010111101101111110000100001011010
0010111001011111111110010000010110101100000010101111101101101000
0010000000011101011100000011011111100010101110110111100011100001
0010111001000010001001011001011101100100001101000111111101010110
0100001000010011010101101010110010010101000011001100110011110010
