0010000110010010110001101010100011100001110001001111001110111011
0000001001011100101111100110110101100010010111010101001010011010
0010100000110000110110101001010011101100000001000101010001011101
0010011001110111110000010011100111100010000110000011111110110101
0010000000110000101101111100100010101110011111001111111000101001
0010010001011011100000101101100010100000111011010101100100100010
0010000101111100010110000000110011000100010111001111001110000010
0010011001101011010111010010100001100111110010000101111110110010
0010001100010111111011000011110100000111011100100111001010001001
0011000101111101110101110100000111000111011110110001000010011101
0010001100110110110101011110010010101100100010001000000010001100
0010011000010001001100010101000011100100101101111010100110100011
0100001001001101100010111111101111110111000100000011110110100100
0010010100110010010101001010010011001110010001000110110010101110
0010101110111011100111110010001011000100000000101000000011011110
0010011110001111100111001001010100100001010101000010110001011011
0010111011110001001110011100011000010100011001100001110000110110
0010011100100101000001111101010010101100000011100010011110111111
0010111010110010111100101001101010100101111100001000101111110100
0010010100000110100111101000001010000010001011100100100000011001
0010100010010001110010000101010011101010011100011100100100011100
0010011010011110100110100110110001101010010101011111111010011101
0010110011010001100111111010101111000110101110000101000010000010
0010001101011101000100110001010110100100011111010000010100000001
0010100010110001110111101001011011000010001100001111000110011100
0010011010000100110100110101100001111010011010100010111100110101
1011011011011001111110000001111011101110110111111010001000100000
1001001001011101011111001001010010100100010110011110000000000000
0010000101110011110111010110110110101011100111100010100010101000
0010000100010100110100110100110101100110001010011100100110010100
0110000101111001010101111000100110001111101110000111101100010001
0010001101011010010001100110000000100101011000011100100101000111
0010001101010110010011001001000101101100010011000110000000101001
0010000110101100110001011000011010100011110011001100110110001001
00
0011101000100100001111101011110000000011001011001110001000101110
0010110101110010011011011001100001101010010110001110110000000011
0010001101111110010111001000010011101101110011000010000011111100
0011000010111010100111011110000011000000100010000010000100111110
0010011010110001111101101111111100100011001101001011111110101110
0010100010011111011010110101000101100010010110111110100100011100
0010101111111101010110100111111100000110000111001010000011010110
0010010110010010111111100001111101001111000111001110110011011011
0010111011100100110100101000100110101001011000100011110101110010
0010110101011000100100010011100111101010101111000101101010100001
0011001010111101001100100100011001011110010001001110101000000101
0010100100111111011110100011010010110011001111100100100001000100
0010001101111110100100010000110011101100100011111111000110101001
0010001101111100110100110000100111100110000011100111100000001001
0000000101011110010101100001100111100100011010011110000110011110
0010011001101101100010100100100110111010001000110111100110100000
0010001101111111011101111010100010001010110110000101111111000010
0010100111011010011001011011001111100011010101110010001111000010
0010111101110101110110100010101000000111001101111011011110000100
0010101111101110000000001000101011111111110010001110110000101110
0011110011011011101110011100010001100100100101100111101000000011
0011010110101100110011100101000010001111000101101011010111001000
0010011100011110110111101000100111101111110011101111100111101010
0010010100010110010111101010110111101110010111101110110010101010
1000110011000101100000000110001001100010000010110100110010100101
00
0010000000110100111100110011001010101011000110110001110010011000
1110110010000110100011101001111111110110001100110111001110100000
0010100010001100001000000000111100100011101101000010110111010011
0010010100100011001000100011010100010111100101100001111000100010
0010100100110001110111101011011011100010001000001110100111001111
0011000100011101001110100111110000100000010011011110001010000101
0010011110000111110001111010000111000010010001110101101010010110
0010101000011010000010011100100011010111010000010110001110111100
0010011101010000101110011101101111000100101001010001110011100110
0010000000010000100011100100010101010011110111010101100100100111
0011111001011111101111111000110011000001110101110001011100110011
0010000100111010010001010010110111100110101010000111001010011010
0010000001000101110110100100011011111110010110000010100100001010
0010000101001001011011010000110100100111000000000110100110010101
0010011010100110101100011001001111101000100010100000110000110000
0010000110000100110010000111101111100010010000110011111001101001
0010011001011110100110100110100001110100110101110111111110000011
0000000000000010011000100000110100000000000000000000111000000100
0010010010010111110111101100010011100011011100001111000110011100
0010100111011100010010000101010101001000011001010101100010001110
0010101010010000000110000101000010101010001001100000111110100100
0010010001010111111101011000101111101110110110000111111110100010
0011010011111011101111111100110011011001110101101010000110111001
0010100110000100110110000110100111111010010001000010110110000001
0010001100111011111000111000100010001010111101111101110100111101
0011111101001001011001100001011001000111010101101010101001010100
0010010000000011111111110100100101000010010110010101101010000000
0010000000100000110011100011101010000010000011001111011110011000
0010000000011110111100100110110001100010010001010111101110000000
0010010000111110001110100010100001100000110011001111101010011010
0010111101011000010110111000010010100100010011010011100010111010
0010101100000010011010101011100101110000100110000011000001101100
0010010110100110100100000110110000100110001111010110110100010011
0010101101111111011111111000000011101011110110111010110100101100
0010110110100100010000000101101010100100010001110011111010101000
0011100000110011110101100111011011110111010010001011100100101000
0010001000101010110010101001000011101000000010000000011000001111
0010010101010111100010001101001011000100111100000111101110000111
0010111010010100110110001101001011101000010110010010110110110111
0010101001110010110101101011000011100101111110000110000110011011
0010111010000111101110011011111010100111000101100110011001101110
0011111010000101010010010001000000010010000100111010111100000111
0010011000110110110100110100000011101001100111111000010010001100
0010011000011010110010001010010110101100011001100010001101111000
0010001101111110010100101000110011100100010011010111000110110100
0010001101011101011100010010100101100100000000011110101011001100
0010010110010101101010110111101101000111111101010000110101010111
0010001011100100110001001100000010110001010010011011110010110110
0010111010010110111000011001011000101100010101100111001111111010
0010101110010110111000011101011000101000010001100111001110111000
0010011001100010001111010110000010011110000100000010010000010001
0010010000100111100101101110000011001111010100010111001100011011
0010011101100010010111110010101010000111000111100111010110000001
0010111011011110101100110100111111000011110101110001011111110001
0010011000000100000110110100111010000011110111100100101100000101
0011010010010001000101101000001010101011110110011011100110101110
0010010101100011111001101010100001001010001000100010100101100000
0010100010110001110111101001011011000010001100001101101100101111
0010010101011100110100000101110111000111101101011111111110010011
0001100011010111001110101000010111001001010101010001011100110001
0010001101111110010111001000010011101101110011000010000011111100
0010001100110010010111101110110011101111010101100111010111011100
0010011111001001100100001001011010011011001100011011000010110100
0011011010010011101100011110011011100100010001000000100110100100
0100000011110001000111110110111010111010101110011011000100101010
0010100101010010100101110000000111010111001100001111100110100000
0010001100100100100101110000010001100110100011101100000110100110
0010010110010110110011101001000010010110011000010001011110110100
0010001100111010110010001111111110100110110000100011001011011010
0000010000000111110111111000001111000011110101100101101001000001
0010111100100110111100111001110010101001110100100011010010111100
0010001110110100111010011101001001100101100010110011110010000011
0010011000100011011101110011111000000011000000101010110010001010
0011011010010100100001110011001111000111011101000010000100000001
0011100110000010010000110011100011100001010100000111011001110011
0010000111111100010101010000100111011101100001010111101011001100
0010010111110110100100011111100010111101000010000011010011110111
0010001101111110010111001000010011101101110011000010000011111100
0100101011011111111000100000100011100000110001010101111010000101
0010001111110101110110000111011110010011011100100101010110000100
0010100010110001110111101000111011000010001100000111010110011100
0010101110000111100011000000101010000000111100100001111011001111
0010101011010110110110111100110010100100110001000111110100111010
0010010100101110010001110000111011001111111011101110001111111000
0010001100111110010111001000010011101101000011001000110001001111
0010000101101101110100101111011101100100011010111111011101110100
0010011000010010111100011100000010101001111100100000110101110110
0010110100100111110011111010001111100100110011100000101111100011
0010110011010001100000111011101110100101000011011111100110101001
0010001001011101001100010000010011101000110111011000101110100001
0010011100000111100001111001000011001111011111111110000110001000
0011011010010010001110111110000011100101000000010001011011111010
0010001110101001010011101000010001101111000010101111011110001010
0010111011000111100000101101000110010000000000001011110000100001
0100111101111100010100010111100111101101111111000100110011000111
0010010100010110010011111001101101001110010011101100100110001101
0010101101110000010000001001100111111100100000010010100110000100
0011000111000111011101100010100110110100100101100110011011001101
0010000110110110110111001000010111100111011010000001000010001100
0000011101001110010010110010110110110111010010101110000110110011
0010110100101010000000010000100100100010100010100000000100010100
0010010110010101110100101001000010000010101110011001010110000100
0010011100000110110011011100011110101111110010100001000110001001
0010010000100100110100111110001110100000111110101110101010011010
0010000110110111110111101001011011100110000110001110000010111100
0010000110010001111011110001011110000010011001001101000110101001
0010011010111110011011010101110001100100010010110011111010111101
0010100111110100100100110111010101011100000001011010000110001100
0010011101010111111111101011000111100000010000000101100001010101
0011000010111000011110100100010001100111000100001111001111011100
0010001000011001001110100010011001100000000000001101011100101111
0010001001111100110101111100010101101110001000111101100001011111
0010111110010100101110000010101000100000010100111111111010111000
0010000111000110100010010011011110010011001010111101100111101101
0010111110111011100010111110111010111110111001010101011011111101
0010100110101100001100000101111100101111100011111001000000110100
0010111100010110110000010010111111011001110000011110101001111001
0010001101110101010110101011010101000100111111000110011100000100
0010000100011110011010000000000010100111011011000101100110101001
0010110000010110011000110011000011100110001001110100000110010011
0010000101011010100100111100110111101110010110001111000110101010
0110011001000111001000101111111000010100001100000110101111100110
0010101010010100110110010100100111101010010000000010010011110101
0010010110111111010100010100000111111100000011000010111110000001
0010110111000110011000001011100010110000000000011011000101101101
0010010100000100110011101000110111000111110011001101000000100001
0010000100110000111011100000110010100111000011100011100011010000
0010001100110110010010001010010011001001100100100000010010111011
0010010000001010010111001111000010100110111011001101111011100010
0010001111100010000010111110100010100101000011010111110010111100
0010110101111000100010110001100010110110101010010001011101111000
0010111100100001010110100010101001100101000111000101010010111100
0010001110111100110100011000100011100100000010011010010010110100
0010010101111110111010011101110111100101010010011010111011100101
0010011001100010100101010110000111101110000101000110110000010001
0010011000101011100110111011000010100011010101100010011000011001
0010101100110011000100000111000010000000001101001000101010001000
0011010001011011110010101001111111001111110011000001110110011001
0010011111111100100100010111000011100100010111010111010000000100
0010110010111001000101101010101100000111000111100111111110100000
0010011001100010010111010110000111011000000000000010010001010101
0010011001111010110100110010110010100110000101000000110010111000
0010111001010010110110101001010111000110000010000000110100101101
0010010101110110000110010010000111110100110110100111000100111000
0010001111010110010001011000011001101101110011000101111011100110
0010111111000101100110000010100100100010001000010111111010000010
0010111010010110101011101010000011100010011001111001101111111100
0010011101110010110111111010101111100101010011001101010111111110
0010111101110111010101010000000010100110110111001110011100001110
0011010010111011000110101111000000101111010101101011000111101000
0011100010010011111010100111011011100010010010010000010000111010
0010001110110010010000010001000011100100110011000111100110111001
0010111010001011100000101111100111010010011001010101101110110101
0010000000011110101110000100110101100010010111011101101100000110
0110110011011010111000101011000011100010010001110001100110111101
0010111011011110111100010101110111101100110111111111100011101101
0010011000111000011101110000010111101110100111100011001011001001
1011111011101101110011101010011111100110011000010001110001000010
0010000001110100110111000001010010001000001000111101110011100110
0010101001010010000101010001011010000011000011101101101111000100
0010000101111100000100010001010101100110000011000111101000100011
0010101100110011110011111010101010000111100110101101100111100101
0011010110101111001111100010110001101000100010010100111110010011
0011000100000010110000110111011000100111100110101111011100000001
0011011101000111001000111100100011100101010000000110010001101100
0000000001011101110111000110100111111111000110001010000011111000
0001000101111001010110000011101111001110000111001110000010011000
0010110100100010110011111001011111000111011000001101101110101011
0111000010011010111000110100001101001110000110001111101011010101
0010011110110000011111011000110010101101100100101111001011100011
0010000010010100100010000101011001101110010111000100111000100100
0110100011011000100101011111001111101101010110001000000110100001
0010111110010011010000010111000110100000011000010001000010101001
0110001100110010110101101110001011100101111010001100101101001010
0010001000110001100001001000001011101000111001001010111111101000
0010101010010000101100111111011110000110000011101101010110110000
0010000000110110011110001000110011000010000001000101001010001100
0010010010011100111000000000101000101000000110101111110111000101
0010111010101110110110110101110011110011001010010101011111000011
0010010100000110010011011100101111100110110011101011011110101111
1111101001010111111000001011110111100101110100000100000110101001
0010001100010000111010110001010011100000111100110011100010000001
0010110011000110110110000010001011110010110011100111101110010100
0010000100010011001100110111100011100010000001000110111100000000
0011100010100111110011100010101111010010110001001111110010000000
0010010000010101110111111000110011010110101001001101101110010110
0010011100111110011111011100000011101110110111000101011000011010
1101101000100110111001101100010000011110111100011111001111000010
0010001101111100011110011001110011100101000011010011100010111101
0100010001111011110100111111000011110000010010010101111011110011
0010100010110001110111101001011011000010001100001111000110011100
0010011111100000110001100000111100001011100110010011100110101111
0010000011111100110111001001010011000000001000001011000010011100
0010001111111110010111000001010011001101011110010010001011111100
0010011100010011100110111000011001101000100011110101101110101011
0010011010110011000010001110100011010010100000110101111000000011
0010001001110000111100011101110111100100111010100100110000111010
0110110011011110110011101010000011101000110001010001100011111100
0010100010110001110111101001011011000010001100001101101101001000
0010010111000101010111100000110100111110000111101111000110000000
0010111010010100110010010101001001101000010110010111111011111101
0010000100011110110110011000010010011001110011110001100111101101
0010001001011110110110000110110011111001010001110111100001011110
0010000101111100110100110001110011100110000011110000011000111000
0010001011010100110100010100101011101110000011010011100100100011
0101101000010100101001000101000000001011001100001111100100010101
0010001111011100001111111110000010111000110101110101111001001010
0010100011011001110111111101010011000000011100001101010010010100
0110000101111010110001111100100110100001101100111010100110010101
0100111011011010101101110101110110000110000111100011000110001010
0100111001001110100011010000101110110000101110000101111001101111
0010010110011110000010101111000011010000011001000111011011110000
0010010000110000110110101001000111000110001100001111101000001000
0010001000000010100101101000011011001110110011001111001010011110
0010011010100010110101101101011011000000011100000111111111010100
0100011011010111010100101011101011101001100011000100000110011110
0010011101101010011100111001000011001100110011110100011101100010
0010010101001100111000110011100011100100100011111001100100001100
0010011001111010010111100010110111100110110110001010000010001100
0010000111111001111110001000111000100111000010110101110011010001
0100010011010101100100001100001010111101101010011011110010100000
0010010000001111110100100100010111100011011000110111100010000110
0011011100000011110010101001000110000001011011000001000010101001
0010111011101000110110111110110000000110101101110100101111011011
0011111011011100101111111100110000110100110101110111111000010011
0010001010101010010111001110110000100101111110001110011101111110
0010001101010101000111101000000011100111010111000110000110000000
0010010101010010101010011101001001101100100011010101010010010110
0100000000101010011100010000100101100010100010000101111010010000
0010110110100101111100110111100100111000000010110010001010000010
0011101110001100011001001010100010100001010100010110000000001100
0010010000000110110111101001010011100000110101101101101100101011
0010000000000110000110100110011100010000111111100100101011100110
0010111001110001100101111111001011101110001110110101111110000101
0010001110000011100110010110111000101111000010100110110000000001
0010100111000110011001101100110100010100111000101111010010011010
0010011110010110100110100110101101100011000100110110111100001000
0010001110110110110100011100000010100100010110011111101011111100
0011011010010100100001110011001111000111011101000010000100000001
0011101110111000111010111000011111100001010011011010010011010010
0010010111111101110111010110000011111100100010111010000010101100
0010001101010110010011001001000101101100010011000110000000101001
