0010001100011110010110000011000011100101000101000111111000110100
0010001100001010001000011001110100101101011001001100011000001100
0010001100101100001110100110010000000100010001111001110001000101
0010110011010111001011001001010111110000001101110100101110010111
0010000101000110111111001001100101110001001000011010101111101011
0011000111011111010110100000100111110100101101101001011101110100
0010001000011100001000110010010111110000110001000111111100111000
0010000000001000010000101001011111010010001101100101110101100000
0010001100010100000100100010110111110101100001000110100000100001
0010000100010101000100111000100011111110000010101101111000100100
0011000010010010010000101101000101010000010110100011111111100111
0010011100011111001000111110000011000001001011100101010010110010
0011000001010011110000001101010101011010101101111001110111100100
0010001011011101000011010011100000110000001001000110011011100011
0010000001101110000100100110110011000000010001011101010001101100
0010000101100110101000001001000101101101011001111011010000010110
0010000011101100111001110000100010001100000010110100110111100001
0011000111000111010000100111010110010100000101101001111110110110
0011000101000110000000111010000111110000000101110101110101110101
0010001100011000000000111101000011011000101100101100010101101101
0010010011001010011001000001100110111000100101110010111111100101
0010010000110110010011001000100111111011111010110100100011101011
0011001110110000111100111101010011100111100010001001011110110111
0010001011010011010011001010000111111101111110100010111111100100
0011001111010100111000000000000011111000110101000111110001001001
0011001111100111011101100010100110011000110101101000110001011111
0011110111001111101111100011101010010100100100001100101100001010
0011101010010010001100000010010111010100010101100011110000000001
0010001111111011100110011000101011100111101011110011110000100111
0010001110100110100100010110110011110111101001100011110000000011
0000011011001000111110000111010111100011111101001010011101000000
0011001000001100110110101010000011011000110001000010100101011011
0010110101011011011000110000001101000111011010100101001010100001
0011000011000110110001100100010011100101101001100011011010011011
0010011111111110110011011000100010111101010000000010000011001100
0010101000011101010111100001110101001000000000011101011100100111
0010100110010100111001110110000111100000010011101011100010100110
0010010111100111010010100011010101001111001000000000000111101100
0011000111100110000101001011011011100001000100110000101110100011
0010000111001010111100100000110111011110110101100011011100010001
0011000111000111011101000010010111110000000001101011101000110001
0010100101010110011110011010000010101001001011011100010010101100
0011001100100100000010011010010001101101000000100011000001111100
0010001101110100110110001100101101100111100010110101100000000110
0010000111110011011101101011011111110100000101100011010110111111
0010100010110001110111101001011011000010001100001111000110011100
0010001111100110011111000000000010111100110101000110010011111100
0010000111100010010010111110010111010001000110100011110110110101
0010001000011001110110110100100111101010010101001101010111000110
0010010000011001000110001110011101010110000111101001011111000100
0011101111111000000100001110011001011100010111100001010101110100
0010010000111011001010100111010011110010100101111100101001110011
0010000010001111100100100001010011010000101111001101011100010011
0010000101111110111010010101110111011101111101101001111111110101
0011100001101110010000110000010110000111100010000111101000010010
0010011011010111101100000000100011111000001111111011000110010101
0011000011000011011110000000110111011110000110101110010100000010
0011010011010110001110110001101101100000100001110110010000111001
0011001000100011111011101000000010001010001010010000111101001010
0010011100110110001011001101100101100101001100000110111010110101
0010000101000110011010100111101010100111100110110011001001101101
0011111100101011111101100010100111100011101001101011011100100001
0000011101100000100101111001000101111010100001001001011110010000
00
0010001001110100011000001001110010110010101101010011000110000101
0010000101100010010001011000110111100101101101001011110101010100
0011000100100010101000011100110110011011001101111011110000000000
0010000100010100100000100100010111001100010000001011010100011001
0010110111111100100000010100010111001100001000001111111010000100
0010110110000110000001101011010110100000100101000101011100010101
0010001011101110010111001000010001101101110101100110110100110010
0010101101000111111111111010100010010000100000001011001100010111
0011111111000110111111101000111110111000100010110001000110100111
0010101000000010100000100001000011011111000101000111010001001000
0010001000011000000010000100010111111100000111111010110010000111
0011000101010111101110000100101001111100001100101110100101010111
0010010110110100110111101101011011001010000001000100110111110101
0010001100111011010100110101010010100110001101100011011000111001
0010000000111110110110101001010010100111000111100010010011101010
0010011001110010101110010110000010111100001100000011100011010101
0010000001010101011100101010000010011110100100110011010100010001
0100010011010101110010101001100101111110001101001010101001000000
0010000101100110010100000010111010010000000000100011010000111000
0010011111000110011100110001100111011101000101101011100110001011
0010110110000011001001100010101001011010100111100000100001111001
0010111100011100011011000101100010111100110011111011111100111000
0010011101001111011110110100110110110101001100001011111010000011
0010100011010001110100101001010111001100110101110011110110001001
0010000101101011001101110010100011111010100111101110101100011010
0010001101000010101101100011100011010000100101110000011001010101
0010000100000011100000111010101010000000100101100011000100101001
0010100100011001110100101010010010010011000101100110111001001000
0010001101111100011100110001110011110110100001000011111110011001
0010000101010110011011001011100111111100100001110010011110011110
0010000001000100001011101001010111111111111111110110010100101000
0010010000000101111010000101000011001000101110011111111011101000
0010000001000101011011000001000110111100101001111011001111101011
0011011101111110110110011001010111101001101000110001110000101111
0010101110010100011000100101010111011000110101000111111110001001
0010101100100100110001101000010011001100110101100011011100101001
0010001000010000100000011111011111100110100010110001100110001110
0010011111011110010111000000110100101110100101001010001000010110
0010011100010110100000100111110010010111110100010011111101010011
0010111000000100011110011001000111111001001101111001100010100010
0010000011010010011101100110110101111110110110111001011101101111
0011001101110010100101101011000000001010111110111000010000100000
0010101001001001111110100001000011011000100000000111101000101110
0010101000000110100100101001100000001001101111111100001010110011
0011010100100001110011010011001111111000010101110010111110110001
0010001001001010010010111001010011110111000001000001010100011001
0010010000101010101100011000000101101001110011100111110101100110
0010100100111001110111100010010110011110000111100011011100111011
0011000110000111001000111010110110110100100011110100101101100011
0010001100011000110001000001110010010101010001000100011111011111
0010001101001000001010101000100101010000110001010001100001000110
0010001001111111111111100000110011101101110011101111010100011101
0010000111110001110101111001010010000010110001110010000100001011
0010000001010010110000100001010111011000110101011001010101000000
0010001000011100010010000100011111011010001110100010110011100110
0010010001010111011100100110110100010010101111001101001011101000
0011000110010111001100100010100110110111100001000100111100100100
0010101100000110010110100001011000100000010011010111000100001000
0010100100010010010100000000100110010011110101011001110011101111
0010101110011001010110100001010011101100001100000000000111010111
0010110011111000110110110100110111000111110110001011011111010010
0010010000000101011001100001000111111001001101110101100011110011
0010011000011110111000111001010111111100000001000011101111010111
0010101100100100000000001000011110011001100001000100000100110001
0011101010101000110100010111111111100101000010110110010000110100
0010110110010100010111001000011111001100011011001101110011110100
0010011000010100110111000001001011101000110111110100110011111100
0011000111000111001100100010110111100100100101101011111100111011
0010001001000000110001101001000110000110110111110100110101110001
0010101101011101100110100001000011101100000101110111110000110101
0010100000111010111110101001111111011010101100111010111101011000
0100011001100010010111011101101100010100010111001100110101010010
0010011011000100010100011100100011111101100001010011011110101001
0010111110011000011010100011100001111100100101010110110100010101
0010000101110000000001111011111011000011001101100111000010101001
0010000111110011101111101000010000000101110111001110010110110001
0010010011011111111000101001110011011111110101001111110110001101
0010001001110010110101101000011011101101000010011111110100011110
0010000111010001010110000110110001001100000101101101000111100010
0010001111010111010101000001010111001100000011100011010011110010
0010101000010101011010001101100011101000010100110010100101000100
0010101110100110010011001001010001101001110011000110010010111001
0010001101010010000110010000100011100110000010110011110000110101
0010001000011100110000011001110001001010001011000110110101000001
0010111010000101100110111001001100100100110110110110111010110110
0010011001100010011111101111110011001101001110000010010011010001
0010011000011110111000111001010111111100000001000011101111010111
0010011011111100101100010001100111100100001111011111101010110101
0010010000010000110000011101011011100100110111011000011010000101
0010001011001100011010011100010011101000010011100110110001000100
0010000111111100010100000000110110001100000000001111001100001101
0010000111011101110000011001000010111111111101001111111010000001
0010010000010101010011000101000011111001010001011110000011100011
0100010001010010111010101001110011010110101000000000000001000001
0011111101001110111000100001100010101000111100011011010111110110
0010001110001001100010001101000000011000111100111100110010110101
0010010010010100011101000101100000101101000100100010111100110011
0011010010011000101100011111011011100101000011001001010100010000
0010010000010111011011100000011101011100010100001110111100110001
0110110110101101010001000011110001011111011000000101110110000000
0010010101010011100111000001100110111001100001001010110010111110
0010000100011100111010111101000011110101101101010011010000011011
0010111101101110011101001010111011101000111011000011010011111101
0011010111000011001100100010100111111110001101100011011100110110
0010000111110010011010110001101011001111101101101001000011000001
0010010000000101011001000001000111111001011001110101111011100011
0010101101111001011110101101100111100011101010110011000010010100
0010001101000110011011010001100111101001110001100010000011001100
0011001000000101111011100001100011111000100110100000111110100101
0010010001110100111110010100100111101101101101011011110000100001
0011001111010110010101000010100111100100100101100111011100010001
0010010001011001011001110101100011100011011100101011101110011101
0010010100110100101010010111010001011000011000011100101010010001
0010011001010110010000111101010011011111110101110001110100110010
0010010100110000110011101001011111110010000100001110101110011001
0011000110000001001010001011000101011001101000100011010100001011
0010000010011001100101101001011010000110001000101110101110100011
0010000110001011011101111110000001101100100101101001111100111011
0010000000010110010100100011010011100100110101100111111110000001
0010101011011101110100101001000111011110111101000001011100011001
0010100100000010111001100011111001101010000000010010011110000110
0010010100101100110110111001000111011001001000001010001010010111
0010101101000111110110100000000110101000000010111011100100110101
0011001010011100011100100111110101000000010101100100111101010001
0010001001110100110111000000011011101000101101101111000110011100
0010001001001010011001110110100101110101001000011110010111110001
0010100101000101011111100011110110000100100111100111101110000011
0010001110000101011000101111100010010100100101101010011111111011
0010100111001101000111000000100111100100000101001111000111110100
0010111101110111011100011010000011110001101010111110101101101011
0010001100110100011010000011100010001100101101111010000101111101
0010001101111110110001111001100010111100100000110010010100010101
0010100000110100011000001001010110001000101010000111110100101001
0010110110111111001110011000011100101010101010100010110010000100
0010111001010011101000110001100101001111001110110010111010010101
0011100111110101111011101000010111110100100101110010111110000011
0011110111000111011101100010101100110110100001100000110101111001
0010001100001000100000100011000111010110001001001011001000000110
0011000111000111011001000000100110110100100101101000011100101000
0011000000000101011010010011110011110000000001011100010001010000
0010011000010111110000100000111110111101110011011111010000101001
0010000101101010010000011000110110101000101100000001100100011001
0011100011000011010010001010110101111100100101101001000110110000
0010010001100001010111101110000011101111101111001111101010100011
0010001101110001111110100000110111101100000111100010000101001111
0011010011000010001100101101100101110110100110110011010100110100
0010111000011110001010110111110001100000010001011111111100000001
0010110010101111011100110000010110011000001000110000011000011011
0010010010001011101010100010010111111011001101100010011000100111
0010101000010010110000101001110010011110110101100111011100010001
0011110010001000110010010001010101101011011000111101111000101111
0010010000110011110100101001001011000010000101000001000110011001
0010101010110110111000111011010111100111000001000000100110100100
1010000100000110100001011101000001000010100010001000000010000001
0010010100101101101010110010110111100100010011010110101100100011
0010000101110010000100000000100110001001100101110011010101100000
0010111001011110001001111101110111010001001110111000010001100010
0010111010110010110001011110001011111000000000110010001011010101
0010110110010110011010110001101111100001110111111100101010001011
0010000011010011110011110110011011100001101110001010000111111100
0010001101011101010101100010110111111010010101010011001100011011
0011011000011000100001001111011101010101110101111110111100010101
0010011010100111000111010011110000111000010000001000001011011101
0010011100010100100100101000000011111100100001011111110110100001
0011000101100010100000011100110111011001101101111001110111100000
0010000110001000011010000001001010100001000011000110110110000101
0010011000010111100110000000000110101100010110100010101111100000
0011001001101000000000010001100111101100100111100100111000110000
0010001001001111010111100000000111100000010001010100111111000001
0010011001110010101100101111110011001000000100000011010000100011
0011001010010100111000000101010101101100010000101111110101011111
0010000111110111010010100011111011010100011000001001100000001101
0010111100110010001100001010100000001010100011011101100010000110
0010101101101101000101100000100011111000010101101111111101110000
0010111010101010110110111101011110001010001010000011100100110010
0010011000011011110010001110010110100001010011010100101101101101
0011010111001110011100110010100110110100000000100110110011000000
0010101101001000000000001000011101110100011101100111111001000100
0010001111101111010111011110100010011000010101000100001100100010
0010111010110100001101000100011111111100010011110000000100111010
0010111001000010001001011001011101100100001101000111111101010110
0010001100010111010010111010110011101000100001001110100100001101
0000100001110011000111001000010010010011100110000100100101110110
0010011001111100110100010001000011101100000111110111100010111101
0010011000011111110110001010010110101100010001100010001101101000
0011001111000001001000000100100111001100100101101010001110100111
0010010100110100110011011101000001001010110111111111110110100000
0010010001110000111010101101001011011100000010011011010010010100
0010001101010100000010000101001001101100000110101111111111100000
0011011000100010100000100011000111011111001101000010001000010100
0010001101101010100101101000000111011101110001000001000011110111
0000000000010110010010000110001010010001111111110100101101100001
0010100101010111010101110010000100110100100101111011011111011101
0011001101010001101001000011110110001111101100100111001000010010
0010101010110101111100101001010110001010001010111011000100011110
0010001101111110010111001000010011101101110011000010000011111100
0010110000010100110010000101001001101000110111010010000110111000
0010000101100001100110000100111011001111000111101001001101000010
0010101100110011100001011010001011100100100000100000001011000001
0011000001101011011100100111110010011110011111010000101110000000
0011001101101000010101101001010110111000010001010000001100100001
0010000001000011111110100011011111011110000101101010000011110011
0011001101001100111100100101000101111010001011110001100011100000
0011000101000110010001001001110110011001101101111111000111100110
0010001100110011010001011010011011100101100001100000000011110000
0010110110000101010110000110000010101100111011101111011010110100
0100001011110101110111000100011110101001111001110001010010010101
1010001100001011011001011111010100011111000001100110011101100010
0011000010110001111010100000010111001001111011111000011011110001
0010010100011001100110001010010011001100110110100111101011100001
0010000111111110011110000101100100111110011110101111110111010100
0010001010010111110001010101101001010010110101010111100111001101
1011100001001010000110101010010000111100001001100011011110100011
0010010101000111101111111010110010101101010011100010010010111111
0010110101101111111011110101101111100011010000011011011010011110
0011011001111011000010101010010011101000010011000011001100010001
0010101110010110111001101000000011111100110000100111011000111011
0010001101110101010111100010100110110111000101100011000000010011
0011000100010101101110100100110010100110100011111110111101110001
0010000011110101111101001110100000111000111010111000011011000010
0010110011111101111111101101010011010100001100011011010000000110
0010101100011110010000101000010010001000110100100011011010011001
0010001101111001011110100010101110010101100011000110010101001111
0010101000111110100000011000010011010110010011101111001011110001
0010010001110100011100000001000110101100000111000011011010110101
0010100010110001110111101001011011000010001100001111000110011100
0010011101010110011111010100000101111100010111100010111110111001
0010101100000100000100111101001000100010000011110011000000100010
0011000100101001101000011101010010011000111100101001000111111101
0010111110010101010100101011101000001000000111100100011110000001
0010000100000101111001000100010111001100100100100111011100111001
0010010001000111010100101110101010101000100101100100011001000001
0010000101101010010111001001000101100100101011100100011000101011
0010001101111110011110011010110010101000100000000011111010011010
0010101111001010110100000000110011100100000000110011010110010000
