0010010001000111111101110101110110110000100111100010110111100100
0011101000000001011010000011110110010000101000110000000110001100
1011100110111011000101101000110010111000000111010100101010110000
0010010100010101011110000101001010101000011011101100111100110001
0010001000011100100110000110010001011010000001011110000101011001
0011011110100111011111100011000011011100100010100000010010011011
0110100000011001111010101001010011011011011001011101100111111101
0010010010011011011110001100010000010000011110101111010001111100
0010101100110000010101101010100010100101100011001110101110010000
0010100110010100111000010101010010011000110000100100001100101101
0011101000010100011000101001000011001000110110100111011000001101
0010000000011010011000101101111111011110110100000101011001001100
0010111110101011010000101101110100011010010011100111111101000100
0010010100011000001110100001110100001000111101011111010010100100
0010111010010001001001000100100110100011100000001111001001101010
0010001010111100010110101100010011101101110101000101111100001101
0010101100001100010011101111010001011110110111100101111100101101
0010110110001110011100000010110010101100110111100000011101011101
0010000000010110010010001100000010110010011110000101000101100100
0010001101110011010011100010011001101110010011000110010010100011
0010100100111101110111110001010111000000001011001111011000001010
0010011000010111110010010110010110100100010001110001001101110000
0010001100110011000101100000110010000001000100111100000010101000
0010000011100010010001001011111111010000100101110000010000100100
0010001101111111010111000100010111101100110011000001001111000111
0010110010100001101111101011011001101000100110000000101110100011
0010001000000010100010000001110011100001000010110001100000010110
0010100010110101110101101000010010011000111000000111010010011000
0010111110010001011000101101010101011000011010110000111000000001
0010000110111000100000110100111011111110000000001010110110000100
0010001001101001111110011000010101111010000111000111100011010010
0010000010011110101000101010010000011110100110101111011100011010
0010111110101011010000101101110100011010010011100111111101000100
0010100111110111101010100011011101111100001100101111010000010010
0010001111011111110011001000110111110001000110101010010011101001
0010001000001110110100100110110111110011000001101101111001100111
0010101011110010111100100101100000110111100011011101100001100011
0010001001111000011100010001110010101000000110111100100110101010
0010101111011100010010000000010101000111111001000010100111000010
0010101111011100111110010101010101001100010110100000111001110010
0010001000000000011110001011011011101101101011000000100100101100
0010000111100110110111000000000111101100110111101111110011111000
0010001100110100110000101001111001000110000110111111110100010000
0010001101101001011100111010100100011000111000110100011001010000
0010101010101000001101011001111110110100100001101010100000011110
0010111011001101100000010001101110011000101110000011101000100111
0010011001011101000110010000111001101110110011001111111100000110
0010001100110100010110010000110001100110000111110111110000000110
0010000001111101011010100011011011110101100010000011010000000000
0010011000011111110110001010010110101100010001100010011101101000
0010101100110110001100111001000010001110011010111011000011110011
0010000101000110001000010010001001101000010110110000110000111100
0010101111001100100100011000010110100010110011010111100001110010
0010010110000010001100111011111100101111110100111011110101010001
0010100010110001110111101010011110010000001100100011100110110001
0010100000001100011000000000110101101011101101000101110111011001
0010010001001101100100011000110100101110010100100111001000100000
0010001100111100110010011010010000000110010011100000000011110011
0010000101000001111111000011010101001100001101111100101110101100
0010010000010011110110001010010101101100001101100110101101100000
0010101000000101111100010000111110101001010100010100010000110010
0010000001111100111110000010010011111100101110101010110000000010
0010101101011000111100111101011010100010011001010110110100001100
0010110001101101110111100010010011011100000001010010101110110111
0010001101111101011100111001010011000010101110000111000100011100
0010001101111000011101111010011011001101010111000000101000001100
0011001010100100000000111110110110110101100010111101001100100010
0010100111011101000100100101011001011000110101000101010000101100
0110000101010010011001110101000110000010111000011011001100001011
0011100011111101110001101010110010010010010101000110001011101100
0010011001111100011111010001100111110100000101111100110110111011
0010101010010100110110101011010111010110000100000111011111001111
0010001110111100010100111000110111111010010011001011110100001000
0010010000110101110011101100000011001100111110001111010001101100
0010011000111010010011011101110101001001010111111111010011011100
0010000101111100111000010011100111110101001110011110110011001011
0000000000100111100000010001000011011001001001010100100100101001
0010011000000011010001001000010010000001001001000000010101110110
0010001010110101111010101000011001111110010110111011110100011100
0010001101111100110010001001010011111101110001000010000110111001
0010000000100100101001111110001001101100100110001010010100010000
0010001101110010110000011100111100100111101001100011000000110000
0010110010110011000010001011110000011000010011011100000000010000
0010001101111110110110000000110011100101100011110011110000111101
0000010101111100011010001010100111110100001001000011011000010101
0010000101111000011100100001110010101110000011000000000110101011
0010101100111100101010101001010111011100110001101011011110011000
0010000000010110111111001100110100010010011111010100001000000100
0010011010011001000101101001010011100011110000011110110110010001
0100000000010010011010111111101010010000101101011000000110011001
0010001111000110010001010111100010110100111011100110111110000010
0010010001011011111100101010010011101100100101100010100100101010
0010001010110101101010111000010111100110011011110100001110101100
0011100010000111011011000101000000011000001100110011001011010001
0010011010101111110010010010110111101000011010000110011110101100
0010000110000111010100101101000001101010000001010100100101000111
0010001001011111011110101010100011100101110101000100011000010100
0010001100100110100010001001100111100101000001111010110000100111
0000010101110100011111100001110011101101100010011000110010001111
0010010101010011101000011001010000010111101110111001110100000000
0010001000000100110100001110011000011100110111000000100000101011
0010101011001100110000010000111000100011011100000100100101001001
0010000000000100011000011001011100110111101111110100100110101111
0010000100110010000100111101000010101010110101110110010101001011
0010010101010111010111000010100111111101100001001001111111010001
0010001101111101010111111000011011101000110110001110011010001110
0010101000010011111110101100110011000000010001011101000110011100
0010011011111101110100111010100110011000111010010011111010100000
0010101111000000100110000010111010110111100000111011111000000111
0011000110111110011000101100110010111111010101111111110110001000
0010011000001010000100010110100010100000000100001001001101010110
0010101110110011011100011101011111000001100001100001000010111011
0011001100100010011110000010110011001001100001111011100111010101
0001010011011011011000100011110000011111010011010001010110001001
0011001100010011011010000110010001000010010010110111010110001001
0010000001111011001111100000110011111100101011001100110100111000
0010001101001111011100101001110100010001111010000011111101010111
0010100110101100010011001111010110100011001100111101011010100110
0010111001010000010000010000010110101100101001001100100110111001
0110000010011100010000111001001011101100101001111100011010101000
0010011000001110110100110001011100000010000010100010100100011101
0010001000011100111000101100100111100101101000001101111100001001
0010101111110000010110011110000111101001101101000111100100111010
0010011101110110000101001001000011000010100110010000101100101011
0010011011010100110010011101110011000000010011110001110001100101
0010001001000001100000100011100111111110101100000011100000100001
0010000101010101010111001010100111101100000010111110010011111000
0010000001111011001111100000110011111100101011001100110100111000
0010111100001110000111100110111111100110110011110001101000100110
0011101000011000101000001110010011000101100110111111011011010101
0010000101110010110000011110110010111111100101100001000100001100
0010001000101000011100011111111110001010010011000010011101000110
0011001111000111011001100010000110010100100100000101000010001111
0011000001000111011101100010100110101100100101100011111001000011
0010000100111110011100110001011010100110001011111111101011100000
0010001000110100110000100001110010001110010001100010011110001011
0011010011001000001000010111110100101111000101011011110111001000
0010000000010111110110000000011001011000010111110000100001111001
0010010001000010101111010001000101100110001111000100011000010110
0010111000010111110111001011011110101100000101000010001101001000
0010000111110110010100011100110110111100101011111110010100000010
0010001000010100110001110001000011000100010101000110110110011100
0011001110000100011001101010111010110100110001000011010101101011
0010100111110100010111101010100011100101110001001011010000000011
0010011010010100000011010101001001100100010110101110010110100101
0011001111100000000101001101011000101100000010111101110100110010
0011100110001100111010111001011010101000010111110111101111111001
0011000111000111011101100010100110110100100101100010011100101011
0010001101011100000100010100100110101001111001011111100000100110
0010101110000000110010100101110011001000011001100011110100011001
0010001100111010010100000001110011100110000001010101100000110011
0010011001011110001000011011100010101000010111100110010000111101
0010010011100001011111100011111000101010000110011111100110101011
0010001011000111010100100010111111010100100101110101001100010000
0010110001011111111000100011000111110110100000011100111110001100
0010111001001110111110001010011111101100010111100111001111110010
0011001010000100010101111110100110110100100010110110011000100011
0010100000011100010000101000010011011110100100000100110011111010
0010001100000000011100111111101110110110100011110110011000000011
0010001111110111011001000001110110110100100001111110000011011110
0010011000110010010011000010010011111111000101100111000111001100
0010100110001011111100100110011110100110100100000011001100101100
0010001111101001110110000011100000000001001100101011111101011110
0010011000001111100110110000110010101100111110000111010010010111
0010011000111111000011111110010110111000001011000010100101101000
0010100000001001011011101010010011010000011001110011001011101010
0010011100011000111110100011110001100111001111100111011110101001
0010011001111000001100100100110010101110110001111111011100010100
0010001101100111100110101001000011011000010011101101101111100010
0010011001000111100000111000100110111011011011010010101100100111
0010001101011100111010111111100011011100101100011011011110010011
0011010011010111011101000110100010111101100100101111010110000000
0011010111001100011100010011010011101000001000100000100110010111
0010000101111100011100010000100111100100100011001011011000110011
0010111101010111011000101001111100000110000011100100110001000100
0011010011101101011101100010000110101100001010001011101010000110
0010010001000011101000011000001101101100101111100111101001100010
0010010011011110111100100010100111100110100001110101101110110001
0010001000111000100110011010010110001110010100010010000101101010
0010000010011100100000011001011011100111100101000110100110001011
0010101110010010011100100001111110000001010101010001110111000101
0010101010011110110000101101011100101010010001100100000101001100
0011101010010110000100010100010011101001110101010101000101110010
0011011010000101101001001110001001001010011001001011010000111110
0010000101000111011101100000100110110110100101100011001001101001
0011001101111000000111001010011001101100110111001000101001110010
0010000101110001111011111011011111001001111111001100001010100010
0011010111100001000001100101010100011100000000101001110100101000
0010011011111010101100010100101101001010110111101100110000110010
0101111010011100001101111100110110110100110000111111001100100011
0010000111000101011100001000100110110101101001000000010010001110
0010001101111110010111001000010011101101110011000010000011111100
0010010101010111011110110000101010100010100110110111110010111001
0010100010110011110111101001011011000110001100101111000110011100
0000000001010111001110010000110110001110100110110101100001100010
0011000111000111011101100010100110110100100101100100010101001110
0011001000001010100010010010100011100101000100110110101110010100
0010111010000100101110010100001001101010110110110110101011100111
0010000001011011011110010000100001101000010111100000010001110000
0010010001111000100110001111010011111001101111101110111000010100
0010001001111100001100000000110010100111101111001011101000100001
0010000111000111110101000101000011110000101101001100110111001110
0010000110001101101011000001100011101011001010011001101011101011
0010010011010111000000000110000111010001010000101011011110111111
0010001000011011011110011011010110101100010001100011001111101100
0010000111100001100000100111010100010010000000100011001011100010
0010111010011110110100100100111110000110110000000010011101100000
0011000101100010100000011100110111011001101101111001110101100000
0010100010110001110111101001011011000010001100001101101101001000
0011000101011111101011101000010010011001010101101011000000011110
0010001101100011000001011000000001100100100001101100111011010111
0010110011011011010100000100100010110101100001010111110000001100
0010100010110001110111101001011011000010001100001111100101001000
0010000110000110100001001111001000000011010100101000100010001001
0010001010011011110010001010110011101110010010001110001000010111
0010101000010100110001111000110011010110100100000011111110001011
0010010101110011000101100100010001011100000010000011010110101000
0010001011011110011000110111100011000010001001110001010011011010
0010100111011100110010000101010101000100011000001001001110000110
0010000111110111010111101000010011100100100101001011000110111100
0010001100111100111010101101110011011010011101000000000000011011
0000100101101010110000010111101111101100100001011111110110100101
0010111010001011010111001000111000111111100000110010000010000110
0010100111010100000101010110110111001110010100101101111011001101
0010000111001110010110001110010011111100110001000111000111001000
0010010000100011101110011001000010000101101010000011101011100111
0010001000010101100101001100100011011001000000100111001000110001
0011000111000111011101100010100110110100100101101011001101101001
0010000010000110001101100010111110100100000101001111011010101001
0010101111010110110010001011101011110010110001110111110010110101
0110110011100011100110011111000010111101010100000011100011101001
0010100000110000110011100000111001000000010100001110001110110000
0010001101111001111001111100000010011001111110101101110101011010
0010001000011100100000001100000110011001001001010110111110100011
0010111010110110110011011101100001011000010111111100100011001100
0010101000011100110000101001010011011110110101000111011100011001
0010001100000001110010101101010001000111001001100110110000011000
0010101100011010110000100111110011010110110110011011000100010111
0010011101100111011100111010100110101100111111100111111100001010
0010011101111010011100010110110011100100000011000011100011101110
0010100111110101011111100010111010100100000111100110001011111011
0010011011101110110011011110110000001100001011110100010011100100
0010101111010100100110000100110001101101000000101011111010101111
0011001101011111011001001000000011100100010111100110011111111111
0100000101101001101111000110010110011000001000111111000111110111
0010101000011100110100001101010011011110110101010110001101100001
0010001000001000101010111101111111001100010101100111110101000001
0010011001011101100100001000011110100101110001000110101001011001
0010011010001110110100100101010101101010001111000001101000000000
0010011000001010100000101000001000101011100010010100010110011011
0001000100000001010100110100110001110100001010100011000011111110
0010011001111000010100010000110110100110001101000111101100110001
0010111011010101100100010100001011111101010010011011110011110001
0010101110001110100001001000110011100100000001010011010000110011
0010001101111110010111001000010011101101110011000010000011111100
1001011101100101010100111111111100111111111111000111111000001001
0010001101001010011001111000011101101000110001000100100101001110
0011000111011111011111000010110010111101110101100110000111011100
0010100010110001110111101001011011000010001100001111000110011100
0001000111000111010101110000101110110100101101000100111000011001
0010000111011111111100011110000011100101100000000011101110000010
0010000000011111110110011010110111110101001101000110001001001001
0010011001000010001111011000010101101100100111000111101011110110
0010000100000010111110010111110100001001110110100110010111000101
0010110011010011100100110000100001101100100100100010100011000010
0010111010010000111010011111011101101000100101111110111011111101
0010110110011101101010110100010100100100010111010100111011100011
0010001111011110011110010001001001101001010111000111101011111101
0011100100000001101110110011111100000001010111100100001000000001
0011101110100101010011001010010110000000000000110011001110111001
0010011001111101110110010001100111100010001100010101101000111000
0010101000111001110111101010010000001100010001100000000001111000
0011000101000101001111000011110000000000011001111111110010011011
0010011101101110011101011001000111010010100011000101011000101010
0010011001010000001010011010011011000110111101000111111101110000
0010010010111000100100011111110011101101000011001011111111000000
0010010001010000111100110111001011001001100111001001010010110000
0010111010010100111010010101001001101000010110110000110000110110
0010001001000011000001011001010011101101010001001100110011110010
0010110010011100111010010101101101100001001100011000111010000111
0010001101111100010100010000110011101110100011001111101000100011
0010000111000110011000100000000110111110100101001011001101100001
0010011010010011000010011100100011010001110000110110110000101010
0010011100111111010110001010010010101101010001100010001101111000
0010001101111100111111110011110001011101010110100101101110100101
0010100010110001111111001001011011000010001100101111010110111100
0010011001011111110110001000000010111101010010001010100001100100
0011011000001000111001111001011001000100011101010011101101011110
0010011001111111000101000101000111101100111110011110111000101010
0011100010011001111000101011011011010000111101000110001000011000
0010100010110001110111101001011011000010001100001111000110011100
0010100110101100011000110000101010101010101100111101000111000011
0010001101111101011110111010100011001100111010001101000110000100
0010110000110000111110101011011111101010001001000100000101111010
1111100000110010001111000000010110101110101011011010100111111000
0010101100111100110100100000110011100100110001010011101100001000
0010100011011111100010000100010011100000110011000110101100000001
0010000101011101110001100011111110001101010001010010110000101001
