0010010010000100000000101101010001001100000101000111000100110111
0010001101111000010111101000110010101110100011110111000010111000
0010000101101000111010101001010110100100101001011101000010001000
0010010100010010101011000100111100010010001110110001000010100110
0010000111001011001100110011110110110000001100000100000100100011
0010001010011011111110011001010110000101000011010001111010011101
0010000101011001000110000000000111100100100000000100100011001000
0010000011001000010110010110010101101011001101010100001001001000
0010111011100111000101101011011010111000000100111001000100011110
0010010011100010000101100010101111010011011100101111101110011011
0010100100111000011100110000110100100111010100110011010100010010
0010001111101110011100010111100010000010000010010011001000000010
0010101111111010010110001100010111101100110001000000100000001100
0010001110011110110111000000110010101000111010001010000111111100
0010001101010100010100100000100010100110100010011011110100011101
0010001100111010011100111001111010101100100011011111100000100001
0010111110100100111010101101010101000000110000001101000110100000
0010000001110011010111101010010001000101010011001111000011011100
0010001100101010010101101001001010000110101011111011000100100100
0010010001011111010000001100000010111101011000010010000111000100
0010001111000100100111100111110001001001110001011101000101100100
0010110101000110000111100010000010101010001001111000001101011000
0010100110000011001101111001110010110100111011011100101111110000
0010001101111101100101011000000010101100110010000000011011000000
0011001100110000111111101010110010001110000111000101010010011101
0010001101111110010111001000010011101101110011000010000011111100
0010001100011000010001011000110011101111100011010110101011000000
0010101100100100110001111001001110001111101000101011000000001000
0010111011011100110000110000101000101101011000000010100001000100
0010001101110001001101111010001011001000111100000000001001000011
0010111010100101100101010101110110111000001100001100001010011001
0010100110011001110100010110110110111000000010100001101110101001
0010010001001101100110110101111011101010010111000010111010000100
0011010000010110010111010011001100010011000010101000110011110111
0000011100110111011110111011101000111000111100001001101101010011
0010011011100101001101111011110000111000110100011000001101000010
0010101000001010000011000010110010101101000111111011101100110010
0010101000111000100101101000011011000110101111001111000001001100
0010111001111111001111110110110100010001011111001010110000001101
0010100000000110100101001100110010101001100000101001011010110001
0010001101110000011110111011110011101100111111011101111111110011
0010001000011000110000100100110110001110000111010111010101111100
0010011001100010100010010000100101001010111110010011101011100000
0010111010000111100111101010010010101000010001101000001101011000
0010101010100000100111011000110101101011011000100101011011101011
0010011011101110010011010111110111010000011010010011011011110100
0010000000110010110111001011010001010110110010111111010000010111
0010000101011000011110000000000011101110001111110111100101000100
0010001111010100100110000010111011110111000010110011110000100011
0010001101111100010100001000010010101101100011011011110011110100
0010010011000100100101001010000011101000101011111001101110101000
0010101000110011010011101011111011011000001100100000000110110000
0011001101001000011000100010110111001000001000110011001001010100
0011000001011011011011100100010011111111000001001111000011111100
0011011001001110010101110011011100111010000100100111100101001110
0011100010111011111101101000110011011000000011111101000100010100
0010101100110011100001011010001011100100100000100000001011000001
0010001101111110010111001000010011101101110011000010000011111100
0010010011011001111001110000100000111101010000101110000011000100
0010010010000000100011100010111111001110010111111010110010111000
0010010101000101100001000000010011001100001000100111110001000001
0010011101111110110100010000110010101110000011000001100110101001
0010110101001100000001111110000110000010101001111000101101011101
0010011100100001000111110011110000001000001000010000100100010011
0010100010010001110110001001011011010000001100001101101100101011
0010001010011100000110100011110011100010011011110111100110010000
0010110010001101011000010000111000000001101101010011000001010101
0010010001111100100100010000100010101110101011011011100010100001
0010010101111100000000010000000010101101001000010110100101000101
0010100000100100100011011101010011111111001000000011010011100010
0010010101011001110100011100110010001101101011011111111110110001
0011010000110000111111001000000000011101111010011100000011010100
0010000101111001111101111000001010001000111000001111101011001110
0010010000111000011110000010010010011111011010000101000111010100
0010010011111101110100001000011010000101001000000100100101000100
0010001000011011111010010101101010000010110010011000101010101101
0010000001101011001101111000000110000000111001101101010110110000
0011001000101110010001001010110010111001000100100101000111101100
0010101101111000110100010000111011100110100110010111100100000100
0011011000111010001110100001010100101000110111011100011011101010
0010111000010011111000001110101010100101000000101110100000011010
0010100001001000011100010000100011101110100100100111011110001000
0100000101111101101100111000000000011000111000011110111011100110
0011101011110111110111110111110000100110100100100101010100011011
0011100010100111000111110111111011100111100000000010010100101011
0010001010001100000010100010110111100110000000110011101110110000
0010000000110100110101110111100010101010100010001000000100011011
0010100010110001110111101001011011000010001100001101101101001000
0010000001111111001000111010100010001000011101101001010000010011
0100111011111001101111111100010010011001110100110001010100110011
0010010011000111010111110111111010111000110000001001000111101011
0010011011011110111011000100111011101101110010000010100101000100
0011000111000001100011001011101000000111101100111110000111010000
0010000001001011011000101010011001000010100011110010101111101001
0010001101111000110011111100010010011011010011110110011110101000
0010000101011110010101000000010101101101010011000111100110011100
0001010011100001001111100011111000101010100110011001100110101011
0010001101101001101100111000000100001000110000000100111001000110
0010011101010010010001110011011000100100011111100111100001110100
0010110000110011110100110101000011010000110100001101011010110001
0010001100101011100100101010000010100000011010000110101011010100
0010001100011000100111011010010001010111000001110111110100100111
0010001100110100100100101011011011001000000111101101110100011001
0010011011010100110100010010010111111100101111010111111110110000
0010011111011000011100100011110010100110000011100000001101000111
0010011101111100000110001000110011101101110011000110000010100100
0011110110101111011011101010010110101001010111100010100111100110
0011001100100100110101111100010110001001100000111001010011110111
0011101100010010011010000010010110000000010000010001000010111001
0010101100110011100011001000011001101100101011110110001011100000
0010001000110010010111101101010111101101111011011001000011110001
0010100100110110010101001000110011101001000100000001000010101000
0010001101111010010111001010110010101111100111100111000010011000
0010111011010011010010000001011101100110011101100100010000100010
0010000000011010010110101100111111100010010011000010110011010101
0010111010110011001011001001010111111110011011001100001110100011
0010001101101010010000001110011110111010100011100011100101100100
0010001101011100010010011010010111111010000111010100001001111000
0011001000011001011010000010110111101110100111111010100001010001
0010101101111001000010111001010000000001110011000111010000000001
0011000111111001001101010000110010100111110110101011010111000111
0010010001011000000111001000111111001110110010011010110011111000
0010101010100010000111101011011011001010001000011001001100111011
0001010111011011011010101010011101111111010001100011000001011100
0010111110100110000011101010000011000010011011100101111111011100
0000011000100110001000111010111001110000000101100111000100011001
0010011001111011011100111010100000101000111100000111111101000010
0010001101101110000100001010110011100110101011000100101011100011
0010001000011000000110111011100111100100100111010110111110010000
0010001101111110100100100000011011101101000111001111010110110000
0010111110100000011100111001111000101010110110100011010010101000
0010100110011000010010110100111000100011001101000101000111101000
0010000110010000110110101011111011010110101100110111110101100011
0100000000110011010111111111100101011011000000011010010110001100
0010011011000100110001001010100111110100100000010111001010100010
0010101000001000010101001000110001010110101001101000101111100111
0010111010100110100110110011110000101101010110000000101100011001
0010100000110011010101100111011001110111010011001111100100101001
0010111100000010010101111010110111100111111000110011010000001000
0011110011011011001111101110110000111101010100100011011110100011
0011100001011010000110100010110000111110000001101111011110100011
0010001101111111110000100001000100011111000010000011001100101110
0010101010010101110111001101001011101000111110111011100001100001
0010011011101100010111100010010011101001110010010111010011111100
0010101101110001010111000010110000000111000111100101010011100000
0010100110000110100010001010010011000011000001101011001110110110
0011001100001000011010000010010111100110100111010101111111110000
0010001000111010110100101110110111100010000011010010101110110100
0011001100000110000110011010010011110100101101000111101010100000
0010001101011110111001101100001111101011101111111001101111001101
0011101000001100011010000011110111111000000010110100100111110110
0010101000000110000001010101110010000111001000101111001100010100
0010101101110001010111000010110000000111000111100101010011100000
0010111101111010001110101001010101101000110011010100001011100111
0010000100001100100100011000111111100101000010010111110000010000
0011000110100010001011001011011011111101100010011111110010000000
0110111001011111111111111100100011011011111100100011010101110001
0010011111000010100011011011100000101100100000110101100110111000
0011001101011010010000100110000111100010110011110001000110100000
0010100110101001011101100110010010000011100011110111110111101000
0011001111101011011000000010110111001100000111010101000010110000
0011001000011010010011010011100011100111100101100111100110110000
0110001101111111010001111000110010100101111101001111001110010100
0010001001111011010111101001010011001000111110001100001000101110
0010010000111000011100111111111010100100110010001001111100100010
0010011000010000011000010010110011100100101010110010101011001000
0010100111101100001110100101110111110110001100010011010010010101
0010001100001010010110001010100111001001100011001111000101111011
0010001001111000011110100010110011000110100111110111101101010000
0010101101101000010011100000110110001110100110101111111110110001
0010011000011110011111000100111010111111010010001011000011000100
0010010010111100100100011001000011100100100011001111110000100001
0011100100011010101000101111000001100100111001111101100010011011
0010111100011100011010011101010001001000110011111101101111110100
0011001100100000010001000010110110000010100011100101101111110001
0011001100000010011111001010110011101100100010110110110111110110
0010001101110110101100101000001010001011000110111111001110010100
0010000010001101101010011010010111100100111101111011100111111011
0111101001001100010101101010010010100101010110100000010100100100
0010100111111010010000110101010111101011010001001011100100001111
0010010001110111010110110010110000101100000101000110001100101001
0010111110101111010111110111011100011101000111001011101100101110
0010000000011110001111001010010111110101110011100001101010101100
0010111101111011111111110000100000101011000110111110111110001000
0010001101111111011111001010110010101101110110000111000111001100
0001110000011010010001000111100010001001001101011111100101111011
0001100001100111000010001000010010010111100010000100000001110110
0010100101010101010110001010110110110101000110000001101101100100
0011000110010011001101011010011011101101100010001010000111111100
0010110011000101011000101100001100110101001001010010110100011000
0010011000111010101101011110011011101101000010100011100011101111
0010001110001011110101011000111100101110000000100110000000000000
0010011110011010110111011000011100001110100001100110000000000010
0011010010000011011011000101110000111111010001001101010011100100
0010000000110000111011001001110011100110100001000101001011110100
0011001110100010010111011010010011101101100010000110110111111110
0010011001001010000001001000011101000110111101000001110101111010
00
0010111101011001011100100010110010111100111110110111111111100000
0010000011001111100111011000010010101110001111101111100001100000
0010011100010011100001001010100110100100100000001001001011100000
0010001000010011101111010000110100100010111111101000000101011010
0010001001111010010111000010010011100110100111000111101011010000
0010010010010011110110101001000010110001001001111010110011000001
0010100101000001100000011000011001100100000100000101100011000100
0010011001011111011110011010010110101100110111000111101101100010
0010111001010110011010100000111001000100000011000101001101010010
0010011001101111111111011010010010001110001100110100110101110101
0010001101111000001100011001110111101100010011000110101010100001
0000000000111010010000101000000110010100101100100111001111010101
0010001100011010110101111000111011000100111010000111101101000110
0011101101011011001101011100010011111100110001000010011111111100
0010111010001100001100101100001010110110110010011001100001000110
0010110111010100101000010001100010101000000110111011110010100100
0010010110011001100110011111010001100101000001001011000100101100
0010100010100110110110001000100111111010010010000010000110011100
0010000010011001110010101010010010100000100110001111101101010000
0010001110110010010011010001011011100110110011000010100111111101
0011011100111110011011001000110011101101010000001011000011111100
0010010000011011101100011101000110110100010001100010011111101000
0010110000000111001011001001101111101110101100000111101001011111
0011001100011010010010000010010111100110000011010011000010111000
0010001101111111111101111111001111100111000110110011100111000000
0010011000011110011100100111110101000100010011011111110111000011
0010110001011100100000111100110110101110000111011101100010110000
0010011000000001110010000010010111011100000001010111100111110010
0010010001010011010111011000010011101101100011000110100011101001
0011101110000010010011011011110011001000000001110001110011110000
0010111011100111000111110001111001001100010011100101110111010110
0110011100101010010011011100110011011101001011010110011001010110
0010101111010010110100011110101111100111100110110010000110100000
0010110100111011110000000110010110101111110011001011000011001100
0010011001101011010110010000110000000101001110011111101000001001
0010111011101110110000010001111000101100010010100011100000011111
0010001101111110010111001000010011101101110011000010000011111100
0010100111011111000000100011111001101011011000011000011010110011
0010000111111111011111001101000111100110110111110011101001100000
0010001001011011110111001000010111101110010111100011001101110000
0010000100011000110101011000011011100101100000000000100001001100
0001000101100100010101000010100111001000000000001110000110011110
0010011110000101001111101011110011010101100011000100100010110110
0011101101011011001101011100110010111000000000000001011110111001
0010101000001100011010010001110011101111100001101111000011000111
0010001101111000111100011110010111100000101001110001101110111011
0010010100011011110000000010010001000110011111110010101011011001
0010011000011111010100101010110110100100010001000110101001100000
0010011101111110011101100001000110101011001101010001010110010100
0010111001111100101100101000010111001110110000101011101110011010
0010100111011110000000000001010101011100001111111011000001011001
0010001011011101010111000100010101101101010001011010110110110010
0011001000011000011010000010110011101111110111100111100111110100
0011010010001000100101110011011011101100000111001001001100111010
0001110011011111001011001100110010011111110100100101000101110110
1000100010011011110010110100000010011010010011101000011011110010
0010010111100000111100001011100101111110100111010110100100010010
0010010001100111001111110011110000101010100110000111101000101001
0010001101111000100100001000110011100110000011110011100010100001
0010101111011110000110000101010111001100010101000010010001011000
0011101000000001011010001011111101011000101000110001100101000111
0011001000010001111010000100100110101000011111010111000111011001
0010101001110010010111001001011011100100001101000111000111011100
0010001000111001011111110011110100110110000111111111001100001000
0010011011011110010011000000110000101101010000000010000011001100
0010001101111110010111001000110011000101110011000100010010010100
0010001100111010100101011010011011100101100011000010000011101100
0010011001001101100000100001000110100010000001011111011110110011
0010010101010011010001110010001001000100011101100101111100010110
0010001100110100010111100010011101000100110011110010111110101100
0010011111000011111001011001100101010010100100100100011100001010
0010001011011010010110001010110011100111110010100111100011010000
0010100011011101000101100001111001100111111110010110100110000000
0010011111011000011100011011110101101111101011100010001010010001
0010001111110101110000111010101010100100111000000101111001000010
0011001111000110100000011001110111000000111101010010010011011000
0010011011000111100111101010011000101100010001000011101101101000
0010000110010110000010010010100010100010010100010111100100100100
0010001101011101011100001000000011001001100011010001110011000000
0010111000000000101110111001010101100110101101001110101001010110
0011101000101000011011000010110111100011000100100011010111110000
0010010101011011111011111101011111001011010101001101000010110001
0011001110000011001100101011011011111100000010010011010111110100
0010111000111011100110011011011011101100000001000000001100001000
0010101010010010111000111000011001001110000110111111000101110100
0010101010110001010111001000011010000000001000100001010010111100
0010111001000010100110001000001010100100001010011011110000110111
0010111000001011101100010001111100101110010001100010111101110000
0010001011110110010101000001100001011010110100011110100101001110
0010001111100111110001011001010010010011110110000100000100111010
0010000110110001110111101001011011000011010100001111001110001110
0011001010001000011010011010010111100110110111110111101101110010
0010001100110101000100111000100010001110100110000101101100010010
0010100010110001110111101001011011000010001100001111000110111100
0010001110010110010100011001010000100110110011101010000000010111
0000110000111011101010101011000010111101101010011000100101001011
0010101010011001101010011010110111100100100101110111101110111111
0010000111011110010011001000110000111101010110110011000111101110
0011110101111111101011110100110010001000011110111100011010001011
