0010110000110000001110010110101010001110011001010111010111011110
0010000101010000000111001100110000001110010011100001111110101000
0010101101111100110011101000000001000011101111000010011010100101
0010110010000101110001111001101011101000110111001100111110100011
0010101110111111010000100110010100011001110100001111011100101001
0010010111000100011000001100001011101000100001000100010111001001
0010111000100101100111100011011010001010000111001111010000011100
0010101000011111010001100000111110100111100101000111110010000000
0010001000110100001100101101111010000010010101001010011110101101
0010001001011100000100001001000011111100100101110111101101101010
0100000100101000011011011100000100101001011001011011011010001000
0010011000000111000111001011011110111100000101010011101101101010
0010101000001110110010001011000011000110100111100010111111110001
0010001001011000100110100000110001111111001101100111010001111101
0010101000000110111001001101011010101000010111111000110100101100
0010001111110111000111101110010001111111100010101000110000101010
0010000110001110010000110101000010010001000101111000110110100111
0010001001111100011110001010110011101100110111100110101111110000
0010100000000101000111000101011000011110100000001111110100100110
0010101101110001010101010100001001000110010111001100101110001101
0010001110000001111101110100000011001011100001000101010110001101
0010010101111100111100010000001011101010011111101111101010111000
0011101000011010100001101001011111000010010101000101111100000010
0010101010010000011100001101001011000010110001001110111110000101
0010101110000011100000111001000111110000110010001010100010111101
0011111101111111010110110000100010001010010110101110011100101100
0100010101111100010100010111100111101111110011000001100001000110
0010011011000001101100110011111010101010100101001001100110100011
0010001110111111000011010001010111110001011110010010111010100100
0011001101001111010100001010001101101110100101001110101001111100
0010011101011100111111010100110001111111000101100101110111111100
0010110011010110101000111001101111101001110111000000100010110101
0010000000011111100110111110010110100010100010000011001101110100
0110000111011100011101100010100111110101000101101100110111001010
0010110010100010110111101001111110001010001100101111100110110100
0010001111010110110000110110010100100100100011001101101010001010
0010001010101001000000111111000011011110110100100101111100010001
0010001000111100110110001101010011001110001101000011100000001100
0010110110011011010010000100110000100111000001100111110111001000
0010001001011110110110001000000001101111100111100111100011111110
0010001000010110111000110001110010101101100111110101110111101110
0010001110010110101000001101001010000010000011011010110110001111
0010101110111100100001001000010001001110111010000111110000001001
0010001101111110010111001000010011101101110011000010000011111100
0011111000000000100011001011000111101100110001010111100000110101
0010000001011101111000011000100011011110100110010110101000000011
0010101111010001111100000101111011001000010001010000110111100011
0000000010011011110001100010101100110111111111100110010100111010
0010001111011100010100101000000010101000011110010010001010101000
0010001000000010111000000000010010011000101100101000000111110101
0010100101011100011001000000111110100111101101001010011010001111
0010001000010100010010000100011011011111011111100101111111000001
0010001001010001011101100011110010100110100101001000100110101010
0010001000000111110010100001100110011000110000001000111110111011
0001100111100011010011001000000010101110101110000100000001100110
0011010011100100110000011011011011000000111111001111010110100001
0010100000101011011101101001011110100010011100001011110100011100
0010011101111000000000110111110001010101110110000111111100000001
0010100101011100000100100001010011000110010001110001110101111100
0010011100010000111110101000110111001000000111110100110001110111
0010011100101010000110010010000010100110000001000010010000110011
0010011101111100001000011010111110101001000000010010100010101111
0010100010110001110111101001011011000010001100001111000110011100
0010001000011110110000111001010001001111111111000110000010011010
0010001000011110110000111001010001001111111111000110000010011010
0010100110100001100000110010011001000110100000100011101110111011
0010001110000000111110010011110011001101111011011010011000011111
0010011000010100110100110101100000111001100110100111111001101001
0010101010010000011000000000001011010011111101000101111010011101
0010011011010110011110011010010110100000111101010010000111110110
0010011000111110100000110101111110001011001100011111101010010100
0001010101100011101001111001010011001010100110000100111001110000
0010111011010010011100011000011111101100110111010010100111110110
0010001100001100100110010100010111110011000000110011110110110000
0010010111100110111011101110000001111100100110110011110100110000
0010100110110101111001101001010111001000011101101110000110001100
0010000001011100110010001101000111101101111010111011110010111110
0011001000110011001001001110001110000010110111011111010100101100
0010010000011010000110101110010100111111011101100110011100101000
0010101001011010111000111101011111000010110101000001111001110011
0010001110111110010111101010110001110101100001100111011100011100
0001010011100001001111100011111000101010100110011001100110101011
0010000101010011001000110010000001011100101111000110000110011111
0011011100011110001110111111110101100000110011011111111100000101
0010011100110110100101011101001001100011010111100000100000011000
0010000011000001011100110101011101001100000001110000010000101101
0010101000000100111000111001111011100001101111100111010000001010
0010100001011000001100110101110110000010011101100101100011110010
0101010011000001100111110110001111011110101111001011000111110000
0011000010011000011010000001110111110010111111011111000111101000
0010011010010101000010111001111001100000010101000110010100110101
0010101000010101001010000011111011011100110101010111010100100101
0011000111000111011101100010100110110100100101100100110110001000
0001110000011010010001000111100010001001001101011111100101111011
0010100011110000001010111100001001101010010111101001101111010010
0010101111110101011100110011100010111000000101111011110101001000
0000000111000111001000101010001010100000010101110110001111001111
0010001000010011101011110011111011000001010001101101011010100010
0011001101101011011010111001010011001000100000010111010110001001
0010010101110011111100000100100001101101100010011111010011101100
0000101011000010101000011000011101011110011000011011001010110100
0010101001000110000000001010010011110100110011010111110010100111
0010000101111100100110000110110111000100101010111101100111000100
0010001001111101000100000111010110100000111110011100110000101100
0010101010110110111010110011101011101111111011010000000110100100
0010001001111000010110000100110111001101100111101101110110100000
0010000000011101001101010001100101100010100111000101111011000010
0100011000001000010010110011100000010110001110010101010110111111
0010000000101000001100111000100100101001110100101001000011010110
0000001000110000101111101000010001000110110111000111010000010000
0010010100000100000000011010100110111111011111001100111110010011
0010000010110001110111001001011011000011101010001011000110011100
0011011100110111001001011011010011000111011010001110010010100111
0010000101011010100000111001100110011010110101000101000010100101
0111000001010111001000100111110101010001011001011100111010000011
0010001101000100001100001000011001011110100011010010110000100011
0011000000000000100000000010110111011000100001111111011111110001
0010011001100011101001111101011111000001110010001110001110101001
0010001001011110111010000111110001101111010101111111100001010111
0010000100111000111110011101010011111101100011001011010100010000
0011101010010101110000101011010110110100110101010111001001011111
0010000001111011010110101001000010001000001111000011000100010011
0010001100010001010000101000010011000110011011100000011111110101
0011001001111010111111111000010111010111001000000011010100110000
0010001000111010111000011101110111100100001011010000110100101000
0011001100110011011001001111101111000000111111011110010001001101
0010100110010111010010110100111010101010100001111110111010100100
0010000111000001011101100011100101001110101101000011011000111001
0011010101100101101000111101111110000001010010001111000110100011
0010110101110100010100011101000010111001111010110000000010100000
0010000001010101011110000001000011011100001101110111100110011100
0110010011101101000010010001001100011000010110000111101010001111
0010001000111111101000000111101001010000010000000111110001000000
0100100100101010110111010010100011100111100110101011110010110001
0010001110010011100010010100100111100000001001000011110100101110
0011011011110110001001011011111011110011001110111110110100101111
0010001001110101001010100100110110100000011100111011100010101100
0010011010011100111010010101100001101110010110111111101110111101
0010000110010110110101101010000011010101010111000110111000001000
0010101010010100011010010101001011001010110111010111111010011101
0010011010011100111010010101100001101110010110111111101110111101
0110000101001001011110101011000101001010100011000111100001010110
0011001101010111101000100010110110100101111101110100010010000110
0011010001111010101110111000110111010011001000110101010100110001
0010011000110100111010110110101011001100010110010101010000100010
0110011010110100111010110101001011101100010110010101110000100110
0010001101011101000100000001011110100100010101010000110100111100
0010000101011101101010010001100010100001010100011111011001000011
0110001000100011001111010110101000001110110010010101110010010010
0010101000001100110000111001000011011011000100000111011010001001
0010001111110101111110101001110010001000011000001001111110000100
0010111000000011000111011011110101001001101010100100011000000100
0010001001011110110101011000110010001100100000100111000110100100
0010001000111010010111100010011010001100010001000110011111100100
0010101010110101100101111011001011100000000100000000100100011110
0010011111110100100111001001011001011001011011101111100001100101
0010100101011011010101100010110110100101100101000010100010011000
0010100110100010010010000000110011101101101001111101010111100100
0010011000011101110010001010010110011000010001100000111001101000
0010111001011010111100010001011111001110110111100011110110110011
0011000100100011100100010100000011101100011001101001100110100011
0010001001010101010001100010000110100100100101011111011001001100
0010011100100000100100011011101011110100000010110011110010010011
0010000100011100010100100010000010010101110101100100011001101111
0010010100001101110000000111000101101010101001010111011100000101
0010100000111000000110001100111001010010011111101111111000000001
00
0000000100100111111000000110011111100000010111110111101011101101
0011000011000001011111100010101010101010100111001000100100001011
0010001001110101001010100100110110100000011100111011100010101100
0010010000101111001010011000010111001101010010100001110111011011
0010000101010001011001010000011011011001110001000000010011001100
0010111001110011101100110110011110000101110010001101001100101001
0010001101011110000100000000110011110111000010110111111100000111
0010000101000110001011011101010011101110010101010010011000011101
0010001001011110010100100000011100100100000011111011100010111101
0010011101101111001001010101111101100000101011001110001100100001
0011001100111110011100100100110001101001100011110101000111110010
0010011010110101110011011001001011000000010110001111110011111100
0010001001100000011101111001011010010110100011010010110010000101
0010111010110100100000110101000001001001101111110001111100000000
0010001000011101110000001010010110101010011101000011001110001000
0010111000001010101001011000010110001110011001100010101101100000
0010010101100110100101111000100011101110110111001100010010011011
0010101101111011111100011010101011101100110110100000101111000011
0010001101100111001110111001110010101100010111000110000111100000
0010111000011010100001011010011011100101000001000010100001000100
0010001101100110110110111000110011100100101101010011100011110100
0110001111011000110111100000010111100001001011000010101100000011
0010010011001111001100000010001000001010001110100111100110001100
0010101110111100100100010101010111001111000101111011111000011110
0010001100100110110101100110100110100100001000010111111010000111
0010011000100011001000110011011101000000010010101110101010101011
0010111101111101011101110000100010101100110110011000111100000000
0010101110111000010100001111000111001010100101100111001000011001
0011011000110111101011100111110001100001010101011111000010010001
0010010101111101100100110000000101101101010000000101110011100100
0010001100100110001101100000111110001011001111101100000011111110
0011010000011011111010001110010010111100111001100110000101100000
0010101101111010010111101000110000101111110111100111010101010100
0010001111111000010110000000010111000100100111000110110110110000
0010001100011110111110000010011011100111000011011011111000110101
0010110000101001111011111101111111110111011101001011100110010100
00
0011001000011000011010000010110011101101000100100011000011011100
0010000111010100100110000001010001111100101010001111110010000100
0011011001100011101001110011010111001111001000000110001010110001
0011001100011010001100011011110011111110100000110111110100001010
0010011111110101010111101001111110001011010111100100000110110011
0011101000000001101000111111001011000001100001000001101010100001
0010011001010011110110001010010100101100000101100111001101100000
0010001101110000000001101001110011000101110110101110101110010001
0010001001011100111100111011000011010100001101111110110100011010
0010000101100010001001010010011101000100001110100110011110110110
0010101000011110011110001010111000101000010001100000101100110100
0010001111111000000110110110110000101111000111001111100111111000
0010001100010001001000001100001001011010010111010011111010001101
0010111000001110011000111001011101000110000101000111111101011011
0010000101001000111111011000010011001100111000001001000111111100
0010001001000111011010011011011011010100110110010100001111010001
0010110011010011101100011101110011101110100001010010010000000001
0011001101100011011111111011011100000011110111000111000110110101
0010011000101010100001011100010010010000010011111111000000110011
0010000110001010001110110010100011101110000101001111111110001000
0010001000001111001100101111100001000010000000011111001100110100
0010001101110110010101110000010011101110110011000011100111110001
0010000111011111010111000100010001101101010101001111000011001100
0011000100100010111101011110010111001100100010111111101101110011
0010011000111111100000011111000110100100001101011010110100000100
0011111010011110010001000010110000101101010000101110000111000100
0000110001010101110010000111000111110000000000011011111010110101
0010001001111101011100011001010010100110011111010011110100111100
0010111001011100111110001001011001101110010111010011101100111010
0010001101010000111010110001111111100000000011101000000111010101
0010010000011110011010000010010011010011111111010111010001010001
0010001010111110010111001000010011101101010110001111000011111100
0010101000011000110000111001011111001111110011001111110100111000
0010101100011001101000110100010000010110010101010111111000011001
0010011100110100100100001010010110001101010111000000001010001001
0010011101011101001111110100000111101100000001110100010001000011
0010101011110010111111101001011011001000010010001111000110111100
0010101000001000110100000000011011101110100011010011111010110001
0010101000000110011010001011110101011100000000111011111001111011
0011001110111100100000111111110011101110110010011011110100001010
0010100010110001110111101001001111101010001100001110100000110000
0010000101011111000111000000100011110101010000110110000110111100
0010000100011010010110110010000110101111100111110011101110110001
0010010100001001001110000111110111000110011011001100111111110100
0010100111100100111111010010111111100111100110010010110010001001
0010000000010000000011110011111100010100010101000110100000100011
0010001111001110110100011101000101101001010111011010110001110100
0010001101101100011111011000010010111101010010001100100010000111
0010011001011111110111001000010110101100010001000010001101101000
0010011000110011000111101010010110101010101001000110001101101000
0010011000001010011111010011100101000010000000000101111001010111
0010010000110011000111011000100101100010101111000101111101110011
0101111011011111101111111100110011011001110100110001011100110011
0010001101111110100110000010110011100111000000110111100000001101
0010001101111110010111001000010011101101110011001111001010110111
0010011001101010010110001001110010110101010001000011101100001000
0010001100010010000100010010011011010110101111111101111000100001
0010011000011011111100011110011111101100111001100010001101101000
0010111010000100011000110000001001101010011110100000110001110111
0010000111000101011101100010100111110100101101101101110110010000
0001010011100001001111100011111000101010100110011001100110101011
0010011001110110110110010000100101101100100010110111110011110101
0010111011011010111100010101111111101110110111110000110001011100
0110010101011101000001001001011000100101111011000110100010100110
0010101100011100100101001001010011011000110111001110100000001011
0010001100110110100001011000000011100110100011000011101000100001
0010101010100001000111110011111010001000000100001101000110011101
0010101000100100001000010100011001000000110110100000111000100001
0011010010011001001100110111011011100101000011001000101000001001
0010100010011000101100011101011011000100001101001101101110011100
0010111001011100100110101001111100001000111110000111111001001011
0010010001010110101110001110010111011100111111100110001000100000
0000011001000001110001101100110010001100010001011100110111010010
0010111010110110111010111010010111110101001011000001001101011000
0010101101111000110110000000111011100111000001110011110010000111
0010101100000101110001111110111001100000100001001001010100100010
0011000100100100100011010110000111011110011000001010010100011100
0010111001110010111000011000110111001000110011100010101000100011
0010000100001111011010011011010011000100101100101001011100111011
0010100110101101100011100001011001110100000100001100000100001010
0110011011010110011001111001001011010001001100110100101001010001
0010100001000110100101100001111111001100110111110010011110110001
0011000001101111100000000011010111000000010101111011110000101101
0010001011001110010111001000001011001111101001000100110000111001
