0010001100011100000011001010110111100101010111100000010100000011
0010100101111000100100100101010110001010011000110011010000101000
0010010001011100101100011111000000110111000110010111111110110101
0010010101100010001000011000010111011000111000010010100000100000
0010011100010010110100110110110001110111010010101100110010110101
0010001000001010110010101101011101110010010100001011101100011010
0010000011010101011101000111001100110110111101101110000101101011
0010001111100010000000100001010111011010011111000100110001001000
0010011110011100001110000010110111100001110011010000010000100111
0010001110000101001011101100000101111111001010100110100011001000
0010010100000110111001100100001111101111111011101001011111101100
0010100111011101011000000001010001011100010101001101010111011110
0010101110110000001110011101100001101001000100100001001010111101
0010010101000100000000011111110111011111100100111000011010110010
0000110111010001111000011101101010010000011011111011100001010001
0010000000011010100010110001101000110010011110101101101000110101
0010100011110101100000101100010010110010000011100111011110100010
0010101111110001010111110100011111000011010101101101000100000010
0010010000010111001001111010101001010011000110110111101110011010
0010110011010010000010001110000101001101001011010001010010010111
0100100110110110011010110001101011101110101001111101001111100100
0010001000001010100110111100111011100001010010100100100000111100
0010000111100001010001001110010110010111001010101111110110011101
0010000111000101011000110001101111100110001010100100100000110000
0010001100111111010110001101010010101101010011000010010110111000
0010001000010110001010000110110000010001010011010001011100101011
0010000111000110111100000010010110010010000010001110111110100101
0001010011100001001111100011111000101010100110011001100110101011
0010001000011100101001001100000110010111001011101010110001101000
0100110000011111010001110111000001010110010110011100011000011111
0010011110100100000011100010011111000110010011101110110010111011
0010101010010011010100101100010011101101111000001000110011101000
0010001001110110100001000011100100110111001110110111011010010111
0010000111100010011000000011100010110101000000110010110000011011
0010011101101000101110010111110100101110001010011111110110010010
0010011101111010010011011101000111011111010000001010000010010101
0110011011000010001111011000101010111010100110000010110000100001
0110000000101110110111011001110011101101110011100110001010000000
0100000101110101111000011001100111010110010100011011100010000101
0010011101111100010110001000010011010111001011000010010010001111
0010010111000010110000101010010100000110000100110010110000011110
0010001101111011010111101000011001100111000011001111001011100000
0010001000011100100001101100000111010101001011101010111011101010
0010100001101101011111110010110011010110011110010011100000001011
0011010010011000001111010111011011100100000011001001010110000011
0010011111111110011011000010010011111111010010101110000111111100
0010011111001000000010010111000110110001001000011101000110111110
0010010011000110100011101000000011001010010011111001101111011100
0010000101011100000001100100000011100101000010010010010000111100
0010010100000111001001111000100111110110000011100011111110001010
0010111001010000010000000001000010101000100101001100111001101110
0010111110000011010010000010100011111110010000001101011011001110
0010100110110001000101111001111001001111000000100111110001011010
0010011111001100001000101010100100010111000000010101011100000101
0010001100001010000010111100000011101111111010110110110001001000
0010111111110110110000101001000010100011001100001111111100101011
0010010100000110110000110100001111101110011011101001011001011100
0010001110000110100000010100001101100000000011101000001010101110
0010101100110000111011011001010111110110101000100111110110011011
0010011011111000000110100000101011110001001100001001111011100000
0010010100001000011011100111000011111110001100101111011101010000
0010011001010011010110011010010110011110011100010010100011110110
0010100010101100111010100010110001100011101001000011110011111111
0010011100010100001001100010000101110010011011101000011110100011
0010101110100000110111111000111111100110010101001101110110110011
0010001101011100011000101101110110110010000001110010111010010101
0010101011010101110011010000101001100100000111110111010010010100
0010111111111001011010110111010011100010000100100010010100110101
0010001100110100110111001100000001101101001011000010100010101011
0010001101111100011110011100100111101110111000000011111011010110
0010000101100111001000101000000011110111001010011010101010000010
0010011001111101101010011101100011010111010000111000100000011111
0010001001111000110111100111000011100111010011111100011011111101
0010001001010101100100001111110101110011000000011011011010000011
0011101000101000100110100111101001100101000111101100000011011110
0010001110001100010011100001000000111101001010100111000111101100
0010001101010111010010000001010000001101010101100101010000111101
0010101000011010010010110000111100100010111111010000110110100011
0000001101110101110110000100110011111101000000010110001010001101
0010001000011011010110100000010011000110001010001111101111010000
0010101000010100110110001100011001101101010011010110010011111101
0010101110111000001001001001111101111011101010100001000011111100
0010001100111101110010001100010010110001001011000010100010100001
0010101001010100110111010000111001000111010011100111010110110110
0010001110101000110111100111010011001001011010011110011010111010
0010010101110100100000011101100111110101001001010011111010101011
0010010101010001111111000001011101101011100111110010100111100011
0010101100110110110110010110011011100001010110011111111110000101
0010011001111001101100110111101000101010001101000111111100111010
0010010010001011001011010100010101110100101100010110011111111101
0011100010011110011101100001110100110010000100101101001010010111
0010011010011010111011000110100001111110010110101000110100111111
0010001010000000010010101100010101111111010100101111100111001010
0010111100010100000000101010000111110100001110101000000010101100
0011100110100000011011001010001010010001000111001010000111000010
0010010001001011010110011000000111001001100110110101111011000111
0010111110000011111001001001011101011010100010110010100110100100
0010111101011110110110011100000011101101110011100010011010111101
0010001110100100101001001010010001100111101010110111010100100011
0010111111011100111110110000010011110101110010110010011110111011
0010000110111101010010001111010011000111110010010010011010110110
0010000111110101000010011101000100011001010010100110101000001001
0010100101111010111010010101111011100011001000001101110110101110
0100000011001001100011110100101010101010101110001111011010001010
0011100110100001010000110011100111000001001000000000010100101100
0010000110100111100110111011010001011001011010101011000110001001
0010011011110101110000110001000111101000010111001110100010011101
0010001010000011001010111010101001101110110001100000110011100000
0010001010101010110000101100000110100000000011001111101101110000
0010011100000100011000010001000001110010001000101010110010100101
0010010111101101010011101111000010010111100110110001101011001010
0010001101111100111100110000100111101110001111111011101110111001
0010101010010001101100010100111000001110010010011011011010100100
0010001100111100011010000010110011110001001000011111011010011111
0010001000101111011011001010010101001101010000100010111000010011
0011001011101000011111011011100000100001000001000101100100110110
0010101010110000110100100000000010000000101010101011010000101000
0010101110001111100110101000100110100000110101111011000000010100
0011001001101000001111000111110001100100010101010100111101001101
0010011000111011010010011100100001010100000000110001111000000110
1010110010000110100011101100000111110111001001111111100011001000
0010001101101100000110001111111101101101110010000101011101100111
00
0010001001101000010110111010110101100111000011000011100010100011
0010011111011010111110010001100011001111101001100011110010011110
0010111101010100100011001000100010000001001010000111001100110111
0010101111100000000010010000111111010010001010000011110011010011
0100010101111100111010011101100111110101001000011011111010000111
0010111111010111011111000110110011001101110001101010010010010100
0010111011001101100010010100100110010110010000011111010000010110
0010011111100110000001011111100001010111110000010100100000111111
0010110101011100100110010100101110000110000110001010010001011000
0010011011011011110100001100010111101100101101001111100110000100
0010001101000100101110100110011011110100001010101011010010110011
0010011110101110000001010100010001001100111000000110011100011000
0010010001110100011110010100100011001100110111110111101011101001
0000100011011000101000100000100011111010100111011011101100100110
0010101010000011000011101111010111010010001100001010010000111110
0010011110110000111111101111011011101111000010111001100010111011
0010011001111010101100100100010111100110101011100011110010111011
0010010100010111111110010010110011000110111001101001111011000111
0010000110101101110010000000000110010101111101110001000111110001
0011000110101010101010100110010001000111000110100111111110011000
1001110011010101100110000111001111111110000000001011001011110011
0010000110100111100110111011010001011001011010101011000110001001
0010110000011101111010111111100010001101111101011011010110010101
0010011000011011100111111100010010101100110101111111111010010011
0011101110110010010110111110100001001111011100101111111010010101
1000110011100101101010000110000111110000001000001011011010100011
0010110110110111100011110000110110011100111000010101100110001100
0010101000010010110001011100100100000001110110000111101101101010
0010001110000100001010110010010111110101011100000111110100010000
0010011111000011000001011001000011100100010000100111110000101110
0010011110010101100100010100000011100100010010010010000100101110
0010110110101111011010110011110000101010100110011011011110111110
0010001110110110011011001001000000111100010010111111011001001010
0100111001001110001101010110000010010001011001011101000111110000
0010011111101100010110100101010011111010011101111000110110110011
0010111101110111011111001010011001010100101100101010010110110001
0000011111100100011110100010001101000111000011001110010100111011
0010011110011100101000100110010101011011001011100000110010101010
0010000100110001111001011101111101010100000010100000110110011111
0011111101010000001000000111011111011101000111101010011010111110
0010001001101011000010110111000110110011011000001100011010101101
0010010110100101010011001111010001000100010011100100001010101011
0011101001010011001000111011110000011000111101110111001100111110
0010001001100110010011100010011110000111000110000111110010011101
0010101101010110100100101101011001111101001011110001000010000110
0010111111010110101110011100000001001010110011001111011100110111
0010111111101101111010100000100010100001001010000101110111110001
0011000100110000101110110100000011001110000000101000111111101000
0000010001101000001000010100100111110100101000011010101110101011
0010001111110010000111100011110000110011110011110110110000101001
0100001001011111000010000010100011101000110001010101000010111101
0010011001001011001011010110110110101111001000001110010010111101
0010000101110100100110001100100011010110100110111111110000010100
0010010110000110100000000010100001100110111011111111110001001011
0010001101111001011111000110010010110111000000010101010010111101
0010001100011000011110111100110111101100110010010010000010110100
0010001010001011001001101110000010110111110011000110100010101101
0010011101011010011010000001110001011110010100001100011010111101
0010011000010000011000011111011101100000000111100000110110011110
0010001111001101011001100011110110010011001001100110011110110011
0010101011011101000010100111011010000111001011111101111110100000
0010011110100111000101011001111001010110111110100010010000001010
0011011010010000111110111111001001101100000000011001011011111001
0110000001111001100101110001010010000011011101001100000000011110
0010111111011111111110010110110011000101011001100010011010010101
0010000000101000110000001011011101000110001100000100011000011101
0010111010001010001010110100101100000110000010111110111100101011
0010001101011110011110110011010111011100100110100001100110010000
0010101000100001110111101010001000000001101000110000100100100111
0010001001000111011110001011111001111001111000000000110011001110
0100111001010011001110010110011100110111011000001111011100001111
0010011101111100011100111110100010000100001101011010101010001011
0010010101100001101011000000000101101110001001101010000010001000
0010001000000110001100000110000010110000110011010110011001000011
0010001100001100000110110101000111101111101001001100110110111100
0010001111101111000011010010110011000000011010010111111011011101
0010101111110100001100110011100001001000000110110010110011000101
0100001101111000011010110001111111110100001010110011011110000111
0010111100101001101110101101011000000010001110001111111110111011
0010110111101010011101001111011001001110010000000100001010010010
0010011101101100011010011001010011110101111010001010010010111111
0010001110010100001111001100000001101101000010000011101011111000
0010001000011101100011000000100001101000100000001101111010001110
0010000010001100010010100100000111100101001010100011111000101000
0010111000000001011010000111101101100001000100010100001000011110
0011010000110011000101101010000010011110000100110111010110010001
0010011010010110010001010101100000010110010100001100110001101101
0010011001011010000010010111100001010001010000111101010000011101
0011010101001111000011010110001011001011101110000010111011111000
0010010111100101001011101111100011010111100100110000101011011011
0010010101111110100010011100110011010101010011111111100010010111
0010000100111110000101001000010011011111100011111111010111010101
0100010101110101110101010111100100010101100101010100011110111010
0011011000011111001110000110110001100100010001001111111100000011
0010100000001010110000101101010101000010011000010001100100011010
0010011001001000011100100011111111100001000100111000111101000011
0010101101101001010011100111010000100111010100101100000111000101
0010111011001000011010011110010111011100001000100001110000101001
0010101111100100000000110001100111110111000010011110000110101001
0100110111111110111010011011000111110100101000010100110000111101
0010111011100101100100100010001011100010001110000100110010100011
0010001101001000001101100000110010100110110011010110100011101100
0010011101101110110010110010110101010111010010000101010011000000
0010011101101001100100111110110000101010010000011101101110111100
0010000101111010010011000010010011001110100011100010000011011010
0011111001110010001100110001100011111111110111111010100000101000
0010001100100110000101000010000000000010110111001000000001011110
0010100110100011111001101001011011000110000100101001010111101111
0010001111110101100011010000100011110010101100000111100000001011
0110010011001011001010000111001111111000110001010111000100010101
0010011101011001010110100010111011100111000111100011111010110111
0010010001101110110010010101100111000001001010001011111000000111
0000010100110101101011011010001111100100000101000010101010000011
0010111100100100110011001010111011100101000011110011110010100111
0010111110100110011000001001011111000110010011101111010110100011
0010011000011111000100100100111000000111000001111101100011000011
0010011001000010100000000111000110011111000100001010010000010101
0000010011011111011000100001100101101100110011011110100000010101
0011101000000001011010001011111101011000101000110000011010100110
0011001101111110011101001000010011101101000111100001000010111000
0010100110101010000101010100100100110110101100011101010000010101
0010010001110101000010000101110101101100101110010111101111100000
0100010001001010000000000110100110101101110000001011000010010110
0010101100100011010111100000110001000110000011100101101011000011
0100010111110110011010000000101011111110001011011101001111001010
0010100011000110101001101100010101111010100001110000100011011000
0000011001010110110000010011000110000001010000011100100110010001
0010101000001000011010101101010001111100001010110000100110101001
0010111000110110111110011011011011101101010111100010010110100010
0100010101111100010010011100100111110101010010010010101110001100
0010001111110101101101100001110010110100011100001111111110000000
0011001000011011011010101111100011100001110100001111100111100001
0010001111001100110011010100010111000100001110110010000001001110
0010001111100001010110101001010110101110000011100100110110101000
0010101110110001010001111001110011000010000011100110110001101010
0010010001111111011011011100101011110110010111110111001100111011
0010011000001001001100011110001000011100100011010100110000100001
0010011010010000001111010111001011000010000100101010010010010000
0010111000001001011010001011111001101010101010110101101110111010
0010010001111011010011000010111111010110100010100000110101011010
0010000000011010011110100000010101100100011001000111001001101010
0000011100110100101110010101000110101100001101011010111110110100
