0010011000111110001100000010010101000101010011100100110000011111
0010001011110100110101101001110000011000000000111110000100100110
0010010011010000001101010000111101101100100101000111101001110110
0010011010011100110011100101001001010000000110110010111011010001
0010101101101110010101100010011000001101000011111000000101111111
0010111001010111111011011001010110101100010101000110011101101010
0010111101111000011110010001001001101101101111110011111011010110
0010011100011101101100100110010100000011010101110100010001000100
0010001011110100010000011000011011001000000110100111101110110101
0010000001001000101001010100010000001001001001100100000010011111
0010001110111000110100101101010111101010010011110010010111101110
0010011000111000001100100010111100001111011011111010000111011010
0010010010111101001110110110000001100111000011011001101110010000
0010000011010100100000010100101011101110011110001010010100100000
0010110011000011100100010000100000101100001100000010100001100100
0010101110001111100011110010011001100110000100010010111010111000
0010000111001110011010001111110100011011010000100001101011011000
0010101011110110010000001000011010011000000010101110001100010100
0010111111000111100111101010111101100010101010100010110000110011
0010001101111110011110010000010001101000010011000010111010011100
0010011001011101111010011000000111101000110110000011100011111101
0010000000101001101100110001111111001010101110001101011010101010
0010001101111000100110100001100111100100100000111111101010000001
0010101110101010110001001001011011101000110000101011110100110100
0010000000011111100011010110101011110110110001111101011110001110
0010011010010110011010000110100001101000010100111010111100010110
0010101110111011110101001001010011100110110011011110101011001101
0010011100111000001100100000110010000011011111110100110000001111
0010000000110111011111110010100001110000101110010101101010101101
0010001110010001110100110010110111100101111011010110010010100010
0101110001111011010000101010110111001111111111000001100110001001
0010001000000010000010010001100101100000000000110111001111011100
0010001001100101110011011001000011100000001000011011000010110100
0010100111110010111011010111011001101100000111000000100011110000
0010011100111100001001101010111011000001011001100000010111101111
0010001001111101000100101111000010001000111110001101111000100010
0011011110000001101010110101011000101010010110111011100111101101
0011011010100000000011100011111111011011000110011100100001110001
0010010110011111000111100001010100010000010000011110000100000100
0010010111011110010011010001100111010101100000110101110100100000
0010101100111011000001100010011101000001000011111100110111011001
0010001000111010001010010111011000100001010011010100111100010010
0010011010000010100110110001011101010010100100000001100001110011
0010111010010010111100010101000001101100110010110001010010110000
0010110010001110110001101111001101000010010000001011111100111001
0010001001101011010101101110111101000110001111000101011010001000
0010001010001001001010010110110101100010100000011111100000010000
0010111000000010001001110001011000100100001111110011000111000010
0010111010010001111000101001000011000010000110111110110000011111
0010001100111000100110101000001011100000000110010010000110110001
0010010010011000101001011000100011100101101111010010000001110101
0010001011001100010011010000000011001000011010010010111011111110
0010101000001010010000111001010101110001010000101110011001001101
0010011000000111010111011011011100111100010101000010001100011011
0010101100100010100001001010111011100101000000100001010010110001
0010111001010111111110011000011111010100101100111000010111000000
0010110101010011010001100000001011000000011100100111001100101111
0010001100010011100100010000010011101000001011011101110101111010
0010101110001000000001001001011111010001100000010110110110111101
0010011010000001011110100111011000101010001110111101100011101111
0010101110001111100011100001001011100100000000111110100001111111
0011110010100001110111101001011010000000011111000010010100111011
0010011000110110100010111010000111001111001001000001101011101000
0010001100101000101100110100111100011001011011000100010111000011
0010001000101100001100000100110000100011001001001110111010000111
0100000001010001100101110100101011111110101110001010000100100010
0010001111101000111001100101111010000110100001100000110010100110
0100110011011001111000000001100111111100101101010101100010110101
0010101110000100000010100001001010011010001000001111011110001100
0010101110000110101110110100001111100000000000110010010100010100
0010101110011101010010010101000101001000010100110101111011011010
0010001000011100110010010101101000001000010110110010111110011100
0010111100111010110010100100010110111111100011000011100000100110
0010011000000011111111010001000101011000100000010110010001000110
0010000100101010101010110011010001001100010000111001100100011100
0010101100110110001010110001011011101110011011111100001111110010
0010000101111100000001111000010011100111101001001111101100101011
0010000100011000011110010000101010011010010101110100010100010100
0010000100001000100110100000110010000111000111110111111100010000
0110000101101001101101111001110100011000110101100000000010101010
0010110100110000010111111001010011000010111100001011111101001110
0010001111111111101000001011001111011011001011111101111110011110
0010011000011100110111010000000011101000110010000110110000010011
0010110010011000000100110101011001100111010100000110101000110001
0010001111110000001110110001000001100100000101100101110001110100
0010001111110000001110110001000001100100000101100101110001110100
0010100110011000001111101001011010010000000100110100110010111100
0010111110001110100011110100010101101100111000001110011110000100
0010000000011100011111010000000001101100110010001110111011011011
0010001111011110110011011000110011101100110011000010000011001100
0010001000111000001010010001100111110110000100110000100110111011
0010111010010000001000110101001010101000111110110110111010110100
0010000000001011010110000000000011110001111100100010000111001101
0010011000100010110000000001000010001000010001010001010011111011
0011101100111011001111100111110011111001000000110101001011011101
0010101010111011010011100000110011110001101000110110011001011101
0010011010101001101011100100010111110100100101110101000101001110
0010100000100011001011100010111011000000100100100101011100110010
0010001101101100101100101100100010101101000111111111110100000111
0010101100001111100010110001010111011110000000111010011100110111
0010101101111011000001111000010011100101101011000011101000010101
0010101100101001000011100001011111100000100010110001110000000100
0011100100101010011000110010100011100001000100010101111100001110
0010101110010110111011010101001001101000100110100100100011100100
0010011000000010101000010001100001101100010100100011100100000100
0010011001100001001100110100010010101000001001001001101011101001
0100000010001011010110000000000011010101111010100011010000001000
1011110011000100010011101010000011000000011100010001110101001101
0010110011010011110111111001011111000110001100001111111101011101
0010000000001110110000001010001010100000010001000000001000000000
0010010001111100110110010001000111101110000110011011101011111100
0010001010011010100001010010000110110000110001000110100100011100
0010001111101011101011111000010101110000100110010100000101111101
0010001010101010000010010011010100100000000100011111010111010011
0010111111111110000101000001110110110011100001011100011001000011
0011000010111111100010101011000111010101110010110110110100100010
0010011000011000110010010111000111011101010010011111101010010101
0010011000111000001111110010001101100111000101101101001011110101
0010001000011000000100110001100001100110000100000111000100111001
0010011011001111110011010001111111111000010010011111010111000111
0010010010011101100100001110011011100100000011100010100100101100
1010110010000110100001100110000110010010010000011011011011111111
0010101010101010000011001000100111010111101001011111100001110001
0010111010100001001001100001011101011100101010001111000010001100
0010010010101011010101111011011101000111110011100001011011011010
0010101100000110100001101100011011011010101000011011100111010100
0010000001101010010001011000110111000101100000011111111010010000
0010101101101111000011111001000111010000101110011100100000010001
0010000110111010111011110100010001101100010100011000000011111000
0011101101101010110010000000011011000110010000111001010110111110
0010011110000111101111111111100100010001000100000110011110000011
0010011011100110100110001010110011001100001010111011101011110001
0011100110101111011011101001011111100000010011110010111110100011
0010001010110011110111101000000011000001001101000001011010110000
0101110000011011011000101111111001011111110000100111110111011001
0010111000100011111111010000001001101000100010110111101011010110
0010000110001010010100100000001100101101111100111110110001100101
0010010010100101001101001011000101100111101011011110111000010010
0011000000011001101101101011001111010000001001111101101001011101
0010011101111110001101100010011100001101010011000100010001000111
0010011001011111011110111010010110101100110110100110111101101100
0011010010011101110010000111010011000000011100101010101000110111
0010101110110010100111011010001011100100000001000001111001101001
0010111001111101101101110000101101000011011101001100111000010001
0011001111100100111001001010011110101000000111110010100101100010
0010111000110100110000010000001011100100100110100001100000111000
0010011010010100100001001001101101000101100000110110111100000100
0010000100101000100010110010010000100100100001111000110110010000
0011001001000000001011010011100010010001000100101000000010010000
0010000010001001011011010010100000100011000100010011101010011101
0000110011001101100000000010100111101000100001000111111010100111
0110101101110011011001000001011101100110011101001111011111100000
0010010100010100111010010000000110101100111111011100101111100100
0010010110011011101011111011011001010011001110111011110110100011
0010111000000110000101001011110000001101101100110001101100011001
0010000000000001100001010110110001000100001100110111001110011011
0010101100001010110111100110100111100111101001010111101001100111
0010001111110001000110110010000111001000000101001000001011011000
0010001000011010111010010000010001101100000100110001011100110100
0010011010010111111000011111110110101010110110010000010011110110
0001010011110000011010100011101001011001100111011010101001101011
0010010100001111110110000110010110110100001001110010001101101001
0011001111010100010101111100010100000101001011101110001110011010
0010011100110110100111100000111001101110100011010111110111110111
0110110010001010100010101010000011100010010001110001100010110101
0010111010000110111001111111001101010000011111100110110010100100
0010001100100110010010010011110001101000010100100110001010111101
0010011100110110111010011001000011101000111011000000010111011100
0010010010001011011101011111100101101111101101110010101101010010
0010010101011111001011110000000010101101010101001110000011001100
0011011010011010001010010110100001100101000100100111001011111100
0010011100011011000111100100010010100001011111001000010000110111
0010001111101011000111001011011111101000000010101110111011110001
0110110011011010111000101011000011100010010001110001100110111101
0011111110010010100010001010010001100100001000001001001110110110
0010011000101101001101111001111000100011110011001100100010100110
0010010100101000111010000011000111101110100011000110000001011110
0010010101111100101110011100100111100101001001001011111010100001
0010001100101010000111001001000011100101100001001101001011000101
0010011100101010101111100011100111011111001101100000001100110111
0010100100101100011110110001010011100110100000111100001001001101
0010000001110001001111101011110011000011111100101100000110111110
0010101000000100001101100010110100011101011011001110000101010111
0110010000001101100010111011100111100110001101001101101000011101
0011011010101010000010110111000001000101010011100010011000100110
0010000010011100111010010101000111101011100110111100110010111001
0010111000011110001101000100111111101110110110011011001001100100
0010001100111011000011111001011101000110110110000010001000110010
0010001001101100100000101001101111110100100000111110101110001101
0001000111111011001001111011111101011000001010110100101110100001
0010001101110010000110010000100011111000100000001110110000111000
0010011000010110101101000100110100000000110111011100011001000111
0010011001011011010001000001011110001100010111100011111101010000
0010111000010101101110010111110001101000010111110001111100100010
0010101010011110111000010101011001111000100011100011011011001111
0010011000011001010000000100010110000001111001000001110101100100
0010001001111111011110100000110000100000000001011111011100001011
0010110001010001110001000001000011101110100000001100111010101110
0010010011001010000001001101000111011110010101000110101010010101
0010011000000000100011001000000110000110001001100010010101111010
0010001101111100011110011000000011101000110110000010001010111101
0010011110011111100011001011100011110001100001110111100010000111
0010011110001100111010000111010011101010011010110010001111111101
0010101010001010110110101100100111101010000101110010101001110010
0010111110011101110010101001001001000000000100011110010011011111
0010111101111111011001111001100010100011010110111110111100001110
0010111010011000111010010101000010101000110111110010010101100001
0010011000001010011110000000000011101101110010101001111110110101
0010101011001100100010010000101011111110000110110001111000011001
0010010101000111011000110011000100100101001111010011101000101100
0011011100110100101000011110010011111010111110000011001010101001
0010010000011000010010110001100010000010010101010110001000111101
0011110011011000111000110011000111101000100001011111100010100100
0010111110000101101110110100111101100010110110100110010110110110
0010111011011011110000110011100001010000110110010101110011111101
0010001101011100110011010000011011101101010110100011000011111100
0010001101001101001111101000000100100100010011111111000000001001
0010011010000101011010010111000101111000100100111101101010111100
0010100010101100000011101001011110010000010000000110011100111000
0010010011011000101100011011000011100100100011000011100010100101
0010101011110100010111010111110111010001001111010111100011111000
0010111010001110110000010100001011111010010100110010100101110110
0010101100110001100110100011001111101000100011001110000010010001
0010011000010011101110011010010101101100000001100011001101101000
0011010100000110001010011010010010001001100100100011000111111101
0010101111010100100010000000000010110000100000111111011011100011
0010100010010100111010010101100101101000010100110000100010110110
0010011100011100100010101100010111110001110001011010000100011100
0010011010111010000110111110110011101000110011010111011011111000
0010101000001011111000100101010101001001111111101000110010110010
0010111100101000011101100010011100001100010001100100110001000111
0010101110100000011101100000010011011010100000011100100010111101
0010100010101010100000100000001111100010100000000111011010101000
0010110011111110000100001110000111010100110101010111100001111000
0010000111101010010000111001000011010000010001000111100010010101
0010010000010001110011100001010011001000111111011101000110010000
0011100010110001100011100001011111010000001100101110011010101110
0010011010110001011001010100100000001010100110110101101010010010
0010010101111100101110011100100111100101001001001011111010100001
0010101110010101100010010101001001101100010100101101101011000101
0010001010000111101010001010010101010000011001010111011101000010
0011111000011100111110100001001001100000010011010111010100110100
0010001010011011100010101001110111100010110000101110000110001101
0010011000011110111010011001010111101100010001100010111001110110
0011111011111000111000000000000101100110000010110001111011010101
0010101011100110000000000010011110010000000010111111001100000111
0010001000011000010011100001110011010101010011111110111010110011
0010011011101110100001011110010011100100000000101011100111000001
0010001100111111010010111010110111100101100000100001011111110101
0010101010011100111000010000100111101000110110001110100010110101
0010001100101010000110100010110001100100000010110111010111010100
0010010010110100011010011111111001101010110110001011110010111101
0010001000110001100101110100101011101100000011101101000010101110
0010000000110001011111000100000101100010100010111111101011010110
0010101000000011011011010011001101011000100000110100000100110100
1000011000110110010110100010111000111010110101111101101101110101
0010000011100110001111111011111001101010101100001001001110110011
0010001101001000101010010010100011000111001000010011111100011000
0011001000110001100010110011000110000001011011100000101111000010
0010010100000011010000111010010010000000001001001101000001011000
0010001010110111111000110001100001111001110011011011010010111011
0010001010010100101100000101011001111001011101010101001100001001
0010010000101000101101110010110101011100001111000101111011010011
0010011010011100110011100101001001010000000110110010111011010001
