0010100000010000110000110010001010101001000111011111101010101001
0010011010001110111010010111000101100011010010110111101001010000
0011011101101111111001110111100101010001001010111010111011110000
0010001000101101111110000010011101101010010011010101011100101010
0010111101101001101100110010010100001101010001111000101111010001
0010001001011100111100010001000011100110111011100011100000110110
0010011010000101111100000111000100100000001011011111111001000101
0010000001111110000101010101100111101111011000000111011000000000
0010010101110100111010010001100001100101011010011010110110000100
0010100010000010111000111010010100110010010100101101101001110000
0010111010010100111010010101001001101000010110111111111110111101
0010100010010000111010010111001011100010100111110010101111100100
0010101111111000010100000000111100100110110110100011011110000111
0010101001000110110110110000010101111011110001000100001011110010
0010110101010011100010000010000101011111001010010000101010100000
0010001101110100100000010101100101101010100111101010100110100010
0010011111001010111001010110100101000001100010110010111001111000
0010001101011010111111010111100111001001000010110000100011101001
0010011010101111011100010111100101101110000010110011111010110100
0010011100001111111010010001000111001000010011100110011000101110
0010011010101101100111100010111010111001000001001000100111101010
0010011000001011010010110101010111010000111000111000000110110011
0010101010011001110110000010000110010101001101110010100101101000
0010011001011100110110000100000011101100101011011010100010110000
0011000001101011001000111100000101000111101010011100111000111110
0010001000000110110010010000000111111111111011110100110110110110
0010011001110100011111010111001011101000010110111100110010110011
0110110100011111010110011110110101100110000111000000101001111010
0010100100101011100000110000110001100100000100011111110111110011
0010111010011010111110010000011011000100010110110000101101101000
1001000101011011110100001000100011011110010101010011111001010100
0010001111011100011110010101010101100101001000010000110010000101
0010010101101110111001110101100101011001111010111100101001000100
0010111111011011111100010111000111101001110010111011101011110101
0010001001011110010010000110101010000010111111000100000100100101
0010101111101010110000110011010011011011000010011110010010111000
0010101101010000110100000101000011101000011101110110001011011000
0010010100001100111000101011110011100011001000000011010111010101
0010110101001100111001011010100101000011101010001001111011000001
1101101000100110111001101100010000011110010000111111101110001010
0010000110000011100110100100111101011101000100101001011110010011
0010011001011111110110001000010110101100010001100010001101101000
0010111110000110111000110010000001100000110010111011111011111110
0010011010010101111110100001001001000111010111100000001110110111
0000010001100011001111010010100101101010100010100111100011110001
00
0010110000100000111011010011100100011010000010011011001111110001
0010010101001111101000110100000001000011011001110011001011000100
0010011000001000111010010101000101100001001010010010111110110101
0011011000110101101000010100100110111110111110000111111011001101
0010100010110001110111101001011011000010001100000000100111110001
0010111010000110111010010011010010100010010111110010111001110110
0010111010001101000110110011010101100110111110111100000001110110
0010011101101000011110010001000011100100010010000111110011010110
0010000010000110101010111011010011110010010110111111101111110010
0010100000110000111111110001100011000010011100111011011001001100
0010000011010111111110010101100000110001100001110000110011001101
0010110000101010011100111000100100101011111100100011110101010110
0010110000101010011100111000100100101011111100100011110101010110
0010111100000101101110010001111100100010101001000110100100100001
0010001000001001100100011110100111100101100111011011001110001110
0010111101101100111001110111100100001001101010111001110001001000
0010111010110010111011011000100001101010110000000000010010110000
0010111001010000010110100100100010101100011011110010110001100000
0010100010110001110111101001011011000010001100000011000011111110
0010101100000110101001110111100101000011111010011000001010000001
0010111011101110101010100001110101101000010010111010100000010000
0010001101110110010001011001010011100100110101000111011111111110
0010011100001110011100010100011101001101010010100111101010000010
0010010110110001101010101011010100001010011001011110011011110101
0010011101011111111000000001011101001100001011010011011000000010
0010111100110011111111111000010111100001000011000110110110001101
0010000010000111111010111111001011100000111110110010111100101010
0010110001101000111010110011010011110010011000100011110001110111
0010110101110010111000010110000101011000010010000010000001011000
0010111011001110111000111101111011101001010000010010100001010101
0010110001100010100001000010100010011100011110100101010000110110
0010101111000011110000110010110011001010010000001010100011010000
0010000000001000001010000000110010000011011101100110011001111001
0010110000101110100010000110001011000110000010010100111010100100
0010101000110010001111000000010111101110101011001010100111111000
0010011101101010111000110111100001101001001010110000111000110011
0010101000000110101010100111001011100000001110100110111100010111
0011001000011100001110100100110001100000010001011101111100000011
0010101001011111101110100110010001100001010101010110011000001000
0010000011101101001011100010011110000010111000110100101010100111
0010010111011100111010010110011111100001110011110010111000110101
0010001010010100000000000000000011100001010010001100000001001000
0010101001001110010011000111101100000001110110110010101001001101
0001110000011010010001000111100010001001001101011111100101111011
0101101001111110111111101100010000101101110101000011010001110010
00
0010000001111101001110010101110010100010001001111111101000101010
0011011000001001010011110000110000100101011010010101010101110100
0010011011010010111111010101101101101110010011110110001100111100
0110110010001110100001101111000101000000111011111000111101010001
0010011000010110010010000010001010000101011111110100101101100001
0010011111111100011010011001110101101111111001101111100011101110
0010001110111001111110110110110000101010010011000011111100110101
0010011010101010001000010000110111100111100110010010010111110101
0010111010000011111010110011000011100001010110100010101000101000
0010001110011000010100101010101110010011010011100001100011111011
0011111010010011111000101011001011101000010110010111101010111101
0000100001110101000110001000011010010111100010000111000010100010
0010011010011100001000011000010001100111101101000010000111110101
0010101010000000111010000001011101111000001010110010110101100111
0010011101111110011110011100000011100101000001000011011011111100
00
0011001100111110001110101110010001100001010001000101111100111010
0010011101011111011110100010110001101000010101111101111110110011
0010001000111000011001110001110010010001010001111110001001100001
0010001111011010001010110100001111101000110010010100010000100110
0110101101110111100101000110110000100100001111011111100011011100
0010010000110000100111000001101111000010001110001111100010110101
0010100110110000010000100110011111100001000001110010111101100111
0010111011010100100110010001001001101100101110001010110000110111
0010111010010011111000010111000000000010100010101010110101111111
0010101010101101111010110100101001111001010110111111111110010000
0010010100101010111001010110100011000000000010101111001001101100
0011100010001111101010100010100101000101000011010100111110010000
0010111110000100111010110101110000101000111011110100010111110011
0010101111100011111011100010011010100111000111101100010000001011
0010111110000100111010110101110000101000111010110000010111110011
0010101010010100110000101111000000100000100010110001110101110101
0110101011101101100001010001100011100001000001010110000111010110
0011101110000101010000011011010110100010101000101101100101000010
0010100000101011101010101010000110010100000010110100101110010001
0010001001111100110100110001110011001100100111100111011000011100
0010000101110110011010000011000111111001111010000010111011101000
0010010001111110010100111000110011101111111101101111101001100100
0010100000011011111010010001100111001000010110110001101001100001
0000000000110000111110110010011110000000111001010011011110100100
0010001101111000011100010000100110100110001010010011100110001100
0010101010010110111010110111000001000000010010110010111000100001
0010011010000111011010101100011010001000010110110001111100001011
0010101000010000111111100011011010000111000110000100111001010010
0011110111101010011100110010110110100100110011001111101110010011
0010001000011011011011100110000011101001010111010111011011101100
0010010000001010111001110111101101001010101010100010110011101110
0010111000000010111011010101000111011001000010111000110001000100
0110010001110100010111010000000111101110100111001110000110000001
0011011011101011001100110011000110000000011111001101011001110010
0010111011010100100010000110001001110000000010111111111010100011
0011100000001011011110000010110001011011111001000010000001100110
0010101010000011000001010110111010110011010100001101101011110101
0010011000011001101110010001101111001110101011000011111000100011
0010111100010000111000010001010011100110010110110000000100000010
0010001100111111011111110010001010011010010010101110001101100000
0010001110001111111000100011010110100000010010100000110001001010
0010001110001111111000100011010110100000010010100000110001001010
0010100110001000111000110111110101010000010001011011101001011000
0010011000110000111100010001101001101101000111011011010111010001
0010010110011110111101110001100001000111101010100100111000100010
0010101100010001111110000111010010100110010100000111101111011000
0010001011011100100000000010100101100111110011110110100000001010
0010101010111111011010010110110011101000110110010101101011101000
0010001010010100100010111110101010101000010110010100111000101010
0010001101010100111101100010110101000111000111110010110101101011
0011100110100000010000011001110110100010101010101101000100001010
0010011010011111110100011000010001101010000110100010111100101011
0010111001011100011000010001111101101110001111100011110000110100
0010011101101110111001010111100111000001100010111010111011001001
0010101101101000010111101000110000001000111001000001000101100100
0010011010110111001110110010100001101010010011000010010111110100
0010111101101100100110101000110110010001110011001011110000110100
0010011000000000010111011100100001101000110010000100001001010110
0010111010010111111000110111001001100000010010001000110011110100
0010010101100100111101100110100111001100001010111111111011110001
0010001000000001110010111011011101001100010001000100000100111010
0010101000001011111100111011010001101011111101100010001001010110
0010011001011101100110010000000011101100001101001111000001001101
0010111001000000110011010000001000011011100010100010110000011100
0010010101000010001011011001000101001110000101000111100000100011
0010111100011110110011110101010000110110010111110000011100101011
0010011000001100111010110111001100000000000010101000111001011000
0010011001011111010110000011011101101100011101100110101101000101
0010010101101100111100110101100000100001100010101111101101011001
0011111010000101111010011110001111101000010110110010111111110111
0011111010000101111010011110001111101000010110110010111111110111
0100111001001101101010011001100110010100101000110011111100010011
0010101111001110111001110101110101000001100110111110110101001001
0010111001000000100011010101101000001001001010111001111011110011
0010001101101011011110010001010111101110000011100101101010111011
0010010000010100111110000011010101111110100111110001001000101010
0010001101111110000111001001010011101101110011001100110001110011
0010011001000010001111010001101101101110100011000111111101010010
0010011000011110010111001000010011101100010011100010011111111100
0010001111101010110001000001111100011011000111000100101011110101
0010111000000100111001010111000111101000100110011011101010110000
0010001010010100111010000110100011010011110110010110101111110010
0010000001111110101010011000010011100111010101001111101001101010
0010100001010010000000110111011101100000010001011111100100000001
0010100010000010101010111111000001100001010100110011101101001101
0010000110001011110011101001111001100010010100110010011111110011
0010100010000010101010111111000001100001010100110011101101001101
0010000000011100000110100000100010000010011001110101101000011100
0011101000000001011010001011111101011000101000110001100101000111
0010111000100111100010001001110001011111111010000100100110001100
0010101010010001111010001001011001001000001100111110011110110101
0010100010100010001010011010000011100111110010100011110110010000
0010011101111100010111001000110011100111000011000111010011011000
0010011101001110110001101110100111000000010011111110111011101000
0010011001000011101010011001101101100110000100000111111111100110
0011010010011011011111100111011000000010000100101111000110001100
0010111000010011110111001001011111100100001101000010101101110000
0010011001111110010111011000010010101100010001000010001101011100
0010011000011000101110010100100010101110000010110010000001110111
0000110101101110111000011101100111110101000010010111111001001001
0010110010001010111010010011100010100001000110111100111011100000
0010111001011111011111011000010110101100010101100110111101001100
0010101101011111000111000100010001001101111001001001000010000110
0010011001000011101110011000010101101110000110100111101101100010
0010000001111001110101111000000011001010101100001111001110010000
0010111001001100110001010000100110001010100010001011101011101001
0010010110101100110011100011000001111010001010011000110000000100
0010100111000001100000110111110110101000010011101111101010000011
0010000111110100001111101001111001101010110010001101110010011101
0100100000111100111010101001011111010010001000011011011110000101
0010000001111000100111110001110011101110101110001010101010101101
0010011000001100111010010001010000010100001010111011110011011101
0010011000011111111110011000010100101100010001100111101101101000
00
0011011000011101111101100001001001000110011011010111101101010010
0010011000111010011111010000000001101000110010000111111011110000
0010100000100110011100101001011111000010000110000111101100101100
0010001101111110010101011000010011101100110011000010011000001011
0010101101101011010101100000010001100101100110100111001010101110
0010111011100100111001010000001011101111101010100010100000011100
0010001101111110010111001000010011101101110011000010000011111100
0010001111111001010111011001010101001001010001000011000011001110
0010011001011110110110001000010110101100010001000010001101101100
0010000001111000110100110001110011100110001111001111100110111001
0010100101110001110111101001111011000111001100001111010010001100
0010101111010110010111010010010000100010100001010110010110101110
0001011011100000001110000011011000101010000110011011110110100001
0010011100010001100000110100100011100100100100001100000001110101
0011110010111111011100100111100011111001110001011101111010101101
0010000101011011011101111010000011001111010101011110111001111101
0010011101001110010010000111000101100010110011111010111101000000
0010001000011000101000110101110010111010000010110010101010001010
0100101010000000101000010000110101011100011000011100001010010100
0010011001010111110001011000010110100100010101000111011101101010
0010010101111101100101011000100110101000110111001011101010110000
0010001001111000111100110001110011100110000111111111010000111000
0010011101001011100010010011100101100101000001100010111000001101
0010101010110100110111001001011011101000010110001111000011111100
0010111110011001110000010110100110100000000010111001111011111001
0010011010011011011111000111110111101100110010100010011001001000
1010110101110011111100000100100111110000001000010111000011111001
0010111010001011001111010010010001100010110011000110110011010110
0010111010110100111100010101001001101100000111110011100010111001
0010001101111100111100011101010011101101000011110011100010111001
0011111010011100000010010110101001100001000000000110101001111101
0010101001001000111010011001001111110000100011111011111000001101
0010111101100011011001110000100011101000011100100111111100011110
0011100001100111000111001000010010110111100011000010000001100110
