0010111110110111100111110000010111001100000100011000110001001011
0010000101011100110110000110110111100100010001010011110100000001
0011001000001110011110101110110101100000010001000101111000000111
0010001001011111000110000110110001000100000001011111110000000011
0010001100111100110110110010101011100011000111100010010010101001
0010001100101100010000011111001111110011001111111110111010101000
0010111110110111100111110000010111001100000100011000110001001011
0010001101001110110110000000111011100111100010011000110010100000
0011110110111001100100111010110111100011101010001010010010001011
0010000101010000110001101000000110010101111101011111101111010111
0010000100011100111110010100110111100000010000010001000101001000
0010110111110101000010110000010110011111001100010011001001110110
0010011100001000100110110000010110101001011001000011000001000010
0010101110101111010111100011011110001010000100101001011011110000
0010110100000010001110010100111101110101000010011111111001000110
0011101010100100000010100100011110000101110011100010111001100111
0010101101100100101101110001001111100001001100110010001100010000
0010000100101101111101111110011111011110110111011000000001001001
0010010111111101000000010000010010010101001000011100100010010101
0010001111101111010110001001010011111111011011100000110101001111
0010100010011001000100100011010001011110010011100010100000101011
0010011000111000110111011110010110101100000010000000000011010011
0010001100110100110110010100110111101101100111011011100111000011
0010100110110111000101001110111011100111010011000111000011110111
0100000001011011001000011111100010110100111111111010110000110011
0010110011011001111110000000000000011101101100000000000001000010
0010010011111101111000001000010000100001011110000010100100101110
0011001000011000011011000010110011100111100111100111000111110000
0010001101111101111101111010100000001100011011101100011011000010
0010001101111101101001110011000110001000001100110101001110010010
0010111111001110101110010011101011101010110111100001111011110011
0010011100001010110001000100111001111010000111110000001010010111
0010101100100010110110110110010111111011011000100100100000101100
0010101011101011001000100000010101011100101110110010010011110011
0010100100001011000000011101011110101100111110111101001010010001
0010000001011011011100011001100111101001111010010001100000100000
0010010110100100111001011000000001011000011010110010110010100001
0010001101111000110101101000110011100110101011001011000110111000
0010001011001000011110000010010011110110100011110111111010000000
0010010110100100111001011000000001011000011010110010110010100001
0010000001010110111110010110000101101010011011001011111001010010
0010001000011010100100010010010011100100010111000000100010010101
0010011010010010100100110011000001101000001111100011111100100000
0010011101100110000101011010010100100001110111010000101000000011
0010001001111100110101000001110011101111110111100101110010010100
0010001010000100110010000101011001100001011010011011101000010110
0110000110101010101000111101011001011110010000110100000110110001
0010011010110111000010110001000111110101011111110010111001100111
0010001101011111100011011010100111110000000110011001110000111011
0010010000010000010011110001010110101000010111010100100100110101
0010111110011011101000100000110011011100111000110001110110111011
0010010000000111010111000000100010001101110011111111100111101000
0110000001010011101100010001110100101110001110111001011011100011
0010101010000111101100001111011110010100000010100010010000100111
0010101100110010011000100100110011100110000011001000000111100101
0010101100110001000111101010111001000100100011100111010010111100
0010010100011111011101110110110111100100110011011010101111000010
0010011100011100100110011101010011110100010011100101101011000000
0010000111111100110001110000100000100111010100001110000110001100
0010101001111011001100100000010101011011101100111010011001101001
0010011101111111100111101001000110001001000011011011000010010100
0010001000010101100111000101110001011001001001010111100111100001
0010100010001010100010001000011001100011010000000110001001001010
0010001011111100111100111110010011010110110110100110000011100110
0011001111011101000110000010110111100000110001000110000001110110
0010000100111001110100001110001001110110011100011110000000011110
0010001101011110010110000100010111001100001111110011001001110000
0010001110000111001101010000000000110101001000010111110010000110
0100000001010001101101111001000100011001011101111100000011100010
0110010010001000110100111111010011100100010010000110100010101000
0010001110111001110101001001010010000010001010100001100110100001
0010011000001111001011100111010011010010001110010111101011000000
0010001000101001000111110000110101100110000011010111011111101100
0010010000111100110100111010001110000111011100011000101001001110
0010011000001110000010011110110111100011100100011101101100010011
0010100101101111100101000100000110110111110011100010010010111000
0010101010100010110101101101011011000010011110001100100101111100
0010010101111000010010100000110010100111000011100101001001010000
0001100110110010000100100000100011110110101000111101000110100100
0010001100111001000111110000100110100001110001001110000001000010
0010000101101011000101101010010101110001100010110011110010100101
0010001000000110010111000110000101000010001001111111101110101111
0010000000111100010100101111001001100000011100001100100010111110
0010010101100111111100110100110111101101011000010010100000011110
0010001000111000100110010000010011000100101110010110100101100000
0010011000010011100100011110001111101000000100001010100010111100
0010100110010110000100000001010111011111011111101101101010000101
0000011010111010010101100000011001111010111101010011110101101001
0010010100001001110111100101100001101010011110000110110100010011
0010111010010110110111110011010111000000010000111000000000000110
0010010101111110010111011000000101111110000011000101000011010010
0010010011101001010110010100100111000100000011010010101010000100
0110100101111000010001110000110110100111101100001111101110010001
0010111010010011101110011000001001010110101100110100101100010101
0010101101000110110001001010010111000111101000000010000010111000
0011000100001110001111111010110001100100101101000111101000100000
0010001111000000010000111010100010000000000110000110111111001010
0010011000111111111111011100010010001100000110000010100010011010
0010001100010100110111010000010011001000010001010100100011110100
0010010011110100101110111111010010011101101110111100000000101000
0010101011111001100111010001110111001000011110001000111000110000
0010000100111100110111011001010011000010110001001111000110101101
0010001101111110010111010100010011011000010011010011000011111100
0010011111111101111001101000011110000001001000011011011010110100
0011111011011101101100110000100111101000000101011111100010000001
0011100010111010000010101111010001101100000011000011001110111110
0010000000111001000100110000100010101010111111111110011010011100
0010100010111011011000101000010010011010010100101011000110001111
0010001010011011111011000001010001100101100000000011101010100010
0010110111101101110011000010010111100000011111010011101011100011
1110110101101101001000011111000001000100110100110100010000010101
0010111010100110000011101010000001000110011011100011110111111101
0010101010010010010100100010010010110101110011000100010011100010
0010001001101001011011100011011010001111011100100010000110001001
0010011110001010100110011000010000100110000000110011110010110011
0010001010011101010111100011010010100010011000011111000110101100
0010001101011011100011100100100111011001001101111010010101110110
0010111110000110010111101010010111000001111001000010001010100101
0010100000111010011110010011101001111001100110001101111110011010
0010001100111100010101100000000010101100101010011100001010011100
0010001000011110000000010010010101011101000011110011100000000010
0110110010001010100010101010111011000111010001110001110110011101
0010001010010000101110011100010010101010001010111100010100010101
0010001111111100101110010001000001100111100010100010110001001001
0010101100010001100010100110100111001100000010101010011100100011
0010001001111010011100101000010010000100111110100000110101110010
0010111000101110100001001000000101011011101000110010000000000110
0010010110000110011011101111011110011100011110110011101111001000
0010010010000001010011010111000001010001000001000011110111101101
0010011001001100010110001001010111000000001011000011010011110010
0010101100011011001110110010110001100000000001110111001011101000
0010101000101010010010100111101110001110100111110000011101111001
0010001100111101010101001110110011101110000110110000000001010011
0010001100110111100010110000010011101101110111101101101101110000
0010010101011011110100010010000100001100001111110010111001111001
0010001000110010110101001110001010100101111110001100101101101000
0010001110101010010101101000000000100100111010100110101101101011
0010010101111100011010000000110111100100000010000010100010000011
0010000111101110111100000001001001011111010110000110010101100011
0010001110001101110101010111010001001011100110011010101000110001
0010010010010000100111001011011011000000000110001101110000010000
0011100010110011001111100001111011101110101001101101100110101111
0010011000111011110110110000010111111010011010000010010101101010
0010010011011000111110011111010011100101000011001011010010010000
0010011100011101011010100111000011101001011001010101111001110000
0010111100111110100010101000100001010101001000010000011111001111
0010001100111100110100100000010011101110101011111001101110111100
0010101010111000111110111011111011100111110011000100100111001000
0010001001010111111110001000110001101111100110000110101011001010
0010101001001001001110111011101111001101111001010110111100000111
0010011000011111110110001000010010101100010011000010001111001100
0110011001000000011110001001010011110111001011100110110111011110
0010101010010001110110100001001011010011001000010111100111010010
0010011001011101010010000011010110000100000001100111011100110110
0010011100110000011111111101111011100110000011100100010110111100
0010010001010010101111110011000000001110111110011010010100010100
0010000101111011010111100011011111100100010000100000101010110000
0011011011100010100001001011001101100111100001101010000000001011
0010101110111000011001000000000011101000010100100011010000101111
0010101011101011000001100001011001111110001111100001110101001110
0010001101101000110111110011000111001001001000111110000011011101
0010010011100011000101000110010010100101001111000010101011110101
0010011100101100001100111001000111101001110110001110100101010111
0100010100111010011111010000110001101001100010000110101011011010
0010001111011110011110000000111010101000111011000010001011100010
0010000100111011101101100000100000011110001100110110110011010011
1101100111100010000100111111010101111100000001011001001010010011
0010001101111110110110001000010011001101100010100110110100111101
0010000000110000100101101001111110000100001111001001011101001001
0010001101100100001101000010111101010110101010111111110100000110
0010011101011110011000011011001101101100111111101110110001110100
0010001000100101110111001010100110100001100111111110101111111011
0010011000111111000110101011010010101000010001000010001101111010
0010001000011101010010001111010011001000100011011110001111101011
0010101011111010001010100001010001101100011001000100110000000010
0010001110110110110001110101101100000010010100011101111001110000
0010111100111100111010001001100111110100000111010011101010110100
0010011001100011011111010010110100100110001010100111100100110100
0010011010110001001010000101100001011110010000010011100011000001
0001110000011010010001000111100010001001001101011111100101111011
0011001000011011001110100010110001100000110000001110001011111011
0010110010100111000100000010100011100000100001000101111011111110
0010011000100110100011001110001111110000001110110101111000110111
0010011001010011101001011011011110100100011101100110001101100010
0011101100100111100111101010011111101001000011110010110000110011
0010000110100101001011101000001001010110001110100110001000101001
0010001011101011001111000000110110010000001101000001011101010001
0010001101011100010010000001100111010000001000110010100010101101
0010011100011110111111010111101111101011000011000110101011100011
0010011000110000110110001111011111001100000000011001101111000011
0010010001111000111110010100110011101100000110010010110000101010
0010001000100000110111110010110111000011010110110111011001011000
0010101000110001110111101001011010000110000100101111001110001111
0010010000001011000001000001000001111011110000000001100110001110
0010001000111110011110010011100101111110110111010101110010010110
0010000010000010001111101101110001100001000100110010101011010000
0010010000111111001100010110110011101000011110011111011011111100
0010001101011111010100101110010011001000111000001110101011000110
0010101111101100011101101101100011100000001010110111011000010010
0110010101001101100010001101010100010001001010010101100000100010
0010000110101110011001010000011010100011101010011101101110000001
0010001101001000110100111101110010000011100100010001000111111100
0010010000010001000110100111000100001001011111101100001000101110
0010010001011010000100010010000011000011011011111100110100100100
0011001000001000110000100010011100101101100000010101101100101001
0010110101011001100111111000110111001110010111011011101100010000
0010111111010100111110100101010101100100011111010011111010000111
0010010101000000110101000011111111101010110011001001000111101011
0010100010100101000000000011001111111100101000111101000101101100
0010010111111110111111010100100000100000001010010110101010101111
0010001001100100110000100001001010001101001000011110100011011011
0010000000011001100100010100110010101100101011000101111011001101
0010001110011100110111001000010011000110000010011000000110011101
0010011110100010000010111010010001100101010001000001011010111001
0010001001111000000100110011010111100000010110111110110000101000
0010111010011110111100110101111001101100010011111101111010101101
0010001100011100010010001010000111101101110101000111100101100000
0010011110001010100110011000010000100110000000110011110010110011
0010110000011001000101000010111100100010010110011101011100000101
0000001001111110110110011000110111101101100011000111100111011100
0010001110111001011110101010100100000010010010010101110010000111
0010001000001100110101111100010100110001011111010101000000100110
0010011000101011011111000010100101101110100011000111101011110010
0010000100011101111110100111110011100100100000111011100011011000
0010100101111010101111101000001111101000111010100001100001100011
0010111010010010100000100100010010111100011001001101100100110010
0010000101111110010101011010110111100001110111000011100111010001
0010110110111010100101100001111110011010000110100000101010110110
0010010000111101000001111011011001011000001110001100011000111110
0010001010100110110001110110010100101010100111111110101001110111
0010001100001110000101010000010000100010100111100101010001001010
0010110100000010001110010100111101110101000010011111111001000110
0010000101101010010101001000111101110010110100000011000101111000
0010111110110111100111110000010111001100000100011000110001001011
0010010011110100101110111111010010011101101110111100000000101000
1000110110000100101110010111011100010000010001001101011010001110
0010001100110110110100011100000001101101000011100101110011011101
0010001111001000110001010010001100100101001110011110101011111100
0010001100001110011110011001110111101101100011000100101000001101
0010100000010010001101100010111111000101100111000011110111100001
0001001011000101011111100000011011101000010101010010100011001111
0010100010100000000100110010110000111010101100001010100010101011
0010001110111001011110101010100100000010010010010101110010000111
0010010101011000100110001011110111110110110001011011110010110111
0011000010100011011101111111011010000010101110001000100011101011
