0010101110100010010010101000010110000001100010000001010010011001
0010010100011100111010001101011111100100000010010010111010000110
0010011100010010110010001010110110111110100001000001111001000010
0010101111111001111101001000101011000001101100001011010001010000
0010011001110110110110000100010011000100110110100100000100001100
0010101111110100100101110000111000110101000011100010011110000100
0010011010000010111110110001001001001101111111100010000010110101
0010100110000001100000111001110111011001011010010010100000010100
0010001111100101000101001001110100110001001010010110111011101001
0010010100000011110010110010111111010001011010100010111110110100
0010010001110100100101010010001111101000101111001111100000101010
0010000100111000100100101001011001111000100011000011010110110011
0010011000100010110000110001000111001010000110000011111100011001
0010101110010001110101000010111100011000000110100000110011100000
0010101000110100100111010110001010001000000011110111001010000100
0010110010000000111111010100101001101000010110100010111010100111
0010010000110000010111011000000110010110101111001011110010000011
0010100111100011010101100000110001111001010010100010001011110110
0010011001010000110011100010110000100110011111000000001100010000
0010001100011110010101101010010001000101100001000010000101111010
0010110111110100111000111110110111000011010010100110101011100010
0010100000000010110010010110000001000010000010111000111110000101
0010000011110000001101000010000110010110001111100101100010111110
0010101111000111110001001010010011110111110001001010000011110110
0010101010001001010000011111011110010011101000000100100011011101
0010101111010110111101011010111110101110000111100011001101000010
0010010110001111110011101010000010010000001011001100011001011100
0010011010000000000011010010110000011011110011011010011110010101
0010010110001110110111010010100000000010001111110010000100001010
0010010111000100001001101011110010110101100011010010000101000000
0010111100010101111011001010011101101010101001100011001111010011
0010001101011110010110011000010011101001010011100011011011101001
0010100110010100111100100000010101101110110110111010010010010110
0010001101000111111010010010010101101010110010100000111011010010
0010011111100100111110110010100011101101010110100011111101111111
0010101010011010100011111100001000100000011011011011100001100011
0010101001001011101000110110110110011010001110111000011110100110
0010111000111111111110111000010110101000010100101110111101001010
0010011101110100001111011000000000011000110011001110111010101010
0010101010011001100110101001011010100010000110001011010000010100
0010010110011101000110001000110010111011100011101100011010011011
0010011100000111100110001000010110101101110011110010101001010100
0010010000000101001011110111000000010000001000001001000000100011
0010100010110001110111101001011011000010001100001110000001001011
0010111010011001001010001000111111110001101110000101111000000111
0010101100100110110111001000010011101001110010110010000011111110
0010011101111000011100011001100110100111100000101011100010101101
0010001100100110011111100010110101000110111010101110010000011011
0010000010101100101001100011000011100010101100001000010000111111
0010110111001100110001111111011100011110000111111011101111100110
0010011101001111010010100101010101101001010011010010111000100100
0010000111101001101000110000100111011000111010110000011100010110
0010011000001010110010011001010011101100011001100010101111110101
0010000101100010010001110010001001010110111100100001100100001101
0010001000000100001111110000100011100100010110011011101111000001
0010111111010100110101011010111110101101010111100011001001011110
0010110001110110101110101001100110110010100110001000111000100010
0010011010100111000111011011010000101100010001000010001100101011
0010011000101011001101101000010001000110110011001000101000010101
0010001111111111011011111011100000001001110000010010101111001101
0010111100010100101011101100100011100101010110110011001001111111
0010111101000011110010000010010110101011001010101110011010000101
0010011111001011111000010010001101011010001011110111111000111010
0010000000010111111100010010100011010111110011010010101110011000
0010011000100110100000011111010110101100010010000001000101101001
0010011010110000001111010110010000010100011011001000110000011010
0010001101011110010101111000010100001100011101100010101101100000
0010001001010111111010000010010101110000010010110000110010000010
0010001001010111111010000010010101110000010010110000110010000010
0010111000000111000101111000110100011010000100110111101011111101
0110000101110000100100110000000100011100100011111011111010000110
0010100111010100010001000010100000001100010100100010000011001100
0010001001011011011101001000011101100010001001000110101101000010
0010101000011010010111111010011000011001111011001001000010000010
0000111001001000000010010000110011000100111011100010011000010111
0010110000010100111110110001001011101100110110101010111010110101
0101110000110000100000111000100111001010101110111011111110010111
0010110110010001111000101010101011110001000000101010111010000110
0011000110100110000001100010101000000011101001011010001110100001
0010101100110010110110110000100111101001111101000011100000110110
0010100010111010000110001101010101011101011011100001001110001110
0010001000110010010111101001010011000110001001001110000000001011
0010111011100110000010011000111011101000010100110110111100001110
0010111000010010011110011001010110101100001101100011111101101000
0010011001011111100010010010000100101100010101000111101001100100
0010011001011011010010011000010110101100011101100011001101010100
0010010101000111111010110110111001111001010011101101000010010010
0010011101010110001111111000110000011101110011001011111110100011
0010101100001101111000110000100110001110111111001010101000101001
0010001100001111101100111000111010101111101010100011011010010110
0010010101000111101101011100001100101110101011110110101001101011
0110011101101100000010111111111011001110010001010101101110110001
0100010100101001101111010100000101101000110110111111101011110011
0010000101011110111001110100101111101001010011100111011001000110
0010100111111001111000000001110101110110101100010110010111011000
0010011001011001110110110000000110101001001110011010111100001100
0010000011011101100010011000100111100111010111011010011100001100
0010000011110011010000001000011111010111000000110000101000001001
0010111000010010010100010101101011001110010110110110001111100101
0000010010100001011111000011001101101010010111110111001011010110
0010010101111101000000000010010010101010100001101001100010110001
0111000001100100000001010110101000011100011110000001100111100001
0010111111011110111100000000111111101100101100011110111010101100
0010011001000111110010001000010010101100000010100010001001110100
0010111010011010110100000001010110101100010001000010000101101010
0010100100111100011111001000110010101110110110100010110110010101
0010001101001010011011011001010011101100111101000011000111111100
0010011100000111101111110101000100011101001011100100001100001000
0010100010110011110111101101010011100110001100001111000111011100
0010000111010000111101000110111101001110010101101011010001011100
0100010000101110010011101010000010101101111010001011110101101110
0010011000001111110010101011010111101100010001100011011101011000
0110011001100000001011111011101011001110110001000101111110100010
0010001100001110001101010000110000100000100011000101101011100110
0010010101011111000101011000000010111101010011111001111100101100
0001010001100000101101000011000000000110000100100001001010110001
0010101110100001001011001000101111011010111011001000011000010001
0000101111100001100110111000000111111001110000110010111011000111
0010110110000110011111010010000110000110011101101010101011101110
0010110011110110011000101100000101111000010010100010111010100101
0010111001000010001001011001011101100100001101000111111101010110
0010010001111010001101011100110110111110101011111111111011000010
0010001100001000100010010000100011101101100010110110111010011110
0010011000001011010110001001010111111101011001100111001101001000
0100010011010101100100001100001010111101101010011011110010100000
0010111001000011111110110000010111101010010001110111011101010100
0010111110000000110010011000100111101000110110000011011001011110
0010100100110010010110100000110010101011100001001110001010111011
0010001000110100110010010111010010101100010010110010101110100001
0010111010011000111100110100000000101010011100100010111010111101
1111011110100111100000111101001011010011011110111011100011101101
0010111010010000111010010101001011101010110110110010100001110110
0010110101011110111100001101100111100111101011010010010010100100
0011011100110001000101011011111011011111111011100010011110111011
0010010101111110011110011101010111100101000010000011101010000110
0010011000001111110100001010010110111000000101100010001101101000
0001100001100111000010001000010010010111100010000100000001110110
0010100111010100111101001010110100000111100111101011000011011110
0010011010000111110010001001010101101100010001100110111100100010
0010011101001100110101111011100100010011101111011001100000101011
0010011000010111110110000110010111101100010001110010001100101000
0011010110110110010010010001010010011001111001100010001011111101
0010010111101001010001100101110111010100000000001011110111000000
0010111011111001011110110000110010100110000001100010110010101000
0011111000110010000010100001011001101010011001001100101010100011
00
0010101111111001110111001010011001111101100110010010000000000010
0010000000100010010101001110000101001100000111000111001001011110
0010010010001011000111001011011000110010100001001111001101001000
0010101000000111101010011010111101101000010011011110101100100011
0010000111011100010001101001100010110100111100100101101100011001
0010011010011110101010001101001110101000010001100010111101110000
0010111000000110010111011010011110101100000101100000001101010110
0010110101000110000110001010000110100111110010101100100001110111
0010101111110011110100101011011110110100010010100110110010110011
0010011001101010010110011001010010101111111011100011110011111000
0010101100010100011101100010010000101111010011011011011111001000
0010101110010000111010010000110011101000100011110011110010110010
0011100100101111000101001000001000010111001011110010011001111010
0010110011010100000101000010101100011110000111101011011011101110
0010101101101111010111001110110111101101010011100110011010110110
0000101110000101101000111000011101001110110010110010010010011110
0010111100000100001111011001000111101100110101000110101001010111
0010001100110010110100100010011101000010001010001000001010110111
0010001100011100110100100101110111101010011001010010111101010010
0010100001001100010010001000000000110101010000000000000001110110
0010011000001011010000011000010011100100010001100001001101100100
0010101010010100101010010100001001101000110110100100101101100100
0010111110001110010111010010010110101100010001101001001101001011
0010100111011101011101000101110101001000000111100001000011010110
0010111001111100110100011000000101101100010010110011001110110111
0010001101111110010111001000010011101101110011000010000011111100
0010111110000111000111001000010100101100010011100010111001001110
0010001100001011000000001010010110111100001011100111011000111110
0010111010111010010101111010001001101000110110000000111101010010
0001000011010001001011101100101101011101111111010111100010011111
0010000100101001000101110000000111100110101011001011101001000011
0010010000010111000111001110010100101110110011000110001101101101
0010000110111001000000001111000011011100000011100100001000000010
0010111100110001110110100010000010000011011011000001010111001100
0010101010110000111000001111010110000010000110100011101010001101
0011010101001111100000010011000011010101111010010001110000111111
0000011000010111000111101010001110011100000111111011101101001000
0010111100110001110110100010000010000011011011000001010111001100
0010101011010000111110010110010101010100011010111011101001000110
0011100110111011011010111000000001000101011111100000000010101100
0000000100010000101111000010010011000000000001000001000010010010
0000010011000110010010001111000111100101111100011111011111111001
0010011100110011110100000000100110000111000011100001010111000100
0010111111101100011000110000000011101001000010110110111100111011
0010100111011100010101000101010101001100010111001111001011101110
0010001000011100010011000010000110101110010011100010000101101000
0010110001110101111011110010001010110000001110000001110101110101
0010001101000100011111100001110100101111110111101001001011011111
0011000000010101101111000100100100000011011111111000111010000110
0010011010110010001110110010000001010100000011001001000010011000
0010001101110010010110010110110010110001100111010100001000010101
0010011000000100011010110111000100010001001001011011110010100011
0010100101010101100110000010010110000110100000101111001001010111
0010000010000000010110010110100111111110010000000110000000011001
0010100111011100010111000100010101001110010111101011001011001110
0010001110111011011000101010010010000010000011100000010000001011
0010001100000000001101010001110100101101110011111010111100011110
0010101111010110010101001010110110101101010111100011001011111110
0010011001000011110001011000010110101110010101100100001100001010
0010011111101011111011110111110100110001011111110100101110101010
0010111000101001110010100010111110010001100010100010110010000111
0010100101111111001100000000110001101010110101000010111100101000
0010111000000010101010000001010110011000010010110000100010001000
0010101100100001010111110001111011001101010010110100010001110000
0010001110111111000000001010110110110000000010101000110010001001
0010000101110000111101011001001011010001110111001111011011010110
0010000010100100100101110011010011111010100010011101001000110110
0010011000100011010001011110011111011000000110100011011000100111
0010101111010100011101000010100000001110010111110011101011111110
0010011011010100100110110000100010111000001010000010100010001011
0010001000011111100110001010010110111110110011100000000101100001
0010010101101100111010011101110111010100011000011011011010110111
0010111101110000110100001110011010110011011011000001010011111100
0010001000001101110010010010110101100000111010011101101111000010
0010010110110010101100110011011101010110011000110010001010110111
0010001101010001110010011100101100101001110010100000000110000100
0010011110111111011001110000010010010000001010010111111100100100
0010000101011100011101100110110100001010110111100011001011001010
00
0010111000010100010101010110100010101100010110010111001101000010
0010001000011100000101000111010100011011010101101110101100000011
0010010101111000111101111001100010111100111111000100011110010010
0010001000010100011110000010110110101100010101100011101101101000
0011100111011100001000001100110111110010010111000010100101100101
0010101000010000100010001010010001000110010010011010101011101100
0010101011010111001101100000000011001101111111111010011110111011
0010010110101110011001101111000000110011100010011110100100000111
0010001101111110010111001000010011101101110011000010000011111100
0010010100110100101111011000011011010101101101101101010001100110
00
0010001001001110111101011110001101001001101110100111010110001010
0010001111011000110000101010000011100010001001101111100111010110
0010011000011111010110001000010111101100010001000010001101101100
