0010010000000100001111010110111101001010100011110101010010100000
0010001101111100001010000010000001100011010001010111011010000100
0010111010001001011011010001001011111110100010010110101001110111
0010000000100011100100001010010111001110100001000110010111110000
0010001101101001110100010000010011101111010011011010000000000010
0010000001011100111100000011100011110110000111010001110000010101
0010111010110101011000101100100011101000000111110110001100110110
0010001100100011010110011100110001100000010000011010111100100101
0010011000010010000111000100101111010001000110100000110010110111
0010111010100001011100000110100111011111000001010110000100101101
0010100110110001110110110001010111000010001000000111001110011000
0010111000000100100101101010100011100000000001101110100110100101
0011010000101100001100110101100100101010000111100111101000100011
0010001100111111110101010010011111110111100110110001100011100011
0010111010111111001100010000000010111010000110110110111010110001
0010000111000101000100000010010111011100111111000001111000100000
0010000011011010101010011001000110101110011101111111011111110101
0010111001010100010110000001000010100001001110110110110000100100
0010110001001001101010111001000100101110101110001111101111010010
0000011000010010111000001100011011101011101001110101000110100110
0010101010001000110100110001011011100110100110100011100100101001
0010111011011000110100110101111110100110000110110010100010000000
0010100000110001111010001111110111011000001000010010011000011111
0000011101100110101001110001111011111010000001110101110010100001
0010111111110000100111011010000001100101001010010111000010001000
0011001111001000101111110011000100001100000000010110001000010010
0010100001111011110111010010000110101000001100010100101110000010
0010000010111001110100101010000010000000000110001111111101010000
0010101011110001011100010011000111000001010001010010101110000111
0010111011011110111110010101011011101100110111110010001011111100
0010101000110010011100010001111011100100010011110111001101100000
0010010000010110001111001110110000001000000011101000010101011001
0000011000111111001110010011100101110100000000011011101100001011
0010101111001001100110110000010111101100001110000001101100000110
0010011000010100111010010110000011101000010101000000110000110100
0010100110110011010100100110010011100011010010111010110100100010
0010111100110010101001001011011001010110010000101100011001100100
0010001000011111110010001010010010101100010010000110001101110000
0011100101101110101010101111000011100001010011010101100010011101
0010001011011110111000110001110001100010010011011101111110000001
0010001100010100100010000011101000010100111111000101111101000001
0010101000000010011000001010001011001010111110100110111101100101
0010001001011011010110001010000110010100011011100110010101101010
0011111111100101101101001010100000111100000100110110111100100101
0010100110110100100100100001110010000000010111001100001100001010
0010011000101100110010000111000011100010010010010000010100100001
0010111011000100111010011111001001001010000110110110101110110101
0010101110001011010011011010101101111011100010101010110001011100
0010001101101111101010111010101011101010100101100110101001001111
0010100110001011000010011000101111111010100011000110110010011100
0010011010010100111001001011111011100010101011010000001000010101
0010100000110000110101001001011011000010001100001111101101000000
0010000100110011010000000010001010000111110101110110000001101100
0011111000000000011011011010011101100100110001110011111111111111
0010110111010111111100111100011000111100100111010111100010000101
0010010001110100110100001000001011110000011110010000101010100110
0010101100011100110100011110010010011000010100001001011100110011
0010000010001110000100010001101011100100101011110010101000100000
0011101111001011000111010010110001001001001101011100110000010111
0010001101101101001100110000100010000110011101011011101001011011
0010000000011111100100100110110101100000010001011101101100000011
0011001001010010101000000001110001001000000000011000111010001101
0100010101111000111100010001100111101110100011110001011010110010
0011001100001101000010000010110111111110011000110010111101001111
0010000000010101011111010010010000011010011110010100110101100011
0010111010010100111000010100001101101000011110110011100011110110
0010100010110101010110111110000011000010011000000001111101100010
0010110111111111011111111101000101100010110100000000111000101000
0010010011100000001111110001111000101010100110011011110100111011
0010001011010010110011011000010110100110010011101110001100001001
0010001001001010011000111010000110100000001110000111111101010110
0010001000000000101111010101111011011110000010110111110100010101
0010100010010001001101111101010010100110100110011100111000101011
0010001001011010011100011111110110001101010011110010110111001100
0010001101111101011100111000100110001000111100000101111101000010
0011000111000111011101100010100110110100100101101011001101101001
0010011000011010010001000010011011101100010011001001010101111111
0011001001101100000101001011011110111000100101110101100101101110
0010000001010010010100111000110001111001100010010010000111000000
0010111100110011011101110001110010100000000111110111011110110101
0010010100010100110110010000100010010011010011101111010111100011
0010100110001110001010010000011000100011000101010010010011110111
0010001101111000011100110001110010100110000011110011010001110110
0010001100011110111001010010110011100111001010111011110011100000
0010011110010001111100011011100001100001000001110000111010010101
0010011010000100011010000111001001100011110010110110101000100101
0010010000000011001110011011000010000010000010000011110010001011
0010010101110000111110011101001100000100010101001101111111100010
0010001111100010111010110111101001000000010010000001111111101001
0010001000110000101110011000100010001110100010101011100001101101
0011111010001101001000111011100101100001110011110110110000110101
0010001000010100100100011100010001101000101000001000101000010001
0011101100000110000001011000110010001100100010100111011110110010
0010011110110000101110010001100001101110000001111110111001101000
0010001000000011110000010011101111110000100000100011110010000101
0010001000000001101100001100110100001100111000001010110100001100
0010001001000000010001010010101101100111110001111101100100110001
0010001001000000010001010010101101100111110001111101100100110001
0011101100001000101010010110001001000001000010111000000110110000
0010111011011010111100010101111111101110110111110010111110001111
0010111111111101100100011101101111101101110011011011111011100101
0101101010011000101111100101011110000110100101110011000100100011
0010001000111000001110010101011010110100101011110010010101101111
0010110110110111011110110011110001101000000010110010011110110011
0011011000100110011111001001010001101100010011011111100011011101
0010001100000100000111110000110001001000010011000011111101000011
0010001001010011111110010110110011101000010011010011110010111101
0010100010100110110110110110000000100001110110000000110001101011
0010010111110100000101111100100010111100001111101011010110100011
0011001100100110111101010101100011111000000001110010001100110111
0010010101111000011100010001100010100110001011010011100010100001
0010011101111100011100010001100011100110000011010010110000101011
0011010010100011111111100110000000101011000100101111101011001000
0010001101111110011111111110000001100101000011000000011011111000
0010101011010010000110111101010010100000001111111010100100101100
0010011001110000000101110011110011011110101111110001111010111101
0111000000110010110010000000010111111100001000011000101010001101
0010010001000111100110000100100110111100000010111111100000100001
0010011011010011100000010010010110010010000000010110011011110101
0010001100110001100111110000000011101100100110101110111110111101
0010101110111101011100011011110010110001000101010011101100111101
0010001000111011010111100010100011100000000010110101011011001000
0010101100011100111010010001101101111001010110010010011001101100
0010001101011001011110110100010010000011000010111011111111100011
0010110011100101000100000101000001111000000101110110111101010110
0000110001010101100100001000000100101010000100101011110010110111
0010110101111000011110111011010011100100110000001001101010010010
0010000000011011110010111111001010010001111111110101100101011000
0010001010100011001111000011010001101110100001111110011101101111
0010110001011001100100000010011001100010001111001111110011000100
0010111011101011101010001111000100011100101100110100001101110100
0010000000100001010110010100110110011010001100110110100101100001
0010010101100100110100100101110110100100000010101101100110100001
0001100000100010110010101100101101100110001000011111100000100010
0010101110110011101101011000001110000010000001110001000000011011
0100010000101010011110010101100101101010100010000011111011000010
0010011000001110101010100010000001111101100111010110000000011101
0010000101011000001100110010000110100111110101101111110110110011
0010000000010101111100100011110100000010101011111001101101110110
0010101101001011000011011000001111011110101011000011100010010111
0010011110100110000001011011000011100100110010000010011011100001
0010001000001100011110010000110011100001110101000011100000000001
0010011111111000011010100010100010101111000000010010110010111001
0010111111110001000111100101110000100001000111110101100101100000
0010010101101000110000011111100010101100111001110100001100001111
0010101101000010011010100001110111000100000011110000110011100100
0011101111100110100100001010010101010001001011010000100010001100
0010101011101011001000100101010111001000010001000000010011001111
0010000100011110010110100000010111101011010101000011101100001001
0010101010011100010000100010100111100101101011110001010111110100
0010101101100001001111010101010011111110110101100101011110110100
0010101011010000010111101001011010001000011101001111010110011001
0011100100100111011110111010010010000001010111110010101100101011
0010111101101011101110010110111111101110001110011111110110111010
0010000000001100110010100100011101110010011101011010111010000001
0011101010100101101101010001110001010001000101110011000100111111
0010010001010011000010101000010011001100001111100010011000110000
0011001000011001101000101100110110100100011101000011011101011100
0010111000001100001100000001111111000100111110010010111110110011
0010100101111000000100101100101111001111011110111000111101110001
0010011100110111010100010000110010101001110011101100101001000111
0010111111010001011110000101111101111110001010110100110110100000
0010111111010110000101010101100000111011010001111010011100011001
0010110100101110011000011000100110101001001000100011110010010111
0010000010001000110000111100000101101000010110101111101001100001
0011101110100011011100110010111101100001000001110110101100100111
0010001100100110011111010100000000111101110011010010000110110001
0100010101110000001000010010100111011010000101010010100000000011
0010001100011111011111100110110001100100000011010111011100011000
0010110110100101111011111010010011001100111111000011111111101011
0010000101111001100101010000111001110110100100001001000101101100
0010010101010100001100001101111110101110011001010011011111011110
0010001001110011110101101101011110001100000001111111011001100100
0010111011110001011111101101000001000110001100110111011110100100
0010011100111010100001001010011101010011010101101101001000100010
0010001100011110010010101100010010100001010001000011111000001010
0010101100111111010111110000010011000000110001010100100110011100
0010111010100000001000011111010111001111100110011000101100100101
0010010100010101101101010100101100111010010110000110100111110101
0010111010100010111000110001101111101101010100000111111001100111
0010110110000110101010110110001010001110010100001110010000111101
0010100010011010000101100000010011010010100001111101000110110101
0010011000111000111100001101001111101010100111110011110111100010
0000010101100101000100000001000100100100000010011010100000010101
0010101001011001011100101000100011101110101011000010111000100011
0010111010001010011010010000001100100011010111111110110111000101
0010111000101000001100111100110111101000111100110000001000101010
0010011110100111100101001010000000110010110011000111101010011111
0010111000110100111010010101000011101100010110001111111011111101
0010011100111010001110101101010000101000010001000001001110100000
0010001111111101101100101001110010001000110011001010001111101101
0011001101101011000101110000000010101011000111000011111111010001
0010011010101100001010110101001001111000011100111010111100110111
0010001000000010001001011000010101100000001111000111000101111110
0011111101011001111110100001010000100100110001101011010010111110
0010110010000011001100001100001100000001001001000011010110010100
0010000100011100100101000010000110101011111101110111000000111110
0010110111111101111101111101000100100010110000000000100000001000
0010011001011011101110011010010101100110001101100111101001101010
0010011000011111010110001010010110101100010001100010001101101000
0010001111110010110100111001110011100011000101010111100010101001
0010001100001001000110101001101111110011011001010100001001111100
0010111110000001001001101111111100010101100000100101011111010110
0010100101100111011110101000111000000111000110010011101010000001
0010110011110100110100001010001001110001001110011001000011001000
0010000101101111111110011110010101001001001110001000101000110110
0010101010001101000111010100100010101101000101011111000110010100
0011101100110100001101001001100010000011100011110101010001101001
0010000101101101011100101000000100001000111010001110111000000000
0010011000000100111011000010101011001000101011110110110000110001
0010011101101000111101010001110010010101000011101111100110101011
0010011001111000011101010000110111101110100111000011000110110000
0010011101111110101001011001000100100101101010001001111101000111
0010011101110001001010111000000111011110001000010010101011110100
0010001101111001101100011010001011100100100010000001100001100010
0010111101110010011110111010100101100101000001000011110001000100
0010110110100101101000011110000000110110000000111011011010110111
0011010100101011000101110001010000100101100001011111101011110111
0010001001111011101010011001100101101000110001011111110011101101
0010000101000001011000011010110001000101000101010111000111100100
0010010101111110100111001101010011101001110111001111111110110110
0010101101111101101101110000101000000010101100001111111110011010
0010000101101000110100110101111111100110000010011100100110011100
0010001110000100000011011000011001101100110111100110010010111110
0010010000000010101011100110111100110011110111000101010110001010
0010011100100010000111111110100011100000010011010011011000010110
0010111010011010111100110001110111101110100011110010100110111100
0010110100011100111110110101101100111100011010111010111100000111
0010011010110111011110111001000001101101110011000011010010111011
0010011100110100011110010010100000011000111110001111111010001011
0010011001100110111101001000010011101001000011000010110001111010
0010000101110000001101001011000010001101110101001001100011111010
0011000101110000001010001010000001001101110101100001110001010000
0010010001000011111001011000010101101100001001000101000111000110
0011001110101010110011011100010000110111010100111011010110010110
0010010000111010011111001000110000101111110100100011000111011100
