0010001000000110010110111010101011100101100111100100100011010111
0010011101111110011011011110101011101000010100111010111100100101
0010001100110000110011111110001001100001000000000100110111100100
0011011001010001110111111000100000000011010000010110001110100010
0010011010110110110110111101011010100100010010100000111110110111
0000000000010110110010000110001010010010110111110100111101100111
0011001010000010000100011011110000100000000000100110110111101000
0011100111010011110001100011010001010111010011100011110110110111
0010101110010001101011001011000110000100000010011101101001100011
0010111000111010000010011000100011010001110000100001111100001110
0000001011111100100010000000101011101001101111010101100010001101
0010100000111010111011100011110011000001010100101111111100110011
0010011111111010011000111001000011100100110011010111100010111001
0010001110001100111010010000000001101000110011110100110010111011
0010010000000101111110100011011011001000110000000100111010110000
0010011001110110101101110101001111110110001010000111101100000011
0010111010001011101111011000001110000001111011110111011001101010
0011110110100011000101101000110010111000001111010100101010110100
0010001100011100100010001101000011110001000100110100110110011001
0010100011001001011010111011100011101000000011110101100010110001
0010000110000001000110100111100100000100011000100111111100111110
0010000010011001010110110101100010111101000111010111101010111000
0010000101110001010101100010010101000111000011000111110100110001
0010000111000110000110001100000111100000001000000111011100111111
0010010011101110000111010110000101010100110011011011011001000100
0010100000010000110110010101001001101010000110110111110110110011
0010011001011100110010000110010011111100000000100011111001001010
0010011100110010110110100011010000000101011010101000111100111011
0010001101110100010110111000010011100110000110010111101000101001
0011011011000001010010111100010011001101010100010001111101111111
0010110100111110111001111101001001101110010010110001111110111001
0010011111111100111010010100100011100101010010111111101110001101
0010100100110010110111000111000001000110000001110110111101111111
0010001000011100001010000010001101010110111011110001110100110111
0010010000001101011011011111000101110101101010111010111000011010
0010110010110110010101010001010101111110010110110011101100110101
0011011110000000000110010010100001100001000100100010011001111101
0010001110110000111110010101010011100100000011000011111110010000
0010000100110101100010100110010011000100000110100111100110010010
0010001010010000010101100001111111111110100111110111100111101001
0000011101111110101001001001001111001110001001011111111000010111
0010101001111010010100101010110011100000100011010101111000110111
0010111101101010011000100000000010101100100011000101101111111011
0010011101111100111111011101100101101101001000100010110010111101
0010100001011000110001100010000110101110001011000000101011000010
0010011101111101011100101110000010101101111010000011001011111000
0010001001111110100110010000010011101111100011000110101111100101
0010010000010011101110011010010101101100100111100111101101100000
0010010110000011111000001100000101011100010110110000010010101110
0000101010010010111010011001010001011110010010110010111110110101
0010101111110000010100010101000111100000000110000101011001111101
0010000100110000110011001110001111100011000100000101111100110111
0010001010111000011011111101011111100101000010110111111000010111
0010101110110010110110111111000010100000100110010111111001111111
0011001000010110110010110110010001100010010111101111111110101010
0011001000011001101010010000100001101000010001010101111000000001
0010001100111001100011000010111111011010001100110111110110100101
0010001111111100111000111110100001001000010111100110100010110101
0010000100011001101000001110000011110101100010011110100010100000
0010010100000100101011101111000101001111000011111101010110011001
0010000000010101100001000100100001101111000001101110110110000110
0010000100110100110110001111001010101010000111100111011110100111
0010001100010101110011010011100010001000110101100001011010110101
0010010010001011111010001100011101111000010110110001110010100110
0010101010111100111101111001110011011100010110110010111110010100
0010110101001010011100010010100011101110111011011110110001111000
0010001101111011010011110011000111010111011000111111101011101011
0010001001110100100100110001000010101110100110111011110010110001
0010101000010100111011010111001001101110110110110010111100110111
0010010110010100001110010101011001001100010101001001011000011111
0010011100111100010100010001110110101000000011111111001111000001
0100100001111100110110101000100110110100100000011110101100100001
0010100110111010111111011011010011110110110010110011011101101111
0010010000010111101100111101000010111100010111110100100000010001
0010101101111100111010100010100010100111000111110100110110110011
0010010001110000011100000001111010110101110010100001110000111011
0010010110001100111110110111100101101110011000000000001011110011
0010000100110101100101100101011000101011010111110110011111110010
0010100001011000110010100010100000000111000111110100101111110101
0010110111000000111110001000010111101011110110100110000011110010
0010001101111100111100011001000000101100100011100111101110011001
0010000000111000100100011110000011000101100011100111001110101101
0010001000010100111010010100000001101000010110110000110110110001
0010000000010000000000000000011010101011001001100100011110101111
0101101001001101100011001110101011001110111100000100110011001111
0010001100110000110101111010000111110110110110100011111010000000
0010001001011010101110100110100101101011010111000010110001111010
0010001111010110110110000000101111100100100001110010110000110111
0010011100111100010100010001110110101000000011111111001111000001
0010100111000000100111001110010111010001010010001011101010100010
0010000000110100110010001101010001101100010000110110101110000110
0010000101111000011010010000010011100101000010110111111110011001
0010100101111111110110000011110111001101011011011110110110010100
0010011001110001011010001111010111011101101010111011010000000000
0110001000110110110101101110001100101111000101010110001101110010
0010000000000010110100000000000000111110000010100010110100100110
0010111010010100110010010101001001101110010110110010111110110101
0010011000111100011110010001000001101000000010110011110010110000
0000110001110001100010110100100110110100101101011111100000100011
0010101001110000001011110000111011010111001110110010010111000100
0010001000011101110110000100110001100100011001011101110100001010
0010001100101100100110101011111111010111000101010100011001101101
0010001000101001111111010110110000110010101011100111100000011110
0010011111000010111010110011100010101000110110011101101011110100
0000010111110100111010011010010110100101010011110011111010000011
0010001110111110001011111000000011100010010011101100010001001111
0110110011001100100011010000000111000000011001011111001111011100
0010010101110111010100001010001111110001110010001011110010100000
0011000001111110110100111001100001011011101111010001010111010000
0010000100110100110101001110100001101101000111101100110000011110
0010000100100011110011001101010001000110010010010101100110101001
0010000000101110100010100111000001100011111111000010111110010011
0010101000101110111010111110010111000101110110000110111011011011
0010110000010100101000010101101010100110000011110010111100110111
0010000000010100110010100110001001100111010111110110111110010001
0010011001011011010100010010010010100100010001100010011101000000
0010010010010000101100010111000001101100000111001001111010111000
0011001111110110111000011010000010111010101101000011010010101000
0010001000000111110100100010010010100100100001000110000100011110
0010001000011000011010010001000001100001000010100010000001110100
0010111010011101111110001111110110100111100000100011100011000100
0010010110010110111010111100100100011101011010011001111011110101
0010010100011011101000001111000101001110000101100110000110100101
0010011001000010001011010001010101101100001111000111101101000110
0010100100001110100110100010000011100101000010110010110100010101
0010011001000100011111010001110001010100010111100111100100001000
0010001011010100110001010101001001001000011011100111101010110101
0010001101111000010110011100000111110101000010000111011011111111
0010101000110110110010010111000001001000010010110111110100110001
0010000100001010100010000010110001100101000001000110110000100111
0011000111011110010010010010010001110101000111111011001011110101
0110100010001100100011000000100111100010001101011001000011010100
0010001011010000110100111000010011110100101110000010110000100011
0010010111101100110010101010110001000101100010010101110110000001
0010101000011000101010111001000011001000000010111110101010100011
0010001101111100011010001001110111111101101000010010100010101100
0010000100111110101010100111000001100101110011010100111000010010
0010111010010000000101010111000011110111100111100010110101110101
0010111001111011001101110000010001101010000111101110111101011100
0010110000011110101010110110000001100000010001010100110100110101
0010111101000010011111110110100000111001000011110110101111111001
0011001110010000010000101101011000110000110010101101110100101101
0010010111101001101101010001100101011111100110101111011111101010
0010011101011010100011100001111001001110111111101111010000000100
0001110011011111101000100110000111110000010001011101111010100011
0011100000011111101100100000100001100000000011010101101110111000
0010010101011001100101001001011011100101100011000010100010100110
0010111100010110110011011000001011100100110010101101101011101001
0010010101011001100101001001011011100101100011000010100010100110
0011001100110101110101101000000010001100110110000110001110101011
0010001000100100111100010111010110000010010010010101011011011000
0010001110010100101010010101000001000110010101011100011010111001
0000000000110011111001111110001000110011100110010101111110111010
0010101110010100111000011100101011100000100110111100111000110100
0000000000011011011111010010000110011000100011000111101001111010
0010000000111100101000100010100000000111000111110110101110100001
0010111000011011101010001011010110101100001001000010101101001010
0010011000011011111110001011010110101100010001100011001101101000
0010011000011111110110001010010110101100010001000010001101101000
0010010101000111011100000000010111011110010010000100011000011000
0010010110110001111010100010011110001101010100000001010100111111
0010010101111100110011110001110001010101110111101000100111111001
0010000001011010000100010011010101010100010010110001111010100101
0010011011000010010011011001110011011011001010000011111111101010
0110101000100101100101011001000001010011111111100011000100001010
0010111100101101110000011010110100100101011000111110101000000110
0010111010010101100110011001011010101100000110000010111000100010
0010100010010100111001000110101000100010000101100010110111111111
1010110011000110100001101010001111101010000001111001101110100101
0010101101110010010111011000011101101101000111001111110111110110
0010001010011000101010010011101011000000101011010001101011100001
0010001111111000011100110101000001101000000110000010110110110001
0010001101111000011100110001110010100110000011110000000100100011
0010100111011001001010111101011111001100000111011001111101111011
0011011111110100101111110110100000100100001011010001011111111011
0010011001011111110111010010010101101100000011100110001011101010
0010010010100010100011100000011001100110001110100010110101010001
0010100010011100101010111001011001101001010100011111111001011111
0010011000011111110110001010010110101100010001100010001101101000
0010101111011000011000110101101010001010011010110111110100000011
0010010110000110010011111110100111100111010011101101001111101000
0011100010010101110001101110000010100110100101100110011111010001
0010111001010110100000011001001001101100111110010101111000110000
0010101101010100010000000000100010101001110011010100000111101010
0100110011111000110000001111100111111001111001011111110010100101
0010101101100001010111100010110000000111000111110111111010100110
0010001101011100110100001101101111101000001110001111100011000111
0010010110110101101010001011010110100101110011100100110000101100
0110101110000010100000110000100101000011011001011001001011011010
0010011111111110010001001001000011101100110011000110100010111101
0010001111001110111011010011100010011000111110101110100111111101
0010000110000001010000001101011011111100000000010101010011000101
0010011101101110100001001001111101010110111110101010110111101001
0010001001111100110101111001101010100110000111111110101000100001
0010010111011100100001010100110111101110011111001011101111101010
0010110110110001110110111000001001000111000011101000000000111101
0010110010000011001111111101000011001100101110011100100011000011
0010001001001010011001011000011010100111100110001101000011000001
0010001100011100000010010001000001101100010100101110110011100101
0010101010010011111111110101010110010101010010011011111111000110
0010001100111000101101000000110111011100100010001101110010010000
0010001001110000111110010110010111101000000110010101111000101111
0010001101110000101110111000010010101111100110100100111000111001
0011101100000000011011000100101011111110000101010110110110000100
0010100110111010010110110111010001100110100010010010111100100111
0010011010001101100000011100001111000100000010000111111000101000
0010001000001110010110000010010001000101010010100010111001100001
0010000100011100100100001101101100001110000111000010110101110100
0010100000101100011100000000011101100011001101000111111010111000
0010010101010001000011010001111001000001100001000110100010100110
0010101100111001111011000010010101000100001110110111011001100100
0010111011010100110110010101001011101000010110000111111010111111
0010011001111000010001110000101011100111010101000010010001101000
0011000111001000001010010001100110000101001110011111110111000100
0010010100000010111001011010000101010110000011110011101110000100
0010101000000001101010001011111111011100001010110010010001001011
0010001101001001100111110001101111001110111011101000110110100001
0010000000010000110111011000010011001010101110101111101011110010
0010000100011100100110010001000111101100001110001110111111000101
0010000101011011000110111101110000101100011001001101011000010100
0010111101100001110010000010000001001111010110110000100110010010
0010110010010001100011000011111011011010010000110011110001010101
0010001001111000110110111101010010100001100010000000110010110011
0010111010111001000101101001000010101000110011110100100010110001
0010001100111010001000010111101111010110110010010110010011110100
0010001110110110011110011000000001101000011101001011111011111000
0010101010010000110110100101011011000010000100011111011110011100
0010001000101010010001101000010001100110110011000100010001011011
0010011000010110110111011000010001101000010111000110101111111100
0100010111111110111000111111100111100011010000011011001110000011
0100000000101110010111010000000011101001100011000000011011010100
0010110001010100011010110100000101101100000101101101101111110111
0110001101111001010011110001011100011001000010000010001110110101
0010010100010101101110001101100111100110000010111110110010101100
0010111101101011111101010001101110010011010100111110111100011000
0010010000111110011001010101000100001000100011110000110010110100
